abscnseq ascat estimate purbayes
TCGA-2J-AABF-01 0.260730433333333 0.270199255915244 0.28701147444588 0.22832830091834
TCGA-2L-AAQM-01 0.733622689879938 0.670408249738738 0.647195330639653 0.593529343259161
TCGA-FZ-5926-01 0.28701147444588 0.314083090157051 0.303050994660363 0.341626954741866
TCGA-HZ-A9TJ-06 0.425317973024768 0.482644176648758 0.61291446755429 0.46825461034236
TCGA-IB-AAUO-01 0.274603751832368 0.352400772495293 0.452449711636791 0.324254630179744
TCGA-IB-AAUN-01 0.520347662574584 0.478542668506848 0.461527443440508 0.461527443440508
TCGA-US-A774-01 0.171678366666667 0.542021633333333 0.295719577681238 0.38405780557847
TCGA-H8-A6C1-01 0.425317973024768 0.430729766666667 0.407749166666667 0.37682473182035
TCGA-IB-7890-01 0.520347662574584 0.178790433333333 0.291454887142789 0.520347662574584
TCGA-M8-A5N4-01 0.245319714331215 0.356332966666667 0.334971360591822 0.239460763635777
TCGA-FZ-5923-01 0.3730547 0.206378066666667 0.268063204918451 0.230852172645451
TCGA-RB-A7B8-01 0.171678366666667 0.282893810499579 0.302186841939532 0.307945631137177
TCGA-3A-A9IN-01 0.412096942253952 0.566286468249186 0.50007994537686 0.786108566666667
TCGA-3A-A9IJ-01 0.7212724 0.680917605106066 0.786108566666667 0.553578566666667
TCGA-FB-AAPY-01 0.553578566666667 0.37994449348331 0.29933865479133 0.290724833333333
TCGA-FZ-5920-01 0.475816474441387 0.256041497416621 0.348574618127042 0.401409766153523
TCGA-LB-A9Q5-01 0.280342990987336 0.316300510796636 0.314973018574141 0.346862308108521
TCGA-HZ-A49G-01 0.280342990987336 0.25362170687403 0.25362170687403 0.199995466666667
TCGA-F2-A44H-01 0.364233381019146 0.291759376206205 0.263864322813026 0.2144681164337
TCGA-2L-AAQL-01 0.29933865479133 0.303050994660363 0.376107968280618 0.224738301080271
TCGA-HZ-7919-01 0.260730433333333 0.430729766666667 0.388528150078601 0.6318453
TCGA-IB-7889-01 0.171678366666667 0.178790433333333 0.280342990987336 0.186346066666667
TCGA-XN-A8T3-01 0.449034377127037 0.377315836452267 0.37994449348331 0.303050994660363
TCGA-HZ-7925-01 0.346204886174088 0.232377233333333 0.260730433333333 0.293461933649378
TCGA-HV-A7OP-01 0.680917605106066 0.733622689879938 0.7212724 0.7212724
TCGA-HZ-A77Q-01 0.171678366666667 0.228720875054618 0.220034833333333 0.25362170687403
TCGA-HV-A5A5-01 0.22832830091834 0.364233381019146 0.350277660040943 0.479461066073055
TCGA-LB-A8F3-01 0.3730547 0.392496475545866 0.542021633333333 0.244080453862226
TCGA-3A-A9I7-01 0.245319714331215 0.313378900300731 0.352400772495293 0.340288613980529
TCGA-US-A77E-01 0.385433677416124 0.340676566666667 0.455848455381007 0.367696286551075
TCGA-IB-A5SP-01 0.449034377127037 0.623091866666667 0.560069555803699 0.50007994537686
TCGA-XD-AAUL-01 0.346204886174088 0.346862308108521 0.364233381019146 0.316300510796636
TCGA-RL-AAAS-01 0.449034377127037 0.331350233655955 0.238545869859933 0.352400772495293
TCGA-IB-7891-01 0.245319714331215 0.280648778448401 0.2366419 0.379094645379787
TCGA-HV-AA8X-01 0.6318453 0.560069555803699 0.602673593951495 0.475816474441387
TCGA-FZ-5921-01 0.260730433333333 0.178790433333333 0.239460763635777 0.219917333333333
TCGA-H6-A45N-01 0.171678366666667 0.390833166666667 0.290218066666667 0.408218674769896
TCGA-FB-AAQ6-01 0.425317973024768 0.475816474441387 0.566286468249186 0.456172565284933
TCGA-3A-A9I9-01 0.425317973024768 0.385433677416124 0.416331099280023 0.31101827523609
TCGA-HZ-8637-01 0.307945631137177 0.224738301080271 0.1819292 0.218023166666667
TCGA-OE-A75W-01 0.29933865479133 0.657316266666667 0.3743572 0.478542668506848
TCGA-FZ-5919-01 0.385433677416124 0.295719577681238 0.301337466666667 0.220278155282559
TCGA-IB-A6UF-01 0.796491266666667 0.593529343259161 0.531297776098244 0.493617486055168
TCGA-S4-A8RO-01 0.670408249738738 0.575237598811166 0.46825461034236 0.560069555803699
TCGA-US-A77J-01 0.346204886174088 0.256041497416621 0.215556017129231 0.295719577681238
TCGA-3A-A9I5-01 0.412096942253952 0.414051592913844 0.486671477396535 0.318105632540306
TCGA-FB-AAPS-01 0.2366419 0.230852172645451 0.218023166666667 0.2503970693945
TCGA-HZ-8005-01 0.245319714331215 0.218023166666667 0.340288613980529 0.350277660040943
TCGA-HZ-8315-01 0.29933865479133 0.246602315395999 0.283615339090579 0.623091866666667
TCGA-3A-A9IV-01 0.7637965 0.707728107652533 0.635434995360256 0.602673593951495
TCGA-F2-A7TX-01 0.334971360591822 0.395294260997831 0.346862308108521 0.469593060310537
TCGA-FB-AAPU-01 0.542021633333333 0.531601968333103 0.657316266666667 0.531297776098244
TCGA-FZ-5924-01 0.385433677416124 0.602673593951495 0.433734984028455 0.432053866666667
TCGA-IB-AAUQ-01 0.468006433333333 0.38405780557847 0.408218674769896 0.260730433333333
TCGA-HV-A7OL-01 0.412096942253952 0.376107968280618 0.329887043200788 0.367022152152772
TCGA-S4-A8RM-01 0.468006433333333 0.471617497249546 0.51476592359126 0.455848455381007
TCGA-2L-AAQE-01 0.385433677416124 0.435533219197114 0.478542668506848 0.452449711636791
TCGA-FB-AAPQ-01 0.486671477396535 0.461527443440508 0.520347662574584 0.414051592913844
TCGA-HZ-7922-01 0.3730547 0.623091866666667 0.31101827523609 0.58421178646022
TCGA-IB-7646-01 0.412096942253952 0.542021633333333 0.270199255915244 0.819821866666667
TCGA-3A-A9IH-01 0.385433677416124 0.425317973024768 0.482644176648758 0.394795953634333
TCGA-XD-AAUH-01 0.171678366666667 0.252578361462509 0.246602315395999 0.276348647224481
TCGA-F2-A44G-01 0.425317973024768 0.276348647224481 0.412096942253952 0.291759376206205
TCGA-IB-AAUU-01 0.580210528685796 0.470506849871487 0.414051592913844 0.444879533333333
TCGA-HZ-7289-01 0.486671477396535 0.643122666666667 0.733622689879938 0.61291446755429
TCGA-IB-A7LX-01 0.580210528685796 0.58421178646022 0.575237598811166 0.643122666666667
TCGA-FB-A4P5-01 0.268063204918451 0.356332966666667 0.224738301080271 0.2624208
TCGA-IB-7654-01 0.425317973024768 0.40707037231577 0.394795953634333 0.360084620949404
TCGA-2J-AAB4-01 0.401409766153523 0.368462817931192 0.418109647944475 0.282893810499579
TCGA-2J-AABE-01 0.280342990987336 0.340288613980529 0.37682473182035 0.331350233655955
TCGA-S4-A8RP-01 0.401409766153523 0.408218674769896 0.379094645379787 0.416717647843216
TCGA-FB-A4P6-01 0.38405780557847 0.40707037231577 0.360084620949404 0.395294260997831
TCGA-FB-A545-01 0.507188479573945 0.819821866666667 0.623091866666667 0.707728107652533
TCGA-HZ-8003-01 0.245319714331215 0.245738899451486 0.232377233333333 0.263864322813026
TCGA-2L-AAQA-01 0.819821866666667 0.61291446755429 0.531601968333103 0.507188479573945
TCGA-HZ-7920-01 0.28701147444588 0.232377233333333 0.252578361462509 0.300299906535663
TCGA-2J-AABK-01 0.171678366666667 0.388528150078601 0.580210528685796 0.388528150078601
TCGA-PZ-A5RE-01 0.51476592359126 0.5244051 0.321837587294722 0.471617497249546
TCGA-HV-A5A3-01 0.733622689879938 0.7212724 0.529654856793673 0.4895644
TCGA-IB-A5SO-01 0.29933865479133 0.268063204918451 0.256558609176464 0.215556017129231
TCGA-IB-AAUM-01 0.28701147444588 0.367022152152772 0.420274233199032 0.385433677416124
TCGA-IB-7645-01 0.171678366666667 0.2144681164337 0.199995466666667 0.270199255915244
TCGA-FB-AAQ0-01 0.609168666666667 0.520347662574584 0.6318453 0.433734984028455
TCGA-IB-7887-01 0.340288613980529 0.186346066666667 0.38405780557847 0.280342990987336
TCGA-RB-AA9M-01 0.643122666666667 0.426593653061886 0.462668351030153 0.171678366666667
TCGA-HZ-8001-01 0.307945631137177 0.238545869859933 0.228720875054618 0.179039766666667
TCGA-IB-AAUV-01 0.307945631137177 0.238242200502455 0.186346066666667 0.256041497416621
TCGA-FB-A78T-01 0.3730547 0.623091866666667 0.451842746618525 0.412096942253952
TCGA-2J-AABP-01 0.244080453862226 0.220278155282559 0.22832830091834 0.193659733333333
TCGA-F2-6880-01 0.171678366666667 0.295719577681238 0.707728107652533 0.220034833333333
TCGA-HZ-7918-01 0.307945631137177 0.246602315395999 0.220278155282559 0.301337466666667
TCGA-HZ-A9TJ-01 0.449034377127037 0.529654856793673 0.553578566666667 0.680917605106066
TCGA-YH-A8SY-01 0.356332966666667 0.346204886174088 0.346204886174088 0.314973018574141
TCGA-IB-7647-01 0.356332966666667 0.295719577681238 0.263682535119281 0.252578361462509
TCGA-3A-A9IS-01 0.449034377127037 0.416331099280023 0.385433677416124 0.418109647944475
TCGA-3A-A9J0-01 0.475816474441387 0.433734984028455 0.417405810306504 0.432942120079681
TCGA-HV-AA8V-01 0.28701147444588 0.2880182949704 0.316300510796636 0.206378066666667
TCGA-HZ-A4BH-01 0.461527443440508 0.256041497416621 0.291759376206205 0.5244051
TCGA-XN-A8T5-01 0.171678366666667 0.245319714331215 0.238242200502455 0.262629584076468
TCGA-FB-AAQ2-01 0.475816474441387 0.479461066073055 0.609168666666667 0.420274233199032
TCGA-IB-7885-01 0.171678366666667 0.239460763635777 0.2624208 0.196580333333333
TCGA-3A-A9IC-01 0.566286468249186 0.417405810306504 0.367696286551075 0.334971360591822
TCGA-FB-AAPZ-01 0.623091866666667 0.531297776098244 0.3730547 0.670408249738738
TCGA-IB-AAUW-01 0.28701147444588 0.341626954741866 0.356332966666667 0.358691998180425
TCGA-Q3-A5QY-01 0.364233381019146 0.218023166666667 0.179039766666667 0.256558609176464
TCGA-3A-A9IU-01 0.486671477396535 0.476814893862344 0.470506849871487 0.486671477396535
TCGA-IB-A5SQ-01 0.171678366666667 0.246391131419541 0.282893810499579 0.1819292
TCGA-3A-A9IR-01 0.3730547 0.588517271229014 0.796491266666667 0.7637965
TCGA-F2-7273-01 0.307945631137177 0.268475168993179 0.230852172645451 0.29933865479133
TCGA-HV-A5A6-01 0.542021633333333 0.4895644 0.493617486055168 0.542021633333333
TCGA-Z5-AAPL-01 0.22832830091834 0.215556017129231 0.2144681164337 0.238242200502455
TCGA-IB-AAUS-01 0.29933865479133 0.31101827523609 0.171678366666667 0.588517271229014
TCGA-2J-AABT-01 0.340288613980529 0.302186841939532 0.290724833333333 0.280648778448401
TCGA-IB-A6UG-01 0.340288613980529 0.379420306722634 0.507188479573945 0.268063204918451
TCGA-3A-A9IB-01 0.412096942253952 0.367696286551075 0.340676566666667 0.348574618127042
TCGA-F2-7276-01 0.412096942253952 0.3730547 0.246391131419541 0.364233381019146
TCGA-2J-AAB9-01 0.461527443440508 0.412096942253952 0.358691998180425 0.40707037231577
TCGA-IB-7893-01 0.356332966666667 0.199995466666667 0.262629584076468 0.263682535119281
TCGA-HZ-8317-01 0.28701147444588 0.314973018574141 0.40707037231577 0.2366419
TCGA-LB-A7SX-01 0.580210528685796 0.507188479573945 0.593529343259161 0.435533219197114
TCGA-HZ-7924-01 0.321837587294722 0.290218066666667 0.476814893862344 0.609168666666667
TCGA-IB-A5ST-01 0.171678366666667 0.215921422075141 0.215921422075141 0.238545869859933
TCGA-HV-A5A4-01 0.3730547 0.3730547 0.392496475545866 0.470506849871487
TCGA-HZ-A8P1-01 0.643122666666667 0.580210528685796 0.588517271229014 0.529654856793673
TCGA-HZ-A77O-01 0.274603751832368 0.379094645379787 0.471617497249546 0.379420306722634
TCGA-3E-AAAZ-01 0.274603751832368 0.37682473182035 0.475816474441387 0.3730547
TCGA-US-A779-01 0.566286468249186 0.542021633333333 0.680917605106066 0.426593653061886
TCGA-F2-A8YN-01 0.425317973024768 0.441721945969893 0.441721945969893 0.468006433333333
TCGA-IB-A7M4-01 0.529654856793673 0.456172565284933 0.456172565284933 0.417405810306504
TCGA-FB-AAQ1-01 0.425317973024768 0.394795953634333 0.444879533333333 0.290218066666667
TCGA-2J-AAB6-01 0.529654856793673 0.455848455381007 0.416717647843216 0.449034377127037
TCGA-HZ-8636-01 0.346204886174088 0.218023166666667 0.293461933649378 0.368462817931192
TCGA-FB-AAPP-01 0.7637965 0.745260892795446 0.819821866666667 0.635434995360256
TCGA-3A-A9IL-01 0.50007994537686 0.491719920563874 0.58421178646022 0.482644176648758
TCGA-IB-7649-01 0.245319714331215 0.256041497416621 0.244080453862226 0.544575233333333
TCGA-HZ-A49H-01 0.268063204918451 0.321837587294722 0.248951333333333 0.228720875054618
TCGA-3A-A9IO-01 0.475816474441387 0.50007994537686 0.7637965 0.430729766666667
TCGA-2J-AABH-01 0.529654856793673 0.46825461034236 0.468006433333333 0.425317973024768
TCGA-XD-AAUG-01 0.171678366666667 0.274603751832368 0.274603751832368 0.302186841939532
TCGA-3A-A9IZ-01 0.425317973024768 0.469593060310537 0.544575233333333 0.462668351030153
TCGA-2J-AABO-01 0.364233381019146 0.51476592359126 0.435533219197114 0.796491266666667
TCGA-FB-A5VM-01 0.401409766153523 0.256041497416621 0.313378900300731 0.28701147444588
TCGA-IB-7888-01 0.346204886174088 0.307945631137177 0.206378066666667 0.451842746618525
TCGA-2J-AAB8-01 0.307945631137177 0.318105632540306 0.377315836452267 0.245738899451486
TCGA-IB-7897-01 0.22832830091834 0.22832830091834 0.219917333333333 0.246602315395999
TCGA-HZ-7923-01 0.307945631137177 0.295719577681238 0.193659733333333 0.2880182949704
TCGA-3E-AAAY-01 0.171678366666667 0.244080453862226 0.276348647224481 0.178790433333333
TCGA-YB-A89D-01 0.268063204918451 0.275668907363335 0.275668907363335 0.248951333333333
TCGA-H6-8124-01 0.602673593951495 0.786108566666667 0.5244051 0.566286468249186
TCGA-Q3-AA2A-01 0.364233381019146 0.418109647944475 0.449034377127037 0.432727633333333
TCGA-XD-AAUI-01 0.385433677416124 0.348574618127042 0.368462817931192 0.268475168993179
TCGA-2J-AABI-01 0.493617486055168 0.486671477396535 0.395294260997831 0.575237598811166
TCGA-IB-7644-01 0.468006433333333 0.7637965 0.430729766666667 0.531601968333103
TCGA-US-A77G-01 0.28701147444588 0.444879533333333 0.643122666666667 0.37994449348331
TCGA-IB-AAUP-01 0.3730547 0.263682535119281 0.196580333333333 0.291454887142789
TCGA-IB-AAUR-01 0.657316266666667 0.360084620949404 0.178790433333333 0.376107968280618
TCGA-HZ-8638-01 0.425317973024768 0.451842746618525 0.4895644 0.441721945969893
TCGA-3A-A9IX-01 0.171678366666667 0.2503970693945 0.245738899451486 0.274603751832368
TCGA-HZ-7926-01 0.171678366666667 0.430729766666667 0.432727633333333 0.580210528685796
TCGA-IB-AAUT-01 0.28701147444588 0.280342990987336 0.256041497416621 0.275668907363335
TCGA-2J-AABA-01 0.245319714331215 0.324254630179744 0.401409766153523 0.314083090157051
TCGA-HZ-8002-01 0.321837587294722 0.293461933649378 0.2503970693945 0.321837587294722
TCGA-US-A776-01 0.609168666666667 0.647195330639653 0.745260892795446 0.745260892795446
TCGA-2J-AABV-01 0.580210528685796 0.493617486055168 0.479461066073055 0.491719920563874
TCGA-IB-8126-01 0.3730547 0.334971360591822 0.245319714331215 0.390833166666667
TCGA-IB-7651-01 0.22832830091834 0.171678366666667 0.280648778448401 0.246391131419541
TCGA-HZ-A4BK-01 0.2366419 0.290218066666667 0.367022152152772 0.232377233333333
TCGA-2J-AABU-01 0.553578566666667 0.452449711636791 0.425317973024768 0.407749166666667
TCGA-2L-AAQJ-01 0.468006433333333 0.416717647843216 0.426593653061886 0.377315836452267
TCGA-IB-7886-01 0.412096942253952 0.602673593951495 0.324254630179744 0.392496475545866
TCGA-FB-A7DR-01 0.280342990987336 0.420274233199032 0.341626954741866 0.647195330639653
TCGA-YY-A8LH-01 0.321837587294722 0.462668351030153 0.670408249738738 0.476814893862344
TCGA-HZ-A77P-01 0.260730433333333 0.283615339090579 0.318105632540306 0.245319714331215
TCGA-HZ-A49I-01 0.475816474441387 0.193659733333333 0.314083090157051 0.329887043200788
TCGA-F2-6879-01 0.635434995360256 0.786108566666667 0.432942120079681 0.51476592359126
TCGA-HZ-8519-01 0.2366419 0.263864322813026 0.300299906535663 0.215921422075141
TCGA-2J-AABR-01 0.260730433333333 0.28701147444588 0.268475168993179 0.313378900300731
TCGA-2J-AAB1-01 0.245319714331215 0.432942120079681 0.390833166666667 0.657316266666667
TCGA-HZ-A8P0-01 0.245319714331215 0.350277660040943 0.432053866666667 0.3743572
TCGA-IB-7652-01 0.2366419 0.193659733333333 0.2880182949704 0.356332966666667
TCGA-FB-AAQ3-01 0.245319714331215 0.329887043200788 0.379420306722634 0.346204886174088
TCGA-2L-AAQI-01 0.401409766153523 0.401409766153523 0.491719920563874 0.283615339090579
TCGA-IB-A5SS-01 0.468006433333333 0.468006433333333 0.307945631137177 0.416331099280023
TCGA-FZ-5922-01 0.707728107652533 0.444879533333333 0.469593060310537 0.340676566666667
TCGA-IB-8127-01 0.321837587294722 0.290218066666667 0.331350233655955 0.733622689879938
