abscnseq ascat estimate purbayes
TCGA-BP-5176-01 0.32 0.37 0.679335974854 0.5017513
TCGA-DV-5568-01 0.62 0.54 0.589030462206 0.5431648
TCGA-BP-5008-01 0.33 0.79 0.533154140295 0.3710906
TCGA-AK-3451-01 0.45 0.54 0.631668625089 0.537294591325049
TCGA-B4-5835-01 0.43 0.57 0.769946370938 0.5407031
TCGA-DV-A4VX-01 0.53 0.66 0.794656395686 0.7469907
TCGA-CJ-4638-01 0.4 0.59 0.807059813324 0.6263015
TCGA-B0-5110-01 0.37 0.5 0.629098461401 0.4704461
TCGA-A3-3347-01 0.58 0.21 0.432552618685 0.3657651
TCGA-B0-5705-01 0.47 0.55 0.678447099621 0.5529523
TCGA-BP-4962-01 0.2 0.51 0.472226647577 0.3671773
TCGA-A3-3351-01 0.38 0.54 0.513324680768 0.4329532
TCGA-BP-4983-01 0.34 0.54 0.507699962838 0.2156601
TCGA-BP-4760-01 0.33 0.42 0.758739943845 0.5607232
TCGA-B0-4827-01 0.21 0.24 0.507324804491 0.3530815
TCGA-A3-3308-01 0.32 0.39 0.606416057718 0.4073359
TCGA-G6-A8L6-01 0.52 0.535544640709424 0.62329185675 0.6284655
TCGA-B0-5699-01 0.62 0.69 0.714909193913 0.6674543
TCGA-B0-5081-01 0.32 0.5 0.384939440996 0.205235
TCGA-CZ-5470-01 0.45 0.55 0.588649718441 0.5837179
TCGA-CZ-5455-01 0.46 0.52 0.526398036562 0.9406725
TCGA-B0-4811-01 0.37 0.35 0.716764021069 0.5301915
TCGA-A3-3316-01 0.32 0.42 0.552903106126 0.5769162
TCGA-DV-5566-01 0.66 0.41 0.729888392694 0.5335603
TCGA-BP-5201-01 0.47 0.59 0.635992295043 0.6496756
TCGA-CJ-6027-01 0.29 0.57 0.553557236864 0.4829956
TCGA-A3-3313-01 0.74 0.68 0.841960050754 0.6632891
TCGA-BP-4964-01 0.42 0.61 0.638368823025 0.5595908
TCGA-G6-A8L8-01 0.56 0.630527091880483 0.813734727985 0.7611015
TCGA-BP-4975-01 0.51 0.57 0.650535653074 0.4998991
TCGA-CJ-4639-01 0.38 0.58 0.605144320243 0.4888671
TCGA-BP-5183-01 0.6 0.61 0.659932043089 0.5994903
TCGA-CW-5583-01 0.62 0.58255330772185 0.717592451142 0.6391297
TCGA-CJ-6033-01 0.37 0.49 0.627486659909 0.4886177
TCGA-B2-5633-01 0.41 0.33 0.604008393025 0.5277005
TCGA-BP-5178-01 0.41 0.42 0.55804081271 0.8390591
TCGA-B8-5162-01 0.55 0.36 0.289175601886 0.3229336
TCGA-BP-4163-01 0.92 0.53 0.610798027015 0.4806335
TCGA-AK-3447-01 0.45 0.77 0.886570415541 0.6965495
TCGA-B0-5099-01 0.69 0.5 0.850917821668 0.6439767
TCGA-B8-A54E-01 0.25 0.36 0.855979577647 0.2950478
TCGA-BP-4970-01 0.31 0.54 0.464887820037 0.387426
TCGA-B2-4102-01 0.49 0.49 0.589720209783 0.4264764
TCGA-B2-3923-01 0.57 0.76 0.891352115036 0.6301314
TCGA-CJ-5676-01 0.44 0.28 0.526981788542 0.6987953
TCGA-CJ-5680-01 0.63 0.64 0.725141365299 0.6364399
TCGA-CJ-4908-01 0.25 0.3 0.594453209118 0.4248014
TCGA-MM-A564-01 0.35 0.37 0.696193648324 0.5489688
TCGA-B2-4101-01 0.27 0.45 0.544723859122 0.4292502
TCGA-BP-5169-01 0.23 0.36 0.537092348972 0.6729026
TCGA-B0-4815-01 0.57 0.22 0.460418150401 0.337055
TCGA-B0-5709-01 0.58 0.35 0.383578983003 0.2934782
TCGA-B2-5636-01 0.472406242591823 0.529660016460181 0.681109351486 0.558086011190305
TCGA-BP-5010-01 0.43 0.4 0.5835509328 0.6856538
TCGA-BP-4991-01 0.25 0.6 0.644305518602 0.5022138
TCGA-BP-5000-01 0.29 0.57 0.562236895605 0.4192366
TCGA-BP-5182-01 0.31 0.28 0.40493134035 0.3918223
TCGA-BP-5174-01 0.31 0.58 0.730684481153 0.5072637
TCGA-B8-A54G-01 0.4 0.5 0.512830435881 0.5110073
TCGA-B0-5109-01 0.3 0.26 0.621713186728 0.4598165
TCGA-CZ-5456-01 0.49 0.57 0.595380957675 0.4326202
TCGA-B0-4842-01 0.2 0.4 0.555410272776 0.3072206
TCGA-CJ-5678-01 0.57 0.57 0.547963866699 0.5204495
TCGA-B0-5094-01 0.44 0.44 0.787222913059 0.5807801
TCGA-A3-3380-01 0.38 0.43 0.65569329004 0.5032712
TCGA-AK-3455-01 0.37 0.55 0.641983148119 0.5181143
TCGA-B0-4698-01 0.37 0.31 0.655869763181 0.6329436
TCGA-A3-A8OX-01 0.24 0.360803552157463 0.5686511682 0.1304457
TCGA-BP-5196-01 0.4 0.38 0.580865817717 0.4606484
TCGA-BP-4161-01 0.46 0.64 0.54434347877 0.6584508
TCGA-A3-3383-01 0.34 0.63 0.601233064804 0.5838501
TCGA-MM-A84U-01 0.26 0.451371877948645 0.610128012481 0.4566568
TCGA-A3-3319-01 0.42 0.55 0.704421634754 0.563263200880247
TCGA-B0-5695-01 0.76 0.64 0.724697671264 0.6710988
TCGA-B0-5696-01 0.51 0.49 0.717425546057 0.4989735
TCGA-B0-5402-01 0.59 0.43 0.649191810986 0.6009424
TCGA-BP-4988-01 0.21 0.71 0.461869476275 0.1295732
TCGA-BP-5198-01 0.49 0.33 0.527467850142 0.4401712
TCGA-CZ-5452-01 0.47 0.23 0.535365041851 0.3441871
TCGA-BP-5006-01 0.29 0.47 0.673897354763 0.4579578
TCGA-B8-5546-01 0.67 0.3 0.904977494154 0.746151
TCGA-B8-4154-01 0.48 0.66 0.606850745628 0.6415373
TCGA-B0-4945-01 0.45 0.27 0.700382767295 0.3593445
TCGA-CJ-4641-01 0.3 0.362815169529354 0.452177003152 0.2538549
TCGA-B0-5116-01 0.3 0.49 0.757774446629 0.7554871
TCGA-B8-5550-01 0.55 0.28 0.554834513325 0.3624128
TCGA-B8-4621-01 0.42 0.58 0.75301226808 0.5636935
TCGA-CZ-5985-01 0.43 0.63 0.604411154974 0.5892197
TCGA-A3-A6NN-01 0.48 0.504241380085945 0.597420309785 0.5537946
TCGA-CW-5585-01 0.54 0.73 0.788814563736 0.7325806
TCGA-CJ-4916-01 0.28 0.25 0.469297852307 0.3659825
TCGA-B8-5158-01 0.55 0.39 0.60241225926 0.26044
TCGA-CZ-5986-01 0.37 0.7 0.719931747812 0.6154396
TCGA-A3-3365-01 0.27 0.41 0.604452358178 0.3637021
TCGA-BP-4987-01 0.45 0.6 0.647508263755 0.4648415
TCGA-AK-3436-01 0.53 0.57 0.739214635798 0.8946918
TCGA-B8-A54H-01 0.36 0.456820084057955 0.668970976449 0.3333009
TCGA-A3-3374-01 0.45 0.56 0.650247401371 0.551117292121653
TCGA-A3-A8CQ-01 0.33 0.52070558948447 0.694784583423 0.5982106
TCGA-DV-5573-01 0.38 0.34 0.542177111732 0.4854954
TCGA-B0-5702-01 0.31 0.31 0.591645367748 0.5065414
TCGA-B0-5095-01 0.24 0.35 0.541129153465 0.3357172
TCGA-CZ-5982-01 0.34 0.56 0.745321831143 0.5834469
TCGA-BP-4795-01 0.64 0.43 0.539123357611 0.387758
TCGA-B4-5838-01 0.42 0.39 0.704688169692 0.950852
TCGA-B2-3924-01 0.61 0.3 0.625271587851 0.4018472
TCGA-BP-4801-01 0.3 0.48 0.493016150289 0.4154972
TCGA-BP-4973-01 0.42 0.69 0.647991916647 0.6090476
TCGA-CJ-4905-01 0.35 0.56 0.598474018997 0.545343
TCGA-B0-5121-01 0.38 0.53 0.601460671443 0.507889396071588
TCGA-CJ-4869-01 0.27 0.39 0.485249386234 0.362999
TCGA-CW-6093-01 0.35 0.41 0.68419318598 0.4975013
TCGA-BP-5186-01 0.38 0.53 0.687296780231 0.4789044
TCGA-EU-5904-01 0.41 0.58 0.630929222796 0.4729668
TCGA-AK-3444-01 0.38 0.65 0.704070116214 0.591673
TCGA-BP-5185-01 0.45 0.61 0.715601685045 0.8076117
TCGA-BP-5190-01 0.5 0.61 0.740810726852 0.5772528
TCGA-CJ-5683-01 0.5 0.67 0.716475704117 0.6195225
TCGA-B0-5096-01 0.26 0.43 0.577257674802 0.3818741
TCGA-CZ-5457-01 0.67 0.45 0.64038334137 0.7327659
TCGA-B0-5077-01 0.46 0.49 0.699023217282 0.5549024
TCGA-BP-5181-01 0.66 0.66 0.668971525512 0.6485102
TCGA-CW-5587-01 0.59 0.442585932524484 0.471127241885 0.3781701
TCGA-A3-A6NL-01 0.51 0.495116699341823 0.622647544508403 0.4596949
TCGA-A3-A8OU-01 0.46 0.510329894486763 0.648305738834 0.5260396
TCGA-EU-5906-01 0.35 0.36 0.622529182318 0.4609467
TCGA-B0-4821-01 0.38 0.56 0.76521831337 0.5429427
TCGA-A3-3326-01 0.53 0.37 0.568460755297 0.5270651
TCGA-B0-4816-01 0.9 0.46 0.523667159903 0.4326826
TCGA-BP-5007-01 0.55 0.81 0.671268901279 0.6284082
TCGA-B0-4712-01 0.26 0.47 0.540087829918 0.3881267
TCGA-B0-5713-01 0.39 0.41 0.67928239187 0.5296118
TCGA-BP-4967-01 0.55 0.67 0.739918811189 0.642478390084257
TCGA-B0-5100-01 0.3 0.42 0.702942210376 0.5831954
TCGA-B8-A54I-01 0.36 0.392480218230763 0.56142474475 0.1962162
TCGA-CZ-4866-01 0.34 0.54 0.727812118129 0.9057125
TCGA-CJ-4643-01 0.47 0.33 0.565621119779 0.4871805
TCGA-CW-5588-01 0.51 0.38 0.529202601495 0.4027788
TCGA-CW-5591-01 0.64 0.49 0.789410159451 0.4708169
TCGA-B8-5164-01 0.65 0.26 0.47029759636 0.3800438
TCGA-B0-5712-01 0.48 0.72 0.7932032317 0.6342158
TCGA-B0-5692-01 0.57 0.57 0.599131199892 0.5288773
TCGA-CZ-5461-01 0.37 0.63 0.572240528873 0.5717216
TCGA-B2-5641-01 0.36 0.43 0.521338051468 0.4066286
TCGA-B0-5703-01 0.46 0.62 0.723822245161 0.6125129
TCGA-BP-4982-01 0.35 0.74 0.559903419094 0.4080126
TCGA-CJ-4634-01 0.93 0.66 0.660135301688 0.6242809
TCGA-CJ-4637-01 0.43 0.23 0.38800719747 0.223955
TCGA-B8-5553-01 0.7 0.3 0.573016918864 0.3972934
TCGA-MM-A563-01 0.5 0.56 0.450464640448 0.5917835
TCGA-B2-4099-01 0.67 0.44 0.598354270349 0.6191004
TCGA-A3-3362-01 0.37 0.48 0.676770977084 0.3469021
TCGA-B0-5097-01 0.23 0.43 0.480167089095 0.3277252
TCGA-AK-3453-01 0.38 0.73 0.907998336398 0.6733131
TCGA-B0-4823-01 0.34 0.55 0.552633560696 0.5332775
TCGA-DV-5569-01 0.63 0.61 0.612661895644 0.4293907
TCGA-A3-A6NI-01 0.41 0.532550894614988 0.684515952359 0.6088681
TCGA-BP-4177-01 0.35 0.551089329888721 0.792179677527 0.5869439
TCGA-DV-A4VZ-01 0.33 0.59 0.872721972653 0.737061
TCGA-CJ-5682-01 0.74 0.59 0.6140110285 0.9272787
TCGA-B0-5120-01 0.35 0.33 0.575360592948 0.5017565
TCGA-CJ-4920-01 0.33 0.58 0.628103479217 0.5353437
TCGA-BP-5192-01 0.51 0.71 0.800927648224 0.6939322
TCGA-CJ-6030-01 0.32 0.51 0.464067267042 0.4461571
TCGA-B4-5832-01 0.3 0.32 0.576172243271 0.2499391
TCGA-B8-4146-01 0.35 0.72 0.63690244774 0.6047451
TCGA-B0-5399-01 0.58 0.58 0.594271568613 0.54912
TCGA-B0-4700-01 0.51 0.2 0.399544498145 0.1751835
TCGA-BP-5173-01 0.4 0.45 0.612005581245 0.6213696
TCGA-B8-5549-01 0.67 0.4 0.639403353651 0.6287513
TCGA-B0-5812-01 0.27 0.52 0.576909121303 0.3870261
TCGA-CZ-5469-01 0.51 0.58 0.762656686307 0.614293411592019
TCGA-CZ-4853-01 0.55 0.51 0.749583504059 0.7262175
TCGA-DV-5574-01 0.31 0.351237129176354 0.423308347783 0.2350602
TCGA-B0-5706-01 0.67 0.45 0.546626562404 0.7186591
TCGA-BP-4961-01 0.28 0.57 0.667618032439 0.4365603
TCGA-B8-4620-01 0.88 0.6 0.561103359296 0.9514182
TCGA-A3-3372-01 0.55 0.49 0.626669907751 0.4329365
TCGA-BP-5177-01 0.35 0.32 0.637117754053 0.4279993
TCGA-B0-5088-01 0.3 0.396605272565233 0.536706357577 0.2883524
TCGA-CJ-4902-01 0.25 0.4 0.503583356787 0.9764183
TCGA-BP-4994-01 0.31 0.5 0.798341630251 0.50654808
TCGA-B0-4706-01 0.59 0.63 0.724716593572 0.6000934
TCGA-B0-4852-01 0.6 0.52 0.683773839233 0.6346858
TCGA-CW-6097-01 0.3 0.342442388956137 0.432018630279 0.1918715
TCGA-CJ-5689-01 0.34 0.413794134346939 0.49177946419 0.396059
TCGA-CZ-5459-01 0.53 0.61 0.682914958667 0.5915938
TCGA-B0-5092-01 0.2 0.38 0.4987774642 0.2977351
TCGA-A3-3376-01 0.23 0.33 0.516392037791 0.2033423
TCGA-DV-A4W0-05 0.45 0.611106889204079 0.882541983971 0.659665998768112
TCGA-CJ-5675-01 0.42 0.54 0.555123017781 0.4864012
TCGA-CJ-4918-01 0.3 0.36 0.482746262682 0.3080334
TCGA-BP-5009-01 0.43 0.477209687322727 0.571475337569 0.5047157
TCGA-B0-5690-01 0.52 0.49 0.606312971458 0.4513115
TCGA-BP-5191-01 0.5 0.26 0.532328397603 0.5535713
TCGA-BP-4985-01 0.5 0.4 0.650481750584 0.9148335
TCGA-CJ-5672-01 0.38 0.53 0.50561858309 0.469915147465668
TCGA-B0-5075-01 0.35 0.63 0.614194205011 0.5067889
TCGA-BP-4977-01 0.57 0.42 0.677541792755 0.6830945
TCGA-DV-5576-01 0.61 0.41 0.861053562765 0.6404909
TCGA-A3-3346-01 0.42 0.26 0.661898907841 0.707635
TCGA-BP-4782-01 0.28 0.3 0.584952925245 0.4070025
TCGA-B8-A8YJ-01 0.74 0.521319375921364 0.428927114533 0.6755698
TCGA-B4-5377-01 0.65 0.69 0.664529018228 0.649444
TCGA-AK-3426-01 0.59 0.22 0.366537626933 0.3149043
TCGA-B4-5378-01 0.61 0.590215229159615 0.765521777035 0.6153477
TCGA-BP-5195-01 0.29 0.45 0.571484791558 0.4226346
TCGA-BP-5202-01 0.28 0.63 0.697742639644 0.616657
TCGA-B0-5698-01 0.44 0.69 0.600377323947 0.6480584
TCGA-AK-3465-01 0.54 0.58 0.890042719542 0.7580995
TCGA-CJ-4900-01 0.2 0.394118961346359 0.499176240505 0.3961451
TCGA-DV-A4W0-01 0.39 0.54 0.759554144903 0.5831684
TCGA-B8-4622-01 0.31 0.55 0.580770328611 0.5370904
TCGA-BP-5168-01 0.28 0.58 0.712835080593 0.5606249
TCGA-BP-4976-01 0.5 0.52 0.735558320791 0.6616549
TCGA-B0-5080-01 0.58 0.31 0.488954891199 0.3066176
TCGA-G6-A5PC-01 0.32 0.503603667686257 0.711325360136 0.5082904
TCGA-A3-3349-01 0.36 0.44 0.566764564997 0.4494061
TCGA-CW-5580-01 0.41 0.58 0.644717372375 0.564244
TCGA-CJ-4913-01 0.23 0.5 0.53871624754624 0.2467697
TCGA-AK-3458-01 0.56 0.64 0.713702788499 0.6096976
TCGA-CZ-5454-01 0.57 0.75 0.549200823466 0.1953472
TCGA-CZ-5466-01 0.51 0.24 0.534202276981 0.3892852
TCGA-B4-5836-01 0.36 0.32 0.594973286224 0.4024928
TCGA-BP-5200-01 0.5 0.42 0.536755076108 0.471066210639975
TCGA-B0-5697-01 0.53 0.26 0.571567140912 0.3907604
TCGA-A3-3357-01 0.39 0.55 0.661050047733 0.5713913
TCGA-BP-5170-01 0.28 0.48 0.579213142381 0.4864285
TCGA-CZ-4865-01 0.33 0.43 0.550320684342 0.3927789
TCGA-A3-3311-01 0.38 0.51 0.586905748842 0.5273923
TCGA-BP-5004-01 0.43 0.64 0.698404053089 0.4555628
TCGA-BP-5194-01 0.46 0.42 0.627633314209 0.6226107
TCGA-B0-5107-01 0.46 0.4 0.749855966246 0.3529082
TCGA-B0-5098-01 0.52 0.69 0.962873144344 0.731190030632776
TCGA-B0-5108-01 0.57 0.41 0.397386215102 0.3843356
TCGA-CZ-5462-01 0.98 0.45 0.661126880305 0.4281729
TCGA-BP-4162-01 0.93 0.53 0.558364432325 0.4750367
TCGA-B4-5843-01 0.56 0.73 0.718593919709 0.6563881
TCGA-CZ-5984-01 0.66 0.67 0.65158352136 0.571516
TCGA-CW-6087-01 0.3 0.25 0.392287233252 0.1764843
TCGA-A3-3358-01 0.31 0.52 0.520138914274 0.4449271
TCGA-DV-5575-01 0.37 0.51 0.599816489724 0.5039914
TCGA-A3-3320-01 0.37 0.7 0.698448335032 0.6476874
TCGA-CZ-5467-01 0.48 0.66 0.691151477334 0.6715145
TCGA-AK-3456-01 0.29 0.55 0.791819985864 0.6809262
TCGA-B8-5163-01 0.42 0.38 0.359405423337 0.5827012
TCGA-CW-5581-01 0.45 0.53 0.740009188528 0.4850899
TCGA-B2-5635-01 0.63 0.48 0.603869845285 0.9525079
TCGA-CJ-4912-01 0.39 0.41 0.741625442948 0.526685541565934
TCGA-MW-A4EC-01 0.57 0.61 0.721638161928 0.5836396
TCGA-BP-4971-01 0.35 0.71 0.467158094308 0.3006265
TCGA-A3-A6NJ-01 0.2 0.377115082926531 0.554820737585 0.2475287
TCGA-CJ-4882-01 0.38 0.3 0.461264278615 0.1998935
TCGA-BP-5187-01 0.26 0.27 0.653326180058 0.7672074
TCGA-CJ-5681-01 0.48 0.75 0.855010690848 0.7324384
TCGA-CZ-5464-01 0.63 0.33 0.498179068871 0.4334264
TCGA-AS-3778-01 0.48 0.47 0.662046449192 0.532803723237296
TCGA-B4-5834-01 0.45 0.57 0.656324320277 0.3759587
TCGA-AK-3443-01 0.52 0.77 0.963845987801 0.8076656
TCGA-BP-4989-01 0.54 0.26 0.410068472503 0.4046518
TCGA-B8-5545-01 0.29 0.51 0.509770024946 0.2954189
TCGA-BP-4167-01 0.35 0.21 0.351091337971 0.2257349
TCGA-BP-5175-01 0.42 0.44 0.657386797848 0.6807018
TCGA-CZ-4863-01 0.58 0.22 0.536761996876 0.3331245
TCGA-A3-3382-01 0.57 0.53 0.657825620588 0.568780078359847
TCGA-CJ-4644-01 0.44 0.64 0.561111990801 0.4825567
TCGA-G6-A8L7-01 0.38 0.519405201789719 0.768800393842 0.4593475
TCGA-B8-A54F-01 0.32 0.64 0.624639619421 0.6006331
TCGA-B0-5694-01 0.58 0.58 0.64530680188 0.6227252
TCGA-BP-5180-01 0.81 0.72 0.679267194211 0.6916231
TCGA-A3-3367-01 0.39 0.45 0.669726870465 0.6247398
TCGA-B8-4143-01 0.54 0.58 0.533041960763 0.538974
TCGA-BP-4968-01 0.5 0.6 0.595347706021 0.5414158
TCGA-CJ-4640-01 0.8 0.46 0.521085603345 0.2273885
TCGA-BP-4770-01 0.52 0.48 0.538103811856 0.495043763801161
TCGA-CJ-4899-01 0.22 0.39 0.583461239171 0.339222
TCGA-CW-5584-01 0.57 0.54 0.640801869333 0.4742582
TCGA-B0-5084-01 0.74 0.78 0.820463079556 0.7578129
TCGA-B8-A54J-01 0.3 0.578895143189219 0.631630392394 0.957195
TCGA-CZ-5987-01 0.47 0.68 0.666990696598 0.6399829
TCGA-CZ-5453-01 0.6 0.76 0.792812639885 0.7639875
TCGA-CJ-6028-01 0.28 0.24 0.484816388036 0.2598421
TCGA-CZ-5465-01 0.5 0.73 0.754120124301 0.7820618
TCGA-B2-5639-01 0.47 0.59 0.64804625753 0.5931876
TCGA-B0-5700-01 0.479069994346731 0.53816682875125 0.697539790647 0.568695649814132
TCGA-BP-4974-01 0.2 0.56 0.665802383727 0.303522
TCGA-A3-A8OV-01 0.79 0.618922021844681 0.726626890329 0.669412979220603
TCGA-B8-5159-01 0.49 0.66 0.684945315667 0.6650765
TCGA-CJ-4904-01 0.24 0.47 0.621140041505 0.4333758
TCGA-B0-4818-01 0.34 0.5 0.620344617917 0.4320763
TCGA-BP-4986-01 0.42 0.65 0.558877135969 0.5226874
TCGA-BP-5184-01 0.31 0.37 0.591500079008 0.5263073
TCGA-A3-3323-01 0.4 0.49 0.549874866959 0.479334
TCGA-BP-4995-01 0.42 0.41 0.738058507127 0.5857257
TCGA-A3-3317-01 0.33 0.44 0.598386622419 0.4884785
TCGA-AK-3430-01 0.85 0.61 0.805398901872962 0.9711443
TCGA-B0-5113-01 0.56 0.51 0.603161353843 0.3699486
TCGA-B8-A54D-01 0.36 0.56 0.566674760705 0.5763069
TCGA-B8-A54K-01 0.31 0.648201423320348 0.885609498052 0.9133493
TCGA-B0-5106-01 0.35 0.51 0.564771468237 0.5028277
TCGA-CZ-4856-01 0.33 0.53 0.594459718575 0.3942259
TCGA-EU-5905-01 0.78 0.48 0.650282473841 0.592254335668887
TCGA-B0-5083-01 0.395639540270057 0.37 0.542127207084 0.435862525092269
TCGA-CJ-5677-01 0.46 0.56 0.532925461312 0.5367218
TCGA-CZ-4859-01 0.59 0.614180323368016 0.797616997918 0.690749
TCGA-A3-3370-01 0.61 0.26 0.532885563726 0.3398437
TCGA-A3-3387-01 0.32 0.5 0.539451892396 0.4921617
TCGA-B0-5691-01 0.69 0.31 0.597964224391 0.3922024
TCGA-B0-5701-01 0.42 0.39 0.688027883435 0.5306161
TCGA-B0-5115-01 0.37 0.39 0.628635590162 0.5898381
TCGA-B0-5102-01 0.88 0.57 0.746372108266 0.8547706
TCGA-AK-3429-01 0.62 0.49 0.569400912451 0.394379
TCGA-CW-6090-01 0.65 0.6 0.500920975258 0.6351994
TCGA-CJ-4923-01 0.4 0.32 0.510528462112 0.2137634
TCGA-CZ-5460-01 0.33 0.64 0.62538861029 0.5768016
TCGA-CJ-5686-01 0.25 0.26 0.573636505828 0.3759179
TCGA-CZ-5451-01 0.61 0.64 0.686707958338 0.6063156
TCGA-6D-AA2E-01 0.33 0.51470020789218 0.782914328529 0.4541768
TCGA-B0-4710-01 0.6 0.42 0.666106791334 0.5281766
TCGA-AS-3777-01 0.46 0.56 0.850207921416 0.4132203
TCGA-B0-5119-01 0.45 0.46 0.669440838332 0.6048619
TCGA-3Z-A93Z-01 0.63 0.519472871315452 0.668196830371 0.4229552
TCGA-B0-5711-01 0.38 0.57 0.620581029093 0.5630288
TCGA-A3-A8OW-01 0.33 0.516766974826808 0.688900563713 0.5888837
TCGA-CW-5589-01 0.43 0.57 0.61317722916 0.5235773
TCGA-CJ-4636-01 0.43 0.55 0.475865670579 0.5650622
TCGA-B0-4810-01 0.4 0.48 0.506287001282 0.4559279
TCGA-B0-5400-01 0.57 0.3 0.58163319886 0.2527859
TCGA-DV-5567-01 0.69 0.645285335058026 0.847076285709 0.6919368
TCGA-BP-5001-01 0.36 0.72 0.699816509498 0.5564768
TCGA-B2-4098-01 0.34 0.43 0.691132724455 0.4458732
TCGA-CZ-5468-01 0.53 0.38 0.660346987348 0.5079085
TCGA-BP-4972-01 0.5 0.64 0.487100452171 0.5037072
TCGA-BP-5199-01 0.28 0.46 0.44408286285 0.600437
TCGA-EU-5907-01 0.72 0.76 0.783608661354 0.8231317
TCGA-B8-5165-01 0.24 0.39 0.629204799182 0.2532144
TCGA-A3-3378-01 0.21 0.41 0.48049168793 0.3624554
TCGA-B0-5085-01 0.58 0.577758508845783 0.736288542337 0.6205939
TCGA-CJ-5679-01 0.92 0.59 0.777133768852 0.706464191153662
TCGA-CJ-4901-01 0.38 0.21 0.426360996992 0.3086003
TCGA-A3-3385-01 0.6 0.74 0.826833864539 0.7922729
TCGA-B8-5552-01 0.23 0.27 0.496686871413 0.2748064
TCGA-B0-5693-01 0.49 0.6 0.741056102744 0.5806569
TCGA-A3-3322-01 0.52 0.67 0.700470645303 0.5947033
TCGA-B8-5551-01 0.5 0.2 0.397237261907 0.2533691
TCGA-B2-A4SR-01 0.45 0.54 0.649978424374 0.5338537
TCGA-GK-A6C7-01 0.38 0.50317132234012 0.67696958508 0.5112488
TCGA-B0-5104-01 0.55 0.53 0.73137944121 0.4769369
TCGA-A3-3331-01 0.37 0.55 0.612165898357 0.5752911
TCGA-CJ-6031-01 0.44 0.42 0.425264268397 0.3238805
TCGA-B8-4619-01 0.7 0.66 0.861699276785 0.6575462
TCGA-CZ-5989-01 0.28 0.49 0.563601265263 0.428325
TCGA-BP-4998-01 0.27 0.47 0.489094292261 0.4143075
TCGA-B0-5117-01 0.74 0.59 0.890299934288 0.5933636
TCGA-B8-A7U6-01 0.27 0.457161008850638 0.646242178278 0.4268004
TCGA-B4-5844-01 0.3 0.59 0.686275278306 0.5133283
TCGA-CJ-4907-01 0.35 0.52 0.614377047458 0.490259
TCGA-CJ-5671-01 0.34 0.21 0.382913743899 0.4514858
TCGA-B8-4151-01 0.82 0.78 0.759656154914 0.6960873
TCGA-BP-4992-01 0.38 0.49 0.58638185665 0.4489756
TCGA-DV-5565-01 0.7 0.69 0.649641941585 0.6719756
TCGA-CJ-6032-01 0.43 0.38 0.719322715469 0.539649
TCGA-A3-3363-01 0.67 0.71 0.773052291277 0.692881770036276
TCGA-T7-A92I-01 0.34 0.571386632010193 0.842215735243 0.6155023
TCGA-CJ-5684-01 0.46 0.52 0.622443075119 0.563079
TCGA-B0-5710-01 0.42 0.58 0.634649805369 0.512332
TCGA-BP-4993-01 0.36 0.65 0.591749298548 0.4918833
TCGA-A3-3373-01 0.45 0.58 0.656744594836 0.5154524
TCGA-CZ-4864-01 0.55 0.43 0.522920462327 0.5615325
TCGA-BP-4963-01 0.28 0.47 0.586198967415 0.4921608
TCGA-BP-4981-01 0.73 0.74 0.688957653635 0.4943576
TCGA-CJ-4903-01 0.46 0.65 0.590783756015 0.7445587
TCGA-CZ-5463-01 0.54 0.7 0.708105561848 0.6846147
TCGA-B0-5707-01 0.525136689561689 0.596974651052688 0.811123858739 0.642040367144675
TCGA-BP-4164-01 0.77 0.68 0.777560140769 0.7951246
TCGA-B8-4148-01 0.34 0.52 0.5532599964 0.5123303
TCGA-AK-3440-01 0.68 0.85 0.92603935239 0.800757522434737
TCGA-BP-4960-01 0.3 0.58 0.555886091103 0.4545268
TCGA-BP-5189-01 0.28 0.5 0.555042766045 0.4597548
TCGA-CZ-5458-01 0.48 0.34 0.621092203982 0.4847202
TCGA-B8-4153-01 0.3 0.71 0.722141264715 0.6585847
TCGA-CZ-5988-01 0.36 0.58 0.649780348843 0.5629287
TCGA-BP-4999-01 0.33 0.29 0.665052281754 0.3844158
TCGA-AK-3427-01 0.62 0.74 0.917416509992 0.6937699
TCGA-BP-4965-01 0.33 0.5 0.654833945268 0.960272
