abscnseq ascat estimate purbayes
TCGA-63-A5MB-01 0.642646155412721 0.666678158764158 0.638551072007674 0.612691284620535
TCGA-85-8052-01 0.293122566666667 0.623159811509378 0.6062541 0.513313733333333
TCGA-39-5031-01 0.400736222056055 0.342303933333333 0.455265333333333 0.6056118
TCGA-46-3765-01 0.5978552 0.389284066666667 0.48181068242838 0.434785633333333
TCGA-56-8504-01 0.336629033333333 0.3744173 0.497968966666667 0.443442233333333
TCGA-34-2600-01 0.67933763600267 0.8530487 0.759682133333333 0.714632349441906
TCGA-60-2703-01 0.248910466666667 0.2549322 0.552592366666667 0.235039533333333
TCGA-NC-A5HR-01 0.902405833333333 0.714632349441906 0.742386366666667 0.832461733333333
TCGA-85-7697-01 0.336629033333333 0.212756033333333 0.533581390535228 0.3198576
TCGA-98-8021-01 0.449442066666667 0.5933388 0.441977033333333 0.3372105
TCGA-85-8350-01 0.518358438329879 0.533041266666667 0.480806766666667 0.485756366666667
TCGA-63-6202-01 0.419330041872791 0.2745784 0.2600356 0.701492866666667
TCGA-63-7020-01 0.545921 0.510433433333333 0.482030527658121 0.759682133333333
TCGA-66-2770-01 0.400736222056055 0.550837466666667 0.395920801326678 0.909163033333333
TCGA-39-5035-01 0.468096668687684 0.474185566666667 0.385381933333333 0.408389966666667
TCGA-56-A4ZK-01 0.5034492 0.3744173 0.463357 0.4308742
TCGA-18-3408-01 0.7056463 0.648718084828983 0.474185566666667 0.648780366666667
TCGA-MF-A522-01 0.817097266666667 0.737814604843636 0.780422766666667 0.73002956588859
TCGA-63-5128-01 0.7056463 0.780422766666667 0.701724486400869 0.680657883329486
TCGA-56-A5DS-01 0.277957833333333 0.283172766666667 0.518402066666667 0.298345233333333
TCGA-63-A5MR-01 0.325991614130339 0.510433433333333 0.658991000294396 0.37695150729033
TCGA-85-8048-01 0.2600356 0.2549322 0.2745784 0.2183027
TCGA-33-4583-01 0.439015733333333 0.540270487350202 0.657261233333333 0.533581390535228
TCGA-39-5021-01 0.479339866666667 0.423735639240363 0.443442233333333 0.396012033333333
TCGA-33-6738-01 0.479339866666667 0.364154573092724 0.688454966666667 0.4344737
TCGA-90-7766-01 0.7575537 0.635587458401661 0.528747666666667 0.4816379
TCGA-60-2721-01 0.312939682611091 0.5808317 0.3691866 0.430399733333333
TCGA-85-8277-01 0.562242366666667 0.5933388 0.610723097642808 0.568649066360011
TCGA-66-2785-01 0.419330041872791 0.4344737 0.342303933333333 0.581701466666667
TCGA-56-8625-01 0.353587943947956 0.714632349441906 0.188538433333333 0.3441344
TCGA-98-A539-01 0.518358438329879 0.510433433333333 0.544516535028429 0.3934184
TCGA-77-6842-01 0.449442066666667 0.474185566666667 0.328596094092214 0.627496233333333
TCGA-98-A53J-01 0.518358438329879 0.657261233333333 0.719617309688014 0.8580968
TCGA-90-7769-01 0.666058778383394 0.6750201 0.7847085 0.652179407874231
TCGA-85-7843-01 0.545921 0.389284066666667 0.490573319049109 0.48181068242838
TCGA-58-8393-01 0.277957833333333 0.4344737 0.348947541204736 0.369432166666667
TCGA-37-3792-01 0.400736222056055 0.364154573092724 0.234056833333333 0.492560366666667
TCGA-43-6771-01 0.479339866666667 0.474185566666667 0.468312865502468 0.404876233333333
TCGA-43-6773-01 0.173334810163737 0.209996201146994 0.2183027 0.195970466666667
TCGA-43-6770-01 0.528747666666667 0.701492866666667 0.535448477529683 0.5240517
TCGA-NC-A5HL-01 0.7575537 0.3144903 0.5034492 0.384299566666667
TCGA-56-8629-01 0.617310129768623 0.550837466666667 0.6276993 0.575565887284823
TCGA-52-7810-01 0.631669529001609 0.5232873 0.706212533333333 0.6062541
TCGA-60-2719-01 0.747278439756879 0.688454966666667 0.611858466666667 0.584509904669092
TCGA-77-A5GF-01 0.576209789866375 0.688454966666667 0.5921848184921 0.657261233333333
TCGA-33-4566-01 0.485756366666667 0.566414983622728 0.404676733333333 0.498241999824201
TCGA-63-A5M9-01 0.652179407874231 0.5933388 0.5666369810347 0.582229331316632
TCGA-37-4129-01 0.287934333333333 0.489450466666667 0.8462028 0.283492666666667
TCGA-92-8064-01 0.33535582952162 0.348947541204736 0.283492666666667 0.364154573092724
TCGA-33-4589-01 0.485756366666667 0.2017051 0.41956091478446 0.315520833333333
TCGA-L3-A524-01 0.737814604843636 0.609798787370539 0.698471273933785 0.470786166666667
TCGA-37-A5EM-01 0.390016271610861 0.356168533333333 0.347825633333333 0.404958045655384
TCGA-63-7021-01 0.325991614130339 0.331407433333333 0.4244837 0.293543966666667
TCGA-37-4141-01 0.7056463 0.648718084828983 0.492560366666667 0.567449066666667
TCGA-85-A5B5-01 0.774770199039142 0.792671761850712 0.692012511487169 0.711248451168735
TCGA-34-2608-01 0.3477455 0.319119766666667 0.2709721 0.2166336
TCGA-18-3414-01 0.7056463 0.801076533333333 0.522490787718136 0.652822530400819
TCGA-43-7657-01 0.576209789866375 0.474185566666667 0.631669529001609 0.845515266666667
TCGA-98-8020-01 0.428813533333333 0.496255266666667 0.4133279 0.631952833333333
TCGA-85-8481-01 0.209996201146994 0.331407433333333 0.415188066666667 0.28876
TCGA-58-A46K-01 0.381154466666667 0.423735639240363 0.688618039326488 0.49201265492495
TCGA-43-6143-01 0.788048366666667 0.877885733333333 0.6436224 0.747278439756879
TCGA-56-7579-01 0.877885733333333 0.701492866666667 0.601525361661816 0.556615733333333
TCGA-22-1016-01 0.518358438329879 0.3144903 0.339116837200556 0.413749485302072
TCGA-22-4594-01 0.312939682611091 0.4540419 0.331407433333333 0.512468666666667
TCGA-77-7141-01 0.627467482536548 0.648718084828983 0.7056463 0.8181257
TCGA-39-5016-01 0.5034492 0.5808317 0.498241999824201 0.524310805677705
TCGA-NC-A5HP-01 0.6431715 0.5232873 0.599534 0.5625843
TCGA-22-4601-01 0.71959101831513 0.7669124 0.666058778383394 0.610706766666667
TCGA-96-8170-01 0.479339866666667 0.212756033333333 0.496255266666667 0.2557805
TCGA-60-2697-01 0.173334810163737 0.173334810163737 0.211164114274374 0.173334810163737
TCGA-33-6737-01 0.428813533333333 0.474185566666667 0.475226448030823 0.612568
TCGA-NC-A5HJ-01 0.216548133333333 0.177124233333333 0.331166085079438 0.240641133333333
TCGA-NK-A5CT-01 0.479339866666667 0.533041266666667 0.67933763600267 0.4393811
TCGA-77-8140-01 0.518358438329879 0.5808317 0.7400988 0.461825433333333
TCGA-66-2767-01 0.312939682611091 0.233624933333333 0.2696034 0.688454966666667
TCGA-22-4593-01 0.6963509 0.666678158764158 0.529509501771155 0.610636363035504
TCGA-22-5480-01 0.528747666666667 0.738749033812042 0.393282566666667 0.581511366666667
TCGA-J1-A4AH-01 0.468096668687684 0.5933388 0.730249199942904 0.439015733333333
TCGA-33-AASB-01 0.400736222056055 0.539235388250244 0.888964766666667 0.464564566666667
TCGA-77-7142-01 0.518358438329879 0.423735639240363 0.569409033333333 0.4495043
TCGA-56-6545-01 0.449442066666667 0.364154573092724 0.260548966666667 0.505365466666667
TCGA-85-8049-01 0.231224146808806 0.2017051 0.2606168 0.250681233333333
TCGA-34-5929-01 0.6050595 0.609798787370539 0.581511366666667 0.618484466666667
TCGA-18-3416-01 0.688454966666667 0.510433433333333 0.390016271610861 0.480806766666667
TCGA-94-7033-01 0.277957833333333 0.5232873 0.750436066666667 0.408394733333333
TCGA-56-8628-01 0.419330041872791 0.489450466666667 0.337904 0.657402233333333
TCGA-66-2742-01 0.518358438329879 0.423735639240363 0.489450466666667 0.480337933333333
TCGA-92-7340-01 0.37695150729033 0.386651410766052 0.326073115029668 0.395920801326678
TCGA-52-7812-01 0.7056463 0.623159811509378 0.454762458370668 0.581630493515708
TCGA-56-8304-01 0.485756366666667 0.331407433333333 0.636542233333333 0.419354633333333
TCGA-18-3417-01 0.449442066666667 0.298284233333333 0.383689966666667 0.636542233333333
TCGA-NK-A5CX-01 0.265421 0.356168533333333 0.450365166666667 0.3691866
TCGA-18-3406-01 0.479339866666667 0.319119766666667 0.393440433333333 0.393440433333333
TCGA-85-A513-01 0.528747666666667 0.805398350504316 0.2549322 0.1851209
TCGA-34-8454-01 0.67933763600267 0.4540419 0.339800355300826 0.7248293
TCGA-21-1078-01 0.576209789866375 0.8295961 0.832461733333333 0.7669124
TCGA-33-4532-01 0.717490489984537 0.666678158764158 0.797723666666667 0.845532866666667
TCGA-22-5471-01 0.7575537 0.474185566666667 0.429673 0.405743233333333
TCGA-90-A4ED-01 0.353587943947956 0.688454966666667 0.536162776580501 0.5192473
TCGA-52-7622-01 0.293122566666667 0.474185566666667 0.3705553 0.347933866666667
TCGA-21-A5DI-01 0.419330041872791 0.4540419 0.704533495678068 0.293122566666667
TCGA-60-2725-01 0.381154466666667 0.356168533333333 0.279374533333333 0.306292
TCGA-37-4133-01 0.624288972065948 0.714632349441906 0.485756366666667 0.587838909302591
TCGA-96-7544-01 0.528747666666667 0.609798787370539 0.348324395131056 0.500789420711219
TCGA-43-3394-01 0.817097266666667 0.510433433333333 0.618128733333333 0.623159811509378
TCGA-33-4586-01 0.439015733333333 0.461825433333333 0.668377733333333 0.6963509
TCGA-46-3769-01 0.545921 0.489450466666667 0.3582666 0.569409033333333
TCGA-85-8666-01 0.353587943947956 0.400736222056055 0.406765533333333 0.33535582952162
TCGA-43-7656-01 0.562242366666667 0.635587458401661 0.3744173 0.518358438329879
TCGA-34-2609-01 0.381154466666667 0.3744173 0.3955462 0.423735639240363
TCGA-34-5927-01 0.617310129768623 0.8295961 0.729237441930765 0.671300411480217
TCGA-34-5928-01 0.368712766666667 0.331407433333333 0.356882466666667 0.658991000294396
TCGA-18-4083-01 0.631669529001609 0.5933388 0.5240517 0.569709699284297
TCGA-39-5039-01 0.368712766666667 0.342303933333333 0.415936046288976 0.265421
TCGA-70-6723-01 0.845515266666667 0.8530487 0.8580968 0.801220594120718
TCGA-63-A5MM-01 0.231224146808806 0.3744173 0.298284233333333 0.312939682611091
TCGA-77-8145-01 0.368712766666667 0.423735639240363 0.490678266666667 0.3705553
TCGA-85-8352-01 0.881910933333333 0.817097266666667 0.881910933333333 0.806718873669694
TCGA-66-2793-01 0.845515266666667 0.8661461 0.877885733333333 0.8661461
TCGA-60-2695-01 0.737814604843636 0.845515266666667 0.529253483889615 0.668377733333333
TCGA-56-8503-01 0.173334810163737 0.2693746 0.261123566666667 0.204644933333333
TCGA-66-2759-01 0.449442066666667 0.510433433333333 0.449771966666667 0.485293727311802
TCGA-22-5481-01 0.652179407874231 0.738749033812042 0.5192473 0.902405833333333
TCGA-22-1000-01 0.248910466666667 0.331166085079438 0.203610533333333 0.510602633333333
TCGA-21-1075-01 0.7056463 0.754201033333333 0.826003266666667 0.704533495678068
TCGA-56-A49D-01 0.5034492 0.609798787370539 0.462168666666667 0.499203266666667
TCGA-98-8022-01 0.419330041872791 0.5232873 0.439015733333333 0.5232873
TCGA-21-5784-01 0.265421 0.339116837200556 0.3934184 0.233704366666667
TCGA-77-7139-01 0.71959101831513 0.780422766666667 0.627734266666667 0.549696168672478
TCGA-66-2763-01 0.627467482536548 0.510433433333333 0.562242366666667 0.529217666666667
TCGA-77-8133-01 0.468096668687684 0.461825433333333 0.429926033333333 0.469231974787438
TCGA-21-5786-01 0.666058778383394 0.609798787370539 0.581027568285491 0.5921848184921
TCGA-85-8072-01 0.400736222056055 0.4344737 0.567561128183611 0.3828902
TCGA-46-6025-01 0.5034492 0.566414983622728 0.644628626446766 0.533041266666667
TCGA-85-8664-01 0.7056463 0.566414983622728 0.8530487 0.638551072007674
TCGA-66-2777-01 0.428813533333333 0.319119766666667 0.419354633333333 0.8295961
TCGA-21-1071-01 0.428813533333333 0.233624933333333 0.49201265492495 0.419330041872791
TCGA-L3-A4E7-01 0.277957833333333 0.496255266666667 0.5233507 0.788048366666667
TCGA-96-7545-01 0.381154466666667 0.2549322 0.364154573092724 0.331166085079438
TCGA-63-A5MU-01 0.797664866666667 0.754201033333333 0.845515266666667 0.739672818657697
TCGA-51-4079-01 0.7056463 0.461825433333333 0.512468666666667 0.8530487
TCGA-63-A5MJ-01 0.485756366666667 0.412331 0.519887959003657 0.482030527658121
TCGA-94-7557-01 0.479339866666667 0.701492866666667 0.5625843 0.356626566666667
TCGA-NC-A5HG-01 0.784341533333333 0.754201033333333 0.805665339280248 0.729237441930765
TCGA-22-5472-01 0.449442066666667 0.714632349441906 0.513630066867729 0.522490787718136
TCGA-96-A4JL-01 0.216548133333333 0.4043084 0.287934333333333 0.338148966666667
TCGA-66-2781-01 0.439015733333333 0.423735639240363 0.524550033333333 0.797723666666667
TCGA-60-2712-01 0.381154466666667 0.3744173 0.245269833333333 0.400736222056055
TCGA-22-1012-01 0.336629033333333 0.496255266666667 0.553134866666667 0.430735333333333
TCGA-37-5819-01 0.692012511487169 0.7669124 0.599435666666667 0.65241962662533
TCGA-22-4607-01 0.7575537 0.6750201 0.475031733333333 0.4540419
TCGA-18-3409-01 0.5034492 0.510433433333333 0.3144903 0.553134866666667
TCGA-90-A59Q-01 0.239511133333333 0.461825433333333 0.293543966666667 0.353587943947956
TCGA-85-A53L-01 0.381154466666667 0.2549322 0.652179407874231 0.385381933333333
TCGA-18-5595-01 0.774770199039142 0.7669124 0.792671761850712 0.705916166666667
TCGA-NC-A5HD-01 0.631669529001609 0.780422766666667 0.830806333333333 0.67533242285935
TCGA-18-3419-01 0.439015733333333 0.609798787370539 0.541721733333333 0.497927833333333
TCGA-NC-A5HQ-01 0.528747666666667 0.533041266666667 0.581701466666667 0.824449666666667
TCGA-22-4604-01 0.415936046288976 0.474185566666667 0.301485733333333 0.41956091478446
TCGA-96-A4JK-01 0.468096668687684 0.540270487350202 0.556615733333333 0.425260166666667
TCGA-58-8391-01 0.6050595 0.5933388 0.739672818657697 0.817097266666667
TCGA-77-8008-01 0.287934333333333 0.177124233333333 0.2557805 0.2549322
TCGA-60-2711-01 0.666058778383394 0.701492866666667 0.6431715 0.636282527924499
TCGA-77-8138-01 0.248910466666667 0.2549322 0.424839833333333 0.2696034
TCGA-77-7138-01 0.419330041872791 0.4043084 0.672050988412894 0.2693746
TCGA-43-7658-01 0.6050595 0.738749033812042 0.611397166666667 0.867765
TCGA-77-A5G6-01 0.71959101831513 0.609798787370539 0.7575537 0.639547544936372
TCGA-60-2726-01 0.5034492 0.496255266666667 0.576209789866375 0.514213497841873
TCGA-37-3789-01 0.617310129768623 0.666678158764158 0.458265433333333 0.5143603
TCGA-77-8007-01 0.353587943947956 0.319119766666667 0.298345233333333 0.233624933333333
TCGA-85-A4PA-01 0.209996201146994 0.3744173 0.209996201146994 0.177124233333333
TCGA-77-8154-01 0.617310129768623 0.724359933333333 0.776131866666667 0.5345539
TCGA-63-A5MN-01 0.195970466666667 0.211164114274374 0.212756033333333 0.203610533333333
TCGA-21-1077-01 0.479339866666667 0.356168533333333 0.513313733333333 0.600856166666667
TCGA-43-8115-01 0.393282566666667 0.4344737 0.248910466666667 0.3148247
TCGA-39-5028-01 0.216548133333333 0.2017051 0.404876233333333 0.231224146808806
TCGA-66-2754-01 0.797664866666667 0.8530487 0.770520651132504 0.770520651132504
TCGA-66-2757-01 0.77048 0.877885733333333 0.497620266666667 0.6750201
TCGA-77-8153-01 0.688454966666667 0.609798787370539 0.824449666666667 0.618128733333333
TCGA-98-A53C-01 0.231224146808806 0.342303933333333 0.179591933333333 0.279159001806724
TCGA-56-1622-01 0.797664866666667 0.738749033812042 0.737814604843636 0.719617309688014
TCGA-60-2714-01 0.528747666666667 0.364154573092724 0.4540419 0.862718333333333
TCGA-33-AASJ-01 0.562242366666667 0.666058778383394 0.819833066666667 0.77048
TCGA-77-6845-01 0.737814604843636 0.724359933333333 0.797664866666667 0.701724486400869
TCGA-63-7022-01 0.245269833333333 0.474185566666667 0.195970466666667 0.224646066666667
TCGA-NC-A5HF-01 0.692012511487169 0.623159811509378 0.845532866666667 0.611397166666667
TCGA-33-AAS8-01 0.6050595 0.620123634866002 0.805398350504316 0.519233566666667
TCGA-O2-A5IB-01 0.881910933333333 0.877885733333333 0.882070633333333 0.7434346
TCGA-77-A5G1-01 0.2242392 0.328596094092214 0.461825433333333 0.216548133333333
TCGA-85-6560-01 0.449442066666667 0.510433433333333 0.381657333333333 0.468096668687684
TCGA-60-2713-01 0.797664866666667 0.6750201 0.313250359725528 0.8462028
TCGA-21-1083-01 0.562242366666667 0.550837466666667 0.480621733333333 0.529253483889615
TCGA-22-5479-01 0.336629033333333 0.298284233333333 0.539235388250244 0.3814035
TCGA-63-A5MG-01 0.2242392 0.348324395131056 0.469231974787438 0.278171733333333
TCGA-66-2800-01 0.485293727311802 0.496255266666667 0.423735639240363 0.481372314580136
TCGA-94-8491-01 0.336629033333333 0.540270487350202 0.529217666666667 0.489450466666667
TCGA-43-3920-01 0.576209789866375 0.510433433333333 0.3580061 0.496255266666667
TCGA-66-2794-01 0.6050595 0.688454966666667 0.425260166666667 0.5666369810347
TCGA-O2-A52W-01 0.400736222056055 0.364154573092724 0.708140211542687 0.4200914
TCGA-39-5029-01 0.353587943947956 0.5808317 0.470786166666667 0.479827433333333
TCGA-63-A5MY-01 0.77048 0.877885733333333 0.7597794 0.711298466666667
TCGA-60-2723-01 0.439015733333333 0.423735639240363 0.389284066666667 0.5566172
TCGA-22-4609-01 0.393282566666667 0.4344737 0.3148247 0.3750788
TCGA-43-A475-01 0.3477455 0.177124233333333 0.315520833333333 0.524550033333333
TCGA-21-1076-01 0.293122566666667 0.319119766666667 0.205146766666667 0.611858466666667
TCGA-18-5592-01 0.704533495678068 0.8295961 0.666678158764158 0.681418633333333
TCGA-33-AASL-01 0.528747666666667 0.519887959003657 0.681418633333333 0.3695267
TCGA-51-4081-01 0.845515266666667 0.657261233333333 0.681313366666667 0.7150037
TCGA-92-8063-01 0.573455803183925 0.549696168672478 0.550837466666667 0.546532732756055
TCGA-56-7731-01 0.195970466666667 0.233624933333333 0.3477455 0.209996201146994
TCGA-66-2782-01 0.293122566666667 0.364154573092724 0.365127566666667 0.445788933333333
TCGA-43-5668-01 0.449442066666667 0.412331 0.331560166666667 0.415188066666667
TCGA-60-2715-01 0.439015733333333 0.2017051 0.233624933333333 0.1852045
TCGA-85-A510-01 0.586563140027069 0.510433433333333 0.499203266666667 0.479465066666667
TCGA-60-2708-01 0.6050595 0.609798787370539 0.468096668687684 0.680479966666667
TCGA-34-5239-01 0.3477455 0.319119766666667 0.283172766666667 0.754201033333333
TCGA-56-7223-01 0.824449666666667 0.8530487 0.925891 0.805665339280248
TCGA-21-1081-01 0.5034492 0.423735639240363 0.61453937838251 0.506614912591721
TCGA-46-3766-01 0.449442066666667 0.294606028317388 0.178726933333333 0.255737266666667
TCGA-22-5491-01 0.728401871450509 0.657261233333333 0.7150037 0.646787917532124
TCGA-37-A5EL-01 0.747278439756879 0.533041266666667 0.801549566666667 0.6436224
TCGA-85-7699-01 0.7669124 0.666678158764158 0.326368733333333 0.518402066666667
TCGA-43-A56V-01 0.728401871450509 0.283172766666667 0.631952833333333 0.4446104
TCGA-33-A4WN-01 0.381154466666667 0.3744173 0.680657883329486 0.338572633333333
TCGA-77-7338-01 0.5978552 0.533041266666667 0.460966344318067 0.386651410766052
TCGA-85-8071-01 0.797664866666667 0.888964766666667 0.711298466666667 0.774770199039142
TCGA-77-8009-01 0.774770199039142 0.817097266666667 0.636801933333333 0.71959101831513
TCGA-58-A46M-01 0.5978552 0.5232873 0.550875033333333 0.819833066666667
TCGA-66-2786-01 0.652179407874231 0.4344737 0.455728633333333 0.474684633333333
TCGA-58-A46N-01 0.784341533333333 0.738749033812042 0.817097266666667 0.728401871450509
TCGA-39-5030-01 0.173334810163737 0.331407433333333 0.216548133333333 0.179591933333333
TCGA-56-8307-01 0.545921 0.701492866666667 0.514213497841873 0.528747666666667
TCGA-66-2765-01 0.845515266666667 0.540270487350202 0.408389966666667 0.853238333333333
TCGA-56-8626-01 0.428813533333333 0.461825433333333 0.561355413918082 0.706212533333333
TCGA-63-5131-01 0.545921 0.635587458401661 0.636282527924499 0.576209789866375
TCGA-NC-A5HK-01 0.617310129768623 0.461825433333333 0.714632349441906 0.470567233333333
TCGA-77-A5GA-01 0.419330041872791 0.4540419 0.671300411480217 0.331560166666667
TCGA-33-AASD-01 0.7056463 0.672050988412894 0.711248451168735 0.653179225953771
TCGA-22-4595-01 0.788048366666667 0.5232873 0.4051935 0.5233507
TCGA-39-5034-01 0.545921 0.540270487350202 0.439460827618288 0.742386366666667
TCGA-43-A474-01 0.5978552 0.609798787370539 0.7669124 0.882070633333333
TCGA-22-1005-01 0.3477455 0.313250359725528 0.2166336 0.326073115029668
TCGA-90-7767-01 0.500789420711219 0.5808317 0.356168533333333 0.490477113732502
TCGA-O2-A52Q-01 0.468096668687684 0.474185566666667 0.338572633333333 0.878015766666667
TCGA-39-5037-01 0.784341533333333 0.423735639240363 0.909163033333333 0.635587458401661
TCGA-85-8276-01 0.325991614130339 0.283172766666667 0.319119766666667 0.339116837200556
TCGA-18-3411-01 0.627467482536548 0.550837466666667 0.454725233333333 0.539235388250244
TCGA-85-8354-01 0.6050595 0.738749033812042 0.758064766666667 0.644628626446766
TCGA-22-5482-01 0.824449666666667 0.496255266666667 0.623767108022168 0.623767108022168
TCGA-33-4587-01 0.747278439756879 0.738749033812042 0.739766933333333 0.826003266666667
TCGA-77-8130-01 0.485756366666667 0.4344737 0.518358438329879 0.5933388
TCGA-66-2789-01 0.6963509 0.5808317 0.4344737 0.479339866666667
TCGA-85-8580-01 0.325991614130339 0.4043084 0.670131297506142 0.326368733333333
TCGA-56-A4ZJ-01 0.173334810163737 0.233624933333333 0.2895355 0.188538433333333
TCGA-77-7465-01 0.518358438329879 0.738749033812042 0.386651410766052 0.544516535028429
TCGA-66-2783-01 0.5034492 0.623159811509378 0.506378333333333 0.535448477529683
TCGA-98-7454-01 0.248910466666667 0.231224146808806 0.1851209 0.248910466666667
TCGA-98-8023-01 0.381154466666667 0.4344737 0.325991614130339 0.512367333333333
TCGA-85-A512-01 0.666058778383394 0.817097266666667 0.623159811509378 0.6431715
TCGA-43-A56U-01 0.195970466666667 0.298284233333333 0.284422833333333 0.2017051
TCGA-63-A5MP-01 0.518358438329879 0.3744173 0.44592813761693 0.369601233333333
TCGA-34-A5IX-01 0.325991614130339 0.389284066666667 0.627467482536548 0.4052088
TCGA-85-7696-01 0.747278439756879 0.724359933333333 0.5933388 0.660764144649677
TCGA-85-8584-01 0.428813533333333 0.461825433333333 0.393682266666667 0.342303933333333
TCGA-85-6175-01 0.6431715 0.2745784 0.217157966666667 0.2242392
TCGA-66-2771-01 0.5034492 0.412331 0.321071866666667 0.343332366666667
TCGA-56-8624-01 0.2600356 0.566414983622728 0.514529766666667 0.348947541204736
TCGA-68-8250-01 0.400736222056055 0.474185566666667 0.500789420711219 0.475226448030823
TCGA-98-A53H-01 0.293122566666667 0.312939682611091 0.249240566666667 0.325991614130339
TCGA-39-5024-01 0.287934333333333 0.389284066666667 0.612691284620535 0.277957833333333
TCGA-22-5478-01 0.468096668687684 0.412331 0.505365466666667 0.424839833333333
TCGA-85-A4CN-01 0.67933763600267 0.4043084 0.5129793 0.298284233333333
TCGA-63-A5MS-01 0.2600356 0.298284233333333 0.344228166666667 0.261565333333333
TCGA-58-8386-01 0.381154466666667 0.4043084 0.395992166666667 0.510433433333333
TCGA-94-7943-01 0.586563140027069 0.609798787370539 0.617310129768623 0.784341533333333
TCGA-43-2578-01 0.5034492 0.3144903 0.573455803183925 0.468312865502468
TCGA-21-1082-01 0.888964766666667 0.6750201 0.4495043 0.545921
TCGA-18-3407-01 0.439015733333333 0.331407433333333 0.479465066666667 0.2895355
TCGA-94-8490-01 0.737814604843636 0.801076533333333 0.806718873669694 0.6188115
TCGA-NC-A5HT-01 0.6963509 0.738749033812042 0.8661461 0.698471273933785
TCGA-66-2766-01 0.737814604843636 0.7669124 0.600856166666667 0.536364433333333
TCGA-NK-A7XE-01 0.666058778383394 0.646787917532124 0.728401871450509 0.586885466666667
TCGA-56-8309-01 0.312939682611091 0.177124233333333 0.235039533333333 0.287934333333333
TCGA-56-A4BW-01 0.576209789866375 0.5933388 0.52651950951 0.881910933333333
TCGA-18-4721-01 0.400736222056055 0.474185566666667 0.3372105 0.720156266666667
TCGA-77-6843-01 0.925891 0.724359933333333 0.8181257 0.792671761850712
TCGA-94-8035-01 0.479339866666667 0.342303933333333 0.724359933333333 0.395992166666667
TCGA-85-8287-01 0.393282566666667 0.389284066666667 0.279159001806724 0.3582666
TCGA-66-2788-01 0.576209789866375 0.423735639240363 0.336629033333333 0.390016271610861
TCGA-39-5022-01 0.216548133333333 0.283172766666667 0.239511133333333 0.178726933333333
TCGA-56-A5DR-01 0.393282566666667 0.4043084 0.567449066666667 0.441977033333333
TCGA-18-3415-01 0.562242366666667 0.489450466666667 0.412331 0.455272866666667
TCGA-63-A5MV-01 0.428813533333333 0.283172766666667 0.4052088 0.365127566666667
TCGA-68-7757-01 0.209996201146994 0.389284066666667 0.455272866666667 0.319119766666667
TCGA-21-5783-01 0.631669529001609 0.623159811509378 0.648780366666667 0.599629745380492
TCGA-56-A62T-01 0.6431715 0.5921848184921 0.566670825669763 0.581027568285491
TCGA-85-8582-01 0.312939682611091 0.353587943947956 0.369432166666667 0.2709721
TCGA-22-4596-01 0.173334810163737 0.233624933333333 0.1852045 0.344228166666667
TCGA-34-2596-01 0.862718333333333 0.412331 0.514317082014571 0.7112548
TCGA-85-A50M-01 0.468096668687684 0.177124233333333 0.5566172 0.3580061
TCGA-66-2773-01 0.368712766666667 0.4344737 0.419330041872791 0.672050988412894
TCGA-39-5036-01 0.71959101831513 0.533041266666667 0.747278439756879 0.617310129768623
TCGA-77-7140-01 0.728401871450509 0.754201033333333 0.646787917532124 0.670639707940662
TCGA-77-8136-01 0.293122566666667 0.3744173 0.306292 0.284422833333333
TCGA-98-A53I-01 0.485756366666667 0.364154573092724 0.4243571 0.490678266666667
TCGA-77-A5GH-01 0.381154466666667 0.489450466666667 0.312939682611091 0.789071666666667
TCGA-34-5241-01 0.336629033333333 0.339800355300826 0.3198576 0.2882971
TCGA-58-8392-01 0.627467482536548 0.792671761850712 0.789071666666667 0.670131297506142
TCGA-85-A4QQ-01 0.368712766666667 0.566414983622728 0.7112548 0.866291433333333
TCGA-58-A46J-01 0.325991614130339 0.177124233333333 0.5345539 0.328596094092214
TCGA-85-A4QR-01 0.728401871450509 0.714632349441906 0.657402233333333 0.666678158764158
TCGA-51-4080-01 0.877885733333333 0.925891 0.7248293 0.7400988
TCGA-66-2769-01 0.312939682611091 0.319119766666667 0.293122566666667 0.313250359725528
TCGA-34-5234-01 0.173334810163737 0.412331 0.2017051 0.217157966666667
TCGA-22-0940-01 0.353587943947956 0.2549322 0.33535582952162 0.702134433333333
TCGA-21-1079-01 0.556615733333333 0.5808317 0.490477113732502 0.535306126776083
TCGA-58-8387-01 0.400736222056055 0.4344737 0.4446104 0.3744173
TCGA-85-A4JB-01 0.449442066666667 0.342303933333333 0.620123634866002 0.425254333333333
TCGA-22-1002-01 0.518358438329879 0.3744173 0.382358807533102 0.44592813761693
TCGA-34-8456-01 0.449442066666667 0.550837466666667 0.6056118 0.3947114
TCGA-NC-A5HO-01 0.586563140027069 0.623159811509378 0.639547544936372 0.586563140027069
TCGA-68-A59J-01 0.449442066666667 0.4344737 0.510433433333333 0.801549566666667
TCGA-43-5670-01 0.5978552 0.635587458401661 0.806695066666667 0.5034492
TCGA-56-5898-01 0.485756366666667 0.389284066666667 0.485293727311802 0.368712766666667
TCGA-37-4132-01 0.797664866666667 0.648718084828983 0.430604633333333 0.52651950951
TCGA-77-8156-01 0.368712766666667 0.283172766666667 0.320734033333333 0.249240566666667
TCGA-46-3768-01 0.728401871450509 0.714632349441906 0.619381133333333 0.658026028036322
TCGA-63-A5MI-01 0.518358438329879 0.4344737 0.774770199039142 0.7597794
TCGA-56-8305-01 0.336629033333333 0.356168533333333 0.6188115 0.454762458370668
TCGA-O2-A52N-01 0.617310129768623 0.423735639240363 0.568649066360011 0.715012766666667
TCGA-66-2758-01 0.485756366666667 0.510433433333333 0.408394733333333 0.806695066666667
TCGA-33-4533-01 0.824449666666667 0.701492866666667 0.610706766666667 0.692012511487169
TCGA-77-8146-01 0.575565887284823 0.550480260230703 0.5526169 0.550480260230703
TCGA-85-8288-01 0.449442066666667 0.648718084828983 0.435211833333333 0.497620266666667
TCGA-6A-AB49-01 0.6963509 0.698471273933785 0.866291433333333 0.67933763600267
TCGA-22-5485-01 0.576209789866375 0.780422766666667 0.627496233333333 0.5808317
TCGA-22-4605-01 0.231224146808806 0.2693746 0.384299566666667 0.261123566666667
TCGA-34-8455-01 0.449442066666667 0.4344737 0.549696168672478 0.490573319049109
TCGA-63-A5MW-01 0.586563140027069 0.6750201 0.599629745380492 0.7845369
TCGA-66-2734-01 0.419330041872791 0.233624933333333 0.381154466666667 0.321071866666667
TCGA-77-8139-01 0.248910466666667 0.342303933333333 0.540270487350202 0.320734033333333
TCGA-60-2724-01 0.518358438329879 0.496255266666667 0.480337933333333 0.4051935
TCGA-43-2576-01 0.5034492 0.2745784 0.300592466666667 0.393682266666667
TCGA-85-8355-01 0.248910466666667 0.283172766666667 0.278171733333333 0.239511133333333
TCGA-22-5492-01 0.562242366666667 0.635587458401661 0.3700691 0.474185566666667
TCGA-18-3410-01 0.737814604843636 0.701492866666667 0.4043084 0.552592366666667
TCGA-85-A50Z-01 0.336629033333333 0.364154573092724 0.569709699284297 0.619381133333333
TCGA-60-2716-01 0.336629033333333 0.780422766666667 0.862718333333333 0.7847085
TCGA-43-8118-01 0.287934333333333 0.550837466666667 0.479339866666667 0.360488933333333
TCGA-63-7023-01 0.797664866666667 0.902405833333333 0.624288972065948 0.739766933333333
TCGA-85-8353-01 0.400736222056055 0.283172766666667 0.356626566666667 0.301485733333333
TCGA-66-2792-01 0.7056463 0.6750201 0.582229331316632 0.627467482536548
TCGA-22-5474-01 0.666058778383394 0.609798787370539 0.353587943947956 0.4133279
TCGA-33-4547-01 0.5978552 0.550837466666667 0.512367333333333 0.830806333333333
TCGA-22-5489-01 0.353587943947956 0.474185566666667 0.261565333333333 0.381154466666667
TCGA-98-A538-01 0.528747666666667 0.489450466666667 0.558284833333333 0.514317082014571
TCGA-34-2604-01 0.2600356 0.2745784 0.37695150729033 0.519887959003657
TCGA-77-A5G8-01 0.428813533333333 0.461825433333333 0.566414983622728 0.449442066666667
TCGA-22-1011-01 0.400736222056055 0.233624933333333 0.368712766666667 0.758064766666667
TCGA-56-6546-01 0.277957833333333 0.4344737 0.343332366666667 0.348324395131056
TCGA-NC-A5HE-01 0.293122566666667 0.331407433333333 0.277957833333333 0.300592466666667
TCGA-LA-A446-01 0.400736222056055 0.4540419 0.715012766666667 0.489951833333333
TCGA-O2-A52V-01 0.3477455 0.412331 0.5232873 0.329107979441174
TCGA-56-A4BX-01 0.862718333333333 0.724359933333333 0.738749033812042 0.737814604843636
TCGA-51-6867-01 0.561355413918082 0.510433433333333 0.586563140027069 0.535788862832807
TCGA-90-A4EE-01 0.393282566666667 0.474185566666667 0.240641133333333 0.642646155412721
TCGA-77-8144-01 0.562242366666667 0.609798787370539 0.67533242285935 0.573455803183925
TCGA-NC-A5HM-01 0.528747666666667 0.688454966666667 0.680479966666667 0.506378333333333
TCGA-63-A5MH-01 0.797664866666667 0.792671761850712 0.709061291203302 0.730249199942904
TCGA-60-2698-01 0.428813533333333 0.412331 0.369601233333333 0.439460827618288
TCGA-52-7811-01 0.277957833333333 0.233624933333333 0.4816379 0.356168533333333
TCGA-43-8116-01 0.468096668687684 0.609798787370539 0.545921 0.475031733333333
TCGA-68-7755-01 0.666058778383394 0.623159811509378 0.648718084828983 0.666058778383394
TCGA-NK-A5CR-01 0.666058778383394 0.5933388 0.801220594120718 0.6276993
TCGA-18-3421-01 0.5034492 0.489450466666667 0.4819316 0.797664866666667
TCGA-60-2704-01 0.400736222056055 0.2693746 0.224646066666667 0.245269833333333
TCGA-85-6798-01 0.479339866666667 0.496255266666667 0.62831307735966 0.4819316
TCGA-77-8150-01 0.528747666666667 0.5933388 0.524310805677705 0.925891
TCGA-85-7710-01 0.660764144649677 0.792671761850712 0.5978552 0.599021166666667
TCGA-56-7823-01 0.788048366666667 0.805398350504316 0.73002956588859 0.724359933333333
TCGA-85-7950-01 0.631669529001609 0.5808317 0.3601247 0.719603633333333
TCGA-56-7582-01 0.617310129768623 0.566414983622728 0.550480260230703 0.566670825669763
TCGA-33-4582-01 0.468096668687684 0.566414983622728 0.750100166666667 0.561355413918082
TCGA-33-AASI-01 0.336629033333333 0.460966344318067 0.599021166666667 0.4243571
TCGA-68-7756-01 0.265421 0.510433433333333 0.546532732756055 0.356882466666667
TCGA-94-A5I6-01 0.393282566666667 0.4043084 0.660764144649677 0.429926033333333
TCGA-56-A4BY-01 0.449442066666667 0.635587458401661 0.658026028036322 0.462168666666667
TCGA-22-4613-01 0.6050595 0.666678158764158 0.449442066666667 0.566414983622728
TCGA-60-2710-01 0.8580968 0.701492866666667 0.4393811 0.5129793
TCGA-66-2780-01 0.353587943947956 0.533041266666667 0.445788933333333 0.412331
TCGA-92-7341-01 0.67933763600267 0.4043084 0.533041266666667 0.6050595
TCGA-22-5473-01 0.6050595 0.623159811509378 0.586885466666667 0.749566933333333
TCGA-52-7809-01 0.528747666666667 0.566414983622728 0.701492866666667 0.567561128183611
TCGA-39-5019-01 0.545921 0.298284233333333 0.470567233333333 0.627734266666667
TCGA-22-0944-01 0.5034492 0.474185566666667 0.728844233933416 0.540270487350202
TCGA-56-7221-01 0.400736222056055 0.4540419 0.784341533333333 0.513630066867729
TCGA-34-7107-01 0.617310129768623 0.648718084828983 0.474684633333333 0.888964766666667
TCGA-34-5231-01 0.6431715 0.657261233333333 0.600573329653696 0.600573329653696
TCGA-34-5232-01 0.312939682611091 0.356168533333333 0.4200914 0.279374533333333
TCGA-56-8082-01 0.652179407874231 0.5933388 0.749566933333333 0.620123634866002
TCGA-21-1070-01 0.545921 0.461825433333333 0.360488933333333 0.404676733333333
TCGA-58-8390-01 0.71959101831513 0.738749033812042 0.510602633333333 0.7056463
TCGA-66-2756-01 0.658991000294396 0.714632349441906 0.618484466666667 0.62831307735966
TCGA-85-8479-01 0.862718333333333 0.701492866666667 0.77048 0.599435666666667
TCGA-37-4135-01 0.862718333333333 0.845515266666667 0.536364433333333 0.681313366666667
TCGA-34-5236-01 0.265421 0.233624933333333 0.3814035 0.283172766666667
TCGA-92-8065-01 0.788048366666667 0.550837466666667 0.434785633333333 0.430604633333333
TCGA-60-2709-01 0.293122566666667 0.212756033333333 0.2242392 0.205146766666667
TCGA-98-A53B-01 0.485756366666667 0.389284066666667 0.535788862832807 0.3601247
TCGA-90-7964-01 0.439015733333333 0.701492866666667 0.497927833333333 0.558284833333333
TCGA-96-8169-01 0.368712766666667 0.423735639240363 0.479827433333333 0.339800355300826
TCGA-63-A5ML-01 0.6963509 0.635587458401661 0.584509904669092 0.610723097642808
TCGA-77-6844-01 0.6431715 0.714632349441906 0.635587458401661 0.631669529001609
TCGA-56-8201-01 0.2600356 0.233624933333333 0.204644933333333 0.3144903
TCGA-56-7580-01 0.312939682611091 0.5808317 0.612568 0.4244837
TCGA-37-3783-01 0.419330041872791 0.389284066666667 0.338148966666667 0.541721733333333
TCGA-66-2791-01 0.586563140027069 0.331407433333333 0.320589333333333 0.455265333333333
TCGA-77-8131-01 0.336629033333333 0.2549322 0.231224146808806 0.212756033333333
TCGA-37-A5EN-01 0.6050595 0.5232873 0.642646155412721 0.406765533333333
TCGA-85-8351-01 0.428813533333333 0.496255266666667 0.609798787370539 0.793826633333333
TCGA-77-A5G3-01 0.544516535028429 0.550837466666667 0.653179225953771 0.381657333333333
TCGA-33-A5GW-01 0.666058778383394 0.8661461 0.853238333333333 0.728844233933416
TCGA-60-2720-01 0.195970466666667 0.177124233333333 0.396012033333333 0.260548966666667
TCGA-46-6026-01 0.845515266666667 0.738749033812042 0.801076533333333 0.740182520284867
TCGA-22-4599-01 0.449442066666667 0.5232873 0.3441344 0.7575537
TCGA-XC-AA0X-01 0.239511133333333 0.329107979441174 0.4308742 0.211164114274374
TCGA-34-5240-01 0.666058778383394 0.701492866666667 0.5143603 0.601525361661816
TCGA-58-8388-01 0.545921 0.701492866666667 0.404958045655384 0.599534
TCGA-33-4538-01 0.627467482536548 0.566414983622728 0.6676402 0.801076533333333
TCGA-94-A5I4-01 0.631669529001609 0.623159811509378 0.702134433333333 0.692552466666667
TCGA-70-6722-01 0.393282566666667 0.356168533333333 0.3750788 0.347825633333333
TCGA-77-A5GB-01 0.368712766666667 0.3744173 0.400736222056055 0.2600356
TCGA-66-2795-01 0.584509904669092 0.754201033333333 0.3695267 0.550837466666667
TCGA-21-5782-01 0.485756366666667 0.5808317 0.519233566666667 0.4043084
TCGA-77-8148-01 0.652179407874231 0.817097266666667 0.575565887284823 0.750100166666667
TCGA-77-7335-01 0.485756366666667 0.423735639240363 0.177124233333333 0.3955462
TCGA-56-5897-01 0.231224146808806 0.212756033333333 0.255737266666667 0.2606168
TCGA-66-2727-01 0.52651950951 0.474185566666667 0.524298033333333 0.497968966666667
TCGA-85-6561-01 0.325991614130339 0.4540419 0.250681233333333 0.320589333333333
TCGA-77-8128-01 0.652179407874231 0.644628626446766 0.692552466666667 0.61453937838251
TCGA-56-8622-01 0.556615733333333 0.496255266666667 0.489951833333333 0.428813533333333
TCGA-56-8083-01 0.824449666666667 0.909163033333333 0.8295961 0.750436066666667
TCGA-43-2581-01 0.439015733333333 0.496255266666667 0.2882971 0.3700691
TCGA-85-A4JC-01 0.195970466666667 0.212756033333333 0.43989846560055 0.294606028317388
TCGA-60-2707-01 0.449442066666667 0.4344737 0.413749485302072 0.463357
TCGA-85-8070-01 0.817097266666667 0.8661461 0.902405833333333 0.805398350504316
TCGA-37-4130-01 0.556615733333333 0.412331 0.294606028317388 0.43989846560055
TCGA-22-5477-01 0.737814604843636 0.724359933333333 0.670639707940662 0.636801933333333
TCGA-56-7730-01 0.737814604843636 0.805398350504316 0.878015766666667 0.738749033812042
TCGA-34-2605-01 0.909163033333333 0.5933388 0.7070375 0.709061291203302
TCGA-43-6647-01 0.312939682611091 0.2549322 0.2693746 0.234056833333333
TCGA-21-1080-01 0.747278439756879 0.801076533333333 0.610636363035504 0.688618039326488
TCGA-60-2722-01 0.7056463 0.817097266666667 0.717490489984537 0.708140211542687
TCGA-18-3412-01 0.61453937838251 0.550837466666667 0.581630493515708 0.6676402
TCGA-56-8308-01 0.562242366666667 0.4540419 0.535306126776083 0.458265433333333
TCGA-56-7222-01 0.5034492 0.5232873 0.754201033333333 0.5978552
TCGA-66-2744-01 0.528747666666667 0.389284066666667 0.265421 0.460966344318067
TCGA-85-7844-01 0.353587943947956 0.5232873 0.4576437 0.393282566666667
TCGA-39-5027-01 0.528747666666667 0.389284066666667 0.867765 0.562242366666667
TCGA-85-A511-01 0.312939682611091 0.2745784 0.3828902 0.336629033333333
TCGA-NC-A5HH-01 0.71959101831513 0.510433433333333 0.71959101831513 0.609798787370539
TCGA-63-A5MT-01 0.419330041872791 0.212756033333333 0.430399733333333 0.3477455
TCGA-NK-A5D1-01 0.797664866666667 0.805398350504316 0.7845369 0.780422766666667
TCGA-22-4591-01 0.824449666666667 0.724359933333333 0.705916166666667 0.717490489984537
TCGA-58-A46L-01 0.562242366666667 0.566414983622728 0.506614912591721 0.536162776580501
TCGA-77-A5G7-01 0.393282566666667 0.4043084 0.793826633333333 0.389284066666667
TCGA-77-A5FZ-01 0.479339866666667 0.4344737 0.173334810163737 0.7070375
TCGA-94-A4VJ-01 0.485756366666667 0.550837466666667 0.5808317 0.435211833333333
TCGA-46-3767-01 0.265421 0.2549322 0.233704366666667 0.2745784
TCGA-77-7337-01 0.485756366666667 0.566414983622728 0.428813533333333 0.455728633333333
TCGA-85-A4CL-01 0.6431715 0.6750201 0.430735333333333 0.480621733333333
TCGA-66-2787-01 0.485756366666667 0.364154573092724 0.405743233333333 0.450365166666667
TCGA-56-7822-01 0.277957833333333 0.319119766666667 0.587838909302591 0.4576437
TCGA-NC-A5HI-01 0.393282566666667 0.623159811509378 0.740182520284867 0.454725233333333
TCGA-66-2755-01 0.400736222056055 0.342303933333333 0.28876 0.382358807533102
TCGA-21-5787-01 0.631669529001609 0.533041266666667 0.347933866666667 0.449771966666667
TCGA-39-5040-01 0.528747666666667 0.5933388 0.6750201 0.877885733333333
TCGA-77-7463-01 0.5978552 0.4043084 0.65241962662533 0.529509501771155
TCGA-LA-A7SW-01 0.5034492 0.522490787718136 0.652822530400819 0.429673
TCGA-98-A53A-01 0.5978552 0.780422766666667 0.720156266666667 0.5526169
TCGA-66-2778-01 0.353587943947956 0.212756033333333 0.481372314580136 0.337904
TCGA-39-5011-01 0.368712766666667 0.474185566666667 0.329107979441174 0.331407433333333
TCGA-O2-A52S-01 0.67933763600267 0.701492866666667 0.6050595 0.624288972065948
TCGA-77-8143-01 0.7056463 0.657261233333333 0.719603633333333 0.648718084828983
TCGA-22-5483-01 0.631669529001609 0.635587458401661 0.464564566666667 0.524298033333333
TCGA-NC-A5HN-01 0.6050595 0.845515266666667 0.788048366666667 0.514529766666667
TCGA-85-7698-01 0.528747666666667 0.635587458401661 0.425254333333333 0.415936046288976
TCGA-68-8251-01 0.325991614130339 0.283172766666667 0.3947114 0.383689966666667
TCGA-79-5596-01 0.652179407874231 0.7669124 0.7434346 0.550875033333333
TCGA-22-A5C4-01 0.562242366666667 0.5232873 0.6963509 0.776131866666667
