abscnseq ascat estimate purbayes
TCGA-D1-A103-01 0.34 0.6 0.844578752878025 0.616498707111987
TCGA-EY-A1GH-01 0.3 0.567397794797131 0.846756817401073 0.708714
TCGA-EC-A24G-01 0.27 0.58 0.829502014228042 0.5465306
TCGA-B5-A11F-01 0.47 0.87 0.899082819498392 0.7749072
TCGA-B5-A11E-01 0.56 0.81 0.898564049284435 0.750803723024806
TCGA-EY-A1G8-01 0.41 0.92 0.90531291125461 0.8406485
TCGA-B5-A0K7-01 0.43 0.629178336133603 0.86921145575896 0.7564332
TCGA-D1-A3DG-01 0.89 0.86 0.968971656615 0.9089346
TCGA-AX-A3G1-01 0.51 0.55 0.823400661858 0.8417987
TCGA-A5-A0GA-01 0.37 0.53 0.827537114334253 0.4882457
TCGA-AP-A0LM-01 0.2 0.29 0.786474585653575 0.471946734201931
TCGA-QS-A8F1-01 0.72 0.651943636330586 0.889669317976 0.5157419
TCGA-D1-A174-01 0.32 0.44 0.826607903967281 0.6174374
TCGA-D1-A0ZS-01 0.67 0.57 0.879195973283757 0.7033794
TCGA-EO-A22S-01 0.4 0.35 0.844169542910575 0.8181168
TCGA-D1-A1O0-01 0.85 0.78 0.934659649413906 0.8888601
TCGA-AX-A2IO-01 0.6 0.57 0.870918394659655 0.682026660908677
TCGA-QS-A5YR-01 0.46 0.56 0.78593516318 0.5384672
TCGA-EY-A1GX-01 0.85 0.91 0.945915386712668 0.868604727189283
TCGA-AP-A0LN-01 0.37 0.600094206498047 0.858640593173546 0.7328866
TCGA-D1-A165-01 0.37 0.57 0.847475215626302 0.6501941
TCGA-EO-A3AY-01 0.31 0.74 0.797771349587 0.6661772
TCGA-A5-A1OF-01 0.52 0.38 0.835984615095746 0.595118148173926
TCGA-AX-A1CC-01 0.61 0.2 0.786169831956434 0.1925435
TCGA-EO-A22T-01 0.25 0.39 0.791373730460983 0.3728852
TCGA-D1-A16J-01 0.74 0.52 0.879147725506084 0.6917237
TCGA-AX-A3FX-01 0.64 0.63 0.862214921999 0.490732
TCGA-FI-A2D5-01 0.29 0.49272322165443 0.819615738702576 0.5183063
TCGA-FI-A2D6-01 0.43 0.87 0.90426684335397 0.8639121
TCGA-FI-A2CY-01 0.65 0.77 0.905488351887021 0.7818867
TCGA-AJ-A23O-01 0.44 0.65 0.846066260169624 0.4894882
TCGA-PG-A916-01 0.46 0.684994456614004 0.911169801588 0.8075056
TCGA-BG-A0M8-01 0.43 0.36 0.822775323470839 0.562255975694134
TCGA-D1-A168-01 0.5 0.59 0.874300156846828 0.7859657
TCGA-BG-A0VV-01 0.65 0.61 0.90858505593299 0.9798493
TCGA-D1-A17D-01 0.32 0.563750689647689 0.845431247481932 0.6809317
TCGA-AX-A2H4-01 0.48 0.52 0.658403284837 0.5125154
TCGA-D1-A17Q-01 0.5 0.24 0.846586984787173 0.8669499
TCGA-BG-A0MQ-01 0.39 0.645230751192477 0.875045836085196 0.8353878
TCGA-EY-A1GJ-01 0.89 0.84 0.933481000320642 0.7783623
TCGA-AP-A05A-01 0.85 0.85 0.937352759685337 0.8435742
TCGA-EO-A3KU-01 0.74 0.68 0.94281781706 0.5357596
TCGA-EY-A4KR-01 0.44 0.6 0.75704872424 0.2574054
TCGA-5B-A90C-01 0.79 0.75682449673919 0.947372759551 0.6686008
TCGA-EY-A547-01 0.92 0.85 0.958304624748 0.8674758
TCGA-AX-A3G3-01 0.88 0.6 0.722548231768 0.5468529
TCGA-A5-A0G3-01 0.62 0.82 0.906921362662167 0.771595108474185
TCGA-BS-A0TJ-01 0.46 0.670656654727328 0.884287086751618 0.8401435
TCGA-B5-A11I-01 0.69 0.54 0.878790415533665 0.7123878
TCGA-AX-A1CE-01 0.46 0.29 0.816854156785063 0.547525253832964
TCGA-DF-A2KZ-01 0.36 0.59 0.803470528423 0.5233765
TCGA-AX-A3FS-01 0.55 0.77 0.896185275627 0.8191716
TCGA-BS-A0T9-01 0.3 0.36 0.801366652848554 0.4609821
TCGA-AX-A2H8-01 0.61 0.57 0.862368883994909 0.5857284
TCGA-AJ-A3BG-01 0.61 0.82 0.948861114931 0.800616087782107
TCGA-EY-A212-01 0.78 0.76 0.929850332462051 0.9237061
TCGA-D1-A2G0-01 0.49 0.74 0.917664465885 0.6459993
TCGA-AP-A1E4-01 0.5 0.693755174824291 0.892682431048699 0.8657469
TCGA-AX-A0IW-01 0.76 0.81 0.905364054526103 0.6397983
TCGA-A5-A1OH-01 0.89 0.722503150803023 0.955907844259 0.4179726
TCGA-EC-A1QX-01 0.3 0.56 0.817418288117947 0.4169057
TCGA-D1-A17M-01 0.45 0.63 0.87741402804968 0.8212712
TCGA-AX-A1CA-01 0.68 0.62 0.8869991705909 0.722032533083158
TCGA-AX-A062-01 0.58 0.89 0.924999020587849 0.9194442
TCGA-BS-A0V4-01 0.42 0.78 0.857696439032 0.7115091
TCGA-BS-A0V7-01 0.38 0.74 0.622472194824 0.2307402
TCGA-AP-A0LO-01 0.46 0.580832371909651 0.851639723313306 0.6002553
TCGA-AJ-A3BD-01 0.61 0.607569638911233 0.867168158499 0.5173245
TCGA-BG-A186-01 0.6 0.76 0.899817485461317 0.7794986
TCGA-A5-A0GQ-01 0.25 0.37 0.794246849029737 0.4230089
TCGA-H5-A2HR-01 0.88 0.65 0.861723062487 0.6440675
TCGA-B5-A1N2-01 0.486587007482435 0.71 0.856189825353967 0.488426
TCGA-EY-A2OO-01 0.5 0.92 0.949675084934 0.7629387
TCGA-AP-A0LF-01 0.38 0.39 0.820973027603102 0.557772210830202
TCGA-A5-A0G1-01 0.24 0.43 0.810001369460315 0.530476839320822
TCGA-A5-A7WK-01 0.83 0.829437457298493 0.947513905769 0.9123493
TCGA-BK-A139-01 0.49 0.44 0.8246930983 0.7217283
TCGA-D1-A0ZV-01 0.35 0.58 0.833999941204854 0.5202785
TCGA-DI-A1NO-01 0.91 0.8 0.938112982690973 0.849193849301287
TCGA-AP-A1DR-01 0.44 0.640320427638917 0.87326113920119 0.7771686
TCGA-AX-A06J-01 0.52 0.68 0.879289314726348 0.7252828
TCGA-AX-A0IU-01 0.57635615310735 0.73 0.890882189260793 0.740804
TCGA-D1-A169-01 0.48 0.64 0.85996183345696 0.6056522
TCGA-BG-A0MU-01 0.72 0.84 0.921299099330592 0.807364147093632
TCGA-B5-A0JV-01 0.37 0.97 0.908121110154013 0.8534156
TCGA-B5-A0K4-01 0.71 0.85 0.925337897082401 0.847217
TCGA-AJ-A3EK-01 0.33 0.41 0.795333042567 0.5170694
TCGA-PG-A7D5-01 0.73 0.728980715433343 0.945201792956 0.6223519
TCGA-A5-A1OJ-01 0.27 0.3 0.773689806728211 0.2678906
TCGA-D1-A163-01 0.44 0.78 0.888417685743799 0.7866686
TCGA-B5-A11Q-01 0.92 0.86 0.953886852516012 0.9388162
TCGA-AX-A1CN-01 0.54 0.82 0.912931441792657 0.9051162
TCGA-AP-A1DM-01 0.44 0.578276091926184 0.850710622639719 0.6114706
TCGA-BG-A0MT-01 0.65 0.76 0.904502957789929 0.7822243
TCGA-BG-A0M6-01 0.74 0.67 0.922571717514994 0.9790595
TCGA-AX-A06F-01 0.64 0.97 0.925554694994748 0.7878151
TCGA-BG-A0LX-01 0.34 0.85 0.885265411437082 0.7719216
TCGA-A5-A0VQ-01 0.41 0.48 0.859701690101335 0.8324944
TCGA-AX-A064-01 0.47 0.632747145498379 0.870508568440732 0.7298798
TCGA-EY-A2ON-01 0.6 0.61 0.895354646108 0.6524665
TCGA-D1-A3DA-01 0.67 0.8 0.927017604044 0.7885271
TCGA-AJ-A3BF-01 0.68 0.77 0.937342843637 0.8740442
TCGA-BS-A0TC-01 0.43 0.66 0.876298552937699 0.7967355
TCGA-JU-AAVI-01 0.63 0.592300384245 0.777235922479 0.7346627
TCGA-DI-A1NN-01 0.53 0.57 0.866829018017179 0.7034279
TCGA-A5-AB3J-01 0.3 0.386848314103579 0.763429972226 0.2844716
TCGA-AX-A0IZ-01 0.35 0.37 0.814774406239308 0.542351235188341
TCGA-EY-A215-01 0.48 0.81 0.897908800279112 0.8162826
TCGA-AX-A05Y-01 0.43 0.682545646171082 0.888608237028622 0.898958
TCGA-EY-A2OQ-01 0.63 0.74 0.905288389316 0.7172879
TCGA-BG-A18C-01 0.68 0.8 0.909934980783511 0.7690257
TCGA-BK-A0CA-01 0.26 0.32 0.921835704465 0.6234483
TCGA-AJ-A6NU-01 0.52 0.505628273156867 0.828711000228 0.3308672
TCGA-AP-A05N-01 0.38 0.89 0.892462892446407 0.7677244
TCGA-AP-A3K1-01 0.7 0.65 0.90318287474 0.6527216
TCGA-D1-A17N-01 0.41 0.26 0.805779009972381 0.5107621
TCGA-BG-A221-01 0.33 0.39 0.802477751590626 0.4140707
TCGA-D1-A1NU-01 0.76 0.81 0.926772695161212 0.8583461
TCGA-D1-A0ZO-01 0.31 0.7 0.850541549164088 0.6004634
TCGA-SJ-A6ZJ-01 0.32 0.591724354335218 0.888384657976 0.648336
TCGA-B5-A11W-01 0.51 0.82 0.904714167036909 0.8482943
TCGA-AP-A0LJ-01 0.45 0.5 0.837146250868933 0.5453615
TCGA-A5-A0GI-01 0.41 0.662237844364565 0.881227201907458 0.8627654
TCGA-EY-A1GW-01 0.89 0.73 0.918659853110516 0.741428
TCGA-BG-A0MA-01 0.36 0.580330019998893 0.851457139440771 0.6891247
TCGA-AP-A0LV-01 0.61 0.687170757407993 0.89028927118506 0.7489302
TCGA-DF-A2KS-01 0.62 0.62 0.879988500329788 0.704591336245227
TCGA-A5-A0R8-01 0.34 0.53 0.821173951336305 0.4503513
TCGA-D1-A1NY-01 0.37 0.75 0.876595100881355 0.7603173
TCGA-AX-A1C5-01 0.32 0.87 0.871421527491612 0.6278462
TCGA-AX-A06H-01 0.36 0.518534913062912 0.828997207097717 0.5240923
TCGA-B5-A11S-01 0.59 0.64 0.882909998225014 0.7406841
TCGA-AX-A2HH-01 0.46 0.9 0.920773598627716 0.9741656
TCGA-EY-A3L3-01 0.93 0.78 0.937756586544772 0.848307204357702
TCGA-EY-A1GO-01 0.79 0.78 0.97898931491 0.4752173
TCGA-AX-A3G9-01 0.48 0.79 0.972398269234 0.793688
TCGA-EY-A1GU-01 0.53 0.81 0.902155026160915 0.8145243
TCGA-AJ-A3EJ-01 0.51 0.52 0.808824543689 0.605901815133358
TCGA-BS-A0U5-01 0.58 0.6 0.879790090127503 0.7594435
TCGA-BG-A0VX-01 0.51 0.24 0.819140781039144 0.5777472
TCGA-FI-A2D4-01 0.52 0.74 0.897814644947354 0.8520153
TCGA-EO-A2CH-01 0.91 0.73 0.912187117437311 0.6573096
TCGA-AX-A3GB-01 0.41 0.53 0.825628411538 0.3745569
TCGA-A5-A0R7-01 0.44 0.68 0.859453291702283 0.5949576
TCGA-D1-A179-01 0.82 0.85 0.933058492512822 0.8267999
TCGA-AX-A1CR-01 0.7 0.62 0.895391668684792 0.7896637
TCGA-B5-A0JR-01 0.46 0.611091925941497 0.853684674204 0.7103647
TCGA-AP-A0LQ-01 0.48 0.63 0.864976912837144 0.667245398901503
TCGA-AJ-A2QO-01 0.35 0.47 0.928657014328 0.7401883
TCGA-AJ-A3NH-01 0.66 0.69 0.960392444028 0.7821107
TCGA-AJ-A2QL-01 0.57 0.67 0.880811684698644 0.7061152
TCGA-QS-A744-01 0.43 0.710697366167476 0.970757293416 0.738773
TCGA-D1-A16O-01 0.58 0.64 0.888096261756902 0.8026486
TCGA-AX-A3FW-01 0.83 0.83 0.96609464276 0.8985372
TCGA-B5-A1MY-01 0.71 0.66 0.892327400196609 0.7077738
TCGA-B5-A0JU-01 0.42 0.39 0.854604352942987 0.8650097
TCGA-EO-A1Y7-01 0.84 0.79 0.938248819368 0.8538009
TCGA-B5-A3FA-01 0.35 0.76 0.924268655216 0.715206467322972
TCGA-D1-A0ZP-01 0.65 0.74 0.89511416502251 0.7071736
TCGA-A5-A2K4-01 0.4 0.48 0.883878599371 0.3865203
TCGA-A5-A2K7-01 0.47 0.39 0.877390149513 0.8704686
TCGA-PG-A914-01 0.8 0.719743634471007 0.897273113469 0.6804044
TCGA-AX-A05U-01 0.69 0.759821170622909 0.916694652555989 0.8707844
TCGA-D1-A17L-01 0.59 0.55 0.867056663382899 0.672419417546126
TCGA-BG-A18A-01 0.44 0.59 0.851146821587407 0.6037339
TCGA-D1-A1O8-01 0.29 0.54 0.819591356405155 0.4689041
TCGA-DI-A1BY-01 0.39 0.69 0.865072271571937 0.6870269
TCGA-AP-A054-01 0.69 0.89 0.920738806734677 0.7767223
TCGA-D1-A1NX-01 0.7 0.73 0.902532654465985 0.7481959
TCGA-AP-A1DP-01 0.66 0.89 0.928136351328499 0.8793026
TCGA-D1-A1O7-01 0.29 0.73 0.860331816881688 0.6872578
TCGA-A5-A3LO-01 0.53 0.33 0.93127741047 0.9753299
TCGA-B5-A11V-01 0.35 0.643877703976792 0.874554060110883 0.8678587
TCGA-EC-A1NJ-01 0.4 0.48 0.832518938646813 0.5640233
TCGA-D1-A15Z-01 0.37 0.644858106211098 0.874910395247163 0.8524348
TCGA-EO-A22Y-01 0.66 0.67 0.927322998937 0.759579339264869
TCGA-AJ-A5DV-01 0.3 0.25 0.885783849175 0.6703227
TCGA-B5-A11N-01 0.34 0.52 0.825008121285373 0.4998889
TCGA-FI-A2D2-01 0.71 0.64 0.875810903222843 0.5599607
TCGA-D1-A17K-01 0.87 0.81 0.944918565987605 0.9443543
TCGA-AX-A2IN-01 0.45 0.54 0.786930632719 0.6433815
TCGA-DI-A1C3-01 0.35 0.6 0.701987288452 0.2333391
TCGA-AP-A0LP-01 0.48 0.24 0.835020053052153 0.7669123
TCGA-D1-A2G6-01 0.35 0.59 0.831249800923421 0.4818071
TCGA-AJ-A3I9-01 0.76 0.84 0.949397486473 0.8582585
TCGA-AP-A1E3-01 0.39 0.26 0.790701045421457 0.3748825
TCGA-AX-A0J0-01 0.44 0.37 0.825290411630977 0.568513030445237
TCGA-EY-A1G7-01 0.83 0.93 0.939507813997944 0.8004409
TCGA-BS-A0UF-01 0.29 0.528988517435199 0.832796654312622 0.6151578
TCGA-A5-A0GD-01 0.31 0.59 0.83972677463085 0.604427920081574
TCGA-D1-A3JP-01 0.45 0.43 0.795133180322 0.3636739
TCGA-FI-A2D0-01 0.39 0.43 0.846293582332442 0.7656458
TCGA-AJ-A3EM-01 0.72 0.66 0.978166186228 0.5183344
TCGA-BG-A0M2-01 0.59 0.78 0.901562450843545 0.7855392
TCGA-AX-A1CJ-01 0.44 0.79 0.887894095888935 0.7709267
TCGA-BK-A0CB-01 0.56 0.32 0.842041777586372 0.683249
TCGA-B5-A11J-01 0.41 0.55 0.862514339275318 0.7884288
TCGA-EY-A549-01 0.45 0.689050447872518 0.926956383858 0.7805185
TCGA-A5-A0GN-01 0.68 0.71 0.887397131505136 0.6325225
TCGA-EO-A2CG-01 0.53 0.43 0.832965325762773 0.5032905
TCGA-BG-A0VW-01 0.32 0.7 0.857333998601351 0.6607823
TCGA-A5-A0GV-01 0.52 0.711914501758134 0.899282585568247 0.8962017
TCGA-BG-A0LW-01 0.61 0.95 0.937406949037553 0.9566646
TCGA-AX-A2HG-01 0.34 0.58621606527411 0.853596470290809 0.7228864
TCGA-AX-A060-01 0.53 0.716239235135885 0.900854444957805 0.8987304
TCGA-4E-A92E-01 0.48 0.593029717121245 0.829167550061 0.7028375
TCGA-BG-A0MK-01 0.39 0.74 0.883597180392 0.7229536
TCGA-BG-A0YV-01 0.82 0.79 0.940798032884112 0.9681895
TCGA-EY-A1GS-01 0.6 0.71 0.856761268714302 0.3919483
TCGA-A5-A0G9-01 0.46 0.87 0.891384977730783 0.7053457
TCGA-QS-A5YQ-01 0.5 0.28 0.827877246856 0.8171274
TCGA-D1-A16B-01 0.31 0.23 0.801042598437964 0.5838125
TCGA-FI-A2F8-01 0.54 0.43 0.827189380733148 0.4353063
TCGA-A5-A0GR-01 0.86 0.53 0.86331181780406 0.4114146
TCGA-B5-A5OD-01 0.78 0.67 0.839168786065 0.5405841
TCGA-B5-A11O-01 0.22 0.23 0.769655149336219 0.3445869
TCGA-A5-A3LP-01 0.58 0.53 0.903309895313 0.5170211
TCGA-B5-A0K1-01 0.36 0.639025044470191 0.872790321691997 0.8458779
TCGA-AP-A051-01 0.35 0.53 0.833579978200471 0.5679758
TCGA-BS-A0TA-01 0.25 0.4 0.794599065927837 0.3954138
TCGA-D1-A16R-01 0.42 0.75 0.880619999059786 0.7562996
TCGA-AX-A05T-01 0.57 0.88 0.913489717753511 0.8213707
TCGA-AX-A05W-01 0.35 0.574614495841814 0.833712861344 0.7341512
TCGA-AX-A2H5-01 0.85 0.86 0.943061277568357 0.8914521
TCGA-FI-A2F4-01 0.44 0.624401725852601 0.867475358047347 0.7346555
TCGA-A5-A0RA-01 0.47 0.574760341141789 0.849432794528921 0.575018
TCGA-AJ-A3IA-01 0.48 0.53 0.787172705046 0.5147075
TCGA-BG-A0M0-01 0.56 0.696202342392521 0.893571873930827 0.8181558
TCGA-D1-A17C-01 0.3 0.47 0.851256290091618 0.8559093
TCGA-B5-A11L-01 0.36 0.47 0.831420652009607 0.5992928
TCGA-AP-A1DH-01 0.45 0.27 0.817009323084246 0.5789243
TCGA-B5-A0K8-01 0.68 0.66 0.867204064557259 0.4783682
TCGA-AP-A053-01 0.87 0.86 0.9417332795765 0.8598532
TCGA-B5-A1MR-01 0.33 0.419441835954816 0.792981025269299 0.2865138
TCGA-EY-A1GC-01 0.61 0.53 0.845876046102085 0.4589506
TCGA-A5-A0GE-01 0.48 0.42 0.821577143732831 0.4425378
TCGA-A5-A0GW-01 0.33 0.492002120788584 0.819353648749788 0.4802961
TCGA-PG-A5BC-01 0.7 0.68 0.926643529754 0.6979713
TCGA-AX-A2HF-01 0.86 0.83 0.933404851903676 0.8150451
TCGA-DI-A2QU-01 0.77 0.79 0.919780380444418 0.7987385
TCGA-D1-A17H-01 0.36 0.54 0.842874152583194 0.6434364
TCGA-AP-A05D-01 0.95 0.61 0.914683649496256 0.7714735
TCGA-AJ-A3BK-01 0.33 0.545688438888553 0.80234628811 0.7431888
TCGA-EO-A3KX-01 0.34 0.68891434060027 0.962400831383 0.7632259
TCGA-E6-A2P9-01 0.55 0.85 0.92197766832 0.7259252
TCGA-AJ-A3BH-01 0.36 0.61 0.861330603425 0.4991294
TCGA-BS-A0V8-01 0.57 0.55 0.864719773295861 0.666605685266816
TCGA-A5-A2K3-01 0.24 0.36 0.488182625884 0.3040801
TCGA-B5-A1MX-01 0.37 0.42 0.841653011695886 0.7467121
TCGA-AX-A2H7-01 0.39 0.555712762153923 0.842509797602811 0.5963176
TCGA-AX-A06L-01 0.61 0.63 0.885812824221568 0.762672
TCGA-B5-A11X-01 0.452107250657344 0.49 0.842864709437269 0.612234497282464
TCGA-A5-A0GX-01 0.61 0.24 0.813931662829165 0.4343596
TCGA-BS-A0TI-01 0.63 0.63 0.881469023211274 0.7002866
TCGA-D1-A17U-01 0.33 0.69 0.858916774626095 0.6783157
TCGA-EO-A1Y5-01 0.73 0.76 0.890649836296859 0.5686375
TCGA-PG-A6IB-01 0.38 0.444090960761403 0.704528337563 0.626034
TCGA-AJ-A8CW-01 0.47 0.625921748921763 0.887824711466 0.6468583
TCGA-D1-A176-01 0.45 0.8 0.88713300417071 0.7437392
TCGA-D1-A177-01 0.41 0.661667007119733 0.881019726485317 0.8612409
TCGA-B5-A11M-01 0.357209471239663 0.3 0.806190323437608 0.520995691104631
TCGA-EY-A1GQ-01 0.44 0.622687154685607 0.866852183263494 0.7300765
TCGA-AJ-A3OL-01 0.5 0.86 0.916222440578046 0.9332088
TCGA-DF-A2KV-01 0.28 0.27 0.848738922801 0.5240799
TCGA-D1-A17B-01 0.21 0.41 0.787299183588015 0.3465812
TCGA-BG-A0YU-01 0.72 0.79 0.914414908771512 0.7890711
TCGA-D1-A16E-01 0.47 0.52 0.848995393510817 0.627486458035921
TCGA-EY-A1GI-01 0.37 0.620751999465395 0.8661488354181 0.7880561
TCGA-B5-A11Z-01 0.79 0.86 0.936365519247975 0.8772257
TCGA-DF-A2KN-01 0.3 0.41198480627687 0.740959249401 0.4550415
TCGA-B5-A121-01 0.67 0.45 0.867195829619922 0.7056399
TCGA-BS-A0WQ-01 0.43 0.699837390327403 0.894893061557637 0.945138
TCGA-BG-A0M9-01 0.39 0.79 0.88702451339387 0.8071551
TCGA-EY-A5W2-01 0.4 0.623114155597534 0.855714334454 0.804256
TCGA-AX-A1C8-01 0.59 0.69 0.865242970012419 0.5083477
TCGA-AX-A3FZ-01 0.84 0.81 0.959450680085 0.853060485253781
TCGA-D1-A1NS-01 0.3 0.36 0.796129177742765 0.4075159
TCGA-AX-A2HA-01 0.46 0.648882686789092 0.876373161669504 0.7819931
TCGA-AP-A0LI-01 0.46 0.43 0.871473033696435 0.9595399
TCGA-AX-A2H2-01 0.445223398152284 0.61 0.840204362003594 0.4665235
TCGA-B5-A0K6-01 0.52 0.78 0.868962271656714 0.5158914
TCGA-B5-A0K0-01 0.55 0.646425035073649 0.875479908239118 0.6942397
TCGA-A5-A0GB-01 0.43 0.88 0.903852771234951 0.8492882
TCGA-AP-A05H-01 0.85 0.84 0.936488884896336 0.845153406909148
TCGA-AJ-A23M-01 0.56 0.74 0.864899221812922 0.4799174
TCGA-AJ-A8CV-01 0.36 0.516049280796754 0.837557244668 0.4864798
TCGA-BG-A0MG-01 0.61 0.82 0.908496523510892 0.7966952
TCGA-EY-A2OM-01 0.47 0.9 0.900733673806248 0.7605691
TCGA-AP-A1DK-01 0.28 0.56 0.826617623579234 0.5288583
TCGA-BG-A0M3-01 0.44 0.673280970808711 0.88524091569629 0.8651943
TCGA-EY-A72D-01 0.83 0.848879923929694 0.951166776903 0.9754448
TCGA-AX-A3G6-01 0.69 0.78 0.925970167863 0.59948
TCGA-AP-A1DV-01 0.4 0.42 0.827349847039996 0.573636508943856
TCGA-EO-A1Y8-01 0.76 0.76 0.925872186356324 0.9011378
TCGA-BG-A0W1-01 0.53 0.8 0.902991691761543 0.8334622
TCGA-B5-A1MW-01 0.42 0.741060401861441 0.976027451109 0.8477514
TCGA-AX-A05S-01 0.45 0.77 0.875846156446337 0.6597093
TCGA-5S-A9Q8-01 0.47 0.722194414158983 0.92087881811 0.9103061
TCGA-AJ-A5DW-01 0.34 0.52 0.900404268225 0.8075433
TCGA-D1-A15W-01 0.31 0.5 0.828628638304232 0.5847056
TCGA-DF-A2L0-01 0.63 0.5 0.803989211093 0.622112920041162
TCGA-D1-A0ZZ-01 0.77 0.77 0.895829843071516 0.5750358
TCGA-B5-A11H-01 0.54 0.47 0.850441293232354 0.631083577956267
TCGA-D1-A16D-01 0.51 0.42 0.837089661320701 0.5738324
TCGA-BG-A0M4-01 0.29 0.73 0.860960799377298 0.6936787
TCGA-AJ-A3TW-01 0.63 0.52 0.795257767195 0.6685192
TCGA-D1-A17F-01 0.48 0.56 0.855550411020812 0.643794078621368
TCGA-B5-A11U-01 0.37 0.67 0.865015548194313 0.7252838
TCGA-AX-A1CP-01 0.9 0.5 0.895196053521294 0.7320077
TCGA-BG-A0MS-01 0.61 0.69225598302597 0.892137537641613 0.762511
TCGA-D1-A16S-01 0.69 0.56 0.892442651472316 0.8309614
TCGA-EY-A1GV-01 0.37 0.31 0.785201018823295 0.2847938
TCGA-D1-A16X-01 0.27 0.37 0.802651725528414 0.490767
TCGA-A5-A0R6-01 0.45 0.49 0.842618574073923 0.611622159922267
TCGA-D1-A17A-01 0.37 0.93 0.881499899643013 0.6232434
TCGA-BS-A0V6-01 0.46 0.37 0.827937496668899 0.5774934
TCGA-AX-A1C9-01 0.62 0.73 0.898089280643997 0.7750049
TCGA-PG-A917-01 0.54 0.602296632788318 0.815820996981 0.7281617
TCGA-KJ-A3U4-01 0.83 0.7 0.881542203692 0.8115207
TCGA-A5-A0GP-01 0.26 0.525478645299917 0.831520962844479 0.6328475
TCGA-DI-A1BU-01 0.27 0.41 0.886604546559 0.6324136
TCGA-BS-A0UL-01 0.25 0.53 0.80697995411407 0.3866432
TCGA-BK-A0C9-01 0.45 0.85 0.893684050189384 0.7586304
TCGA-D1-A0ZN-01 0.57 0.65 0.882044495991045 0.739494
TCGA-B5-A0JS-01 0.54 0.73 0.88954681862144 0.7599688
TCGA-A5-A0GM-01 0.31 0.29 0.835265954059369 0.8707966
TCGA-EY-A210-01 0.82 0.81 0.809809996259 0.8483227
TCGA-D1-A0ZQ-01 0.55 0.66 0.88089342479148 0.7353887
TCGA-EY-A54A-01 0.63 0.63 0.822781877597 0.7086011
TCGA-AX-A3GI-01 0.87 0.83 0.937479131866754 0.847616950577011
TCGA-EY-A1GP-01 0.73 0.8 0.854077554719 0.8116319
TCGA-AP-A0L8-01 0.81 0.81 0.917604262068104 0.7196457
TCGA-SL-A6JA-01 0.75 0.87 0.975271573186 0.8979349
TCGA-FI-A2EX-01 0.65 0.67 0.853733836196701 0.3575252
TCGA-B5-A11G-01 0.48 0.59 0.876578451399901 0.8272656
TCGA-AP-A0LD-01 0.37 0.629907562365244 0.869476498941787 0.8125073
TCGA-AP-A0LG-01 0.54 0.2 0.846958198354119 0.8762426
TCGA-AJ-A8CT-01 0.29 0.393923974767752 0.709836722893 0.4962004
TCGA-B5-A1MS-01 0.84 0.73 0.964152799521 0.669764
TCGA-AP-A0LE-01 0.48 0.93 0.920774954756733 0.9249466
TCGA-AJ-A23N-01 0.51 0.49 0.791202674435 0.2929686
TCGA-A5-A2K2-01 0.56 0.71 0.968050731836 0.4280171
TCGA-AP-A1E0-01 0.35 0.35 0.822392515257754 0.6409138
TCGA-AJ-A3OK-01 0.35 0.27 0.65664368101 0.6096596
TCGA-K6-A3WQ-01 0.76 0.66 0.924054572861 0.6371506
TCGA-A5-A7WJ-01 0.56 0.723581449044469 0.903523032097008 0.8912755
TCGA-AX-A0IS-01 0.47 0.82 0.89863606481176 0.822331
TCGA-BG-A0VZ-01 0.35 0.76 0.873494917655455 0.7363147
TCGA-BG-A0M7-01 0.75 0.76 0.9099349667925 0.7474655
TCGA-BG-A3PP-01 0.59 0.55 0.893817758389 0.5704192
TCGA-AP-A1DO-01 0.66 0.76 0.911044633163001 0.8399832
TCGA-AP-A1DQ-01 0.69 0.57 0.852018978219961 0.4079038
TCGA-BS-A0UT-01 0.48 0.91 0.90806699092424 0.8160125
TCGA-AX-A063-01 0.34 0.557970237093392 0.843330295161932 0.647452
TCGA-B5-A3FB-01 0.51 0.676573424045087 0.927896879607 0.6751512
TCGA-BS-A0UJ-01 0.38 0.46 0.856977623296176 0.8525431
TCGA-B5-A0JT-01 0.35 0.571339923123617 0.848189615884491 0.6741365
TCGA-EO-A3B1-01 0.51 0.48 0.781803419448 0.448898
TCGA-EY-A214-01 0.66 0.48 0.875027452745556 0.7634186
TCGA-BS-A0TG-01 0.53 0.74 0.897864191224735 0.8435
TCGA-A5-A1OK-01 0.36 0.24 0.78018480150674 0.3153856
TCGA-EO-A22X-01 0.47 0.7 0.821556641611 0.7503482
TCGA-DI-A0WH-01 0.42 0.638043743700524 0.872433659975759 0.7891306
TCGA-BK-A56F-01 0.31 0.8 0.861166285636 0.7586529
TCGA-AJ-A3NG-01 0.59 0.78 0.960601132729 0.7629423
TCGA-BG-A18B-01 0.51 0.86 0.910423514456445 0.86499
TCGA-D1-A160-01 0.43 0.612800268567057 0.863258714390041 0.7126933
TCGA-EO-A3KW-01 0.69 0.65 0.866645310302 0.6375942
TCGA-B5-A0K2-01 0.48 0.72 0.86279465127331 0.5513956
TCGA-BK-A139-02 0.57 0.53 0.832362617143 0.637936422199524
TCGA-EY-A1GF-01 0.46 0.88 0.906740920801137 0.8517083
TCGA-EO-A3L0-01 0.34 0.53 0.917524497517 0.4902086
TCGA-BG-A220-01 0.51 0.28 0.851250358270467 0.8639468
TCGA-FI-A3PX-01 0.93 0.8 0.968057137985 0.8827374
TCGA-BG-A0W2-01 0.36 0.617506034275482 0.864969063067696 0.7884084
TCGA-BS-A0TD-01 0.49 0.5 0.849098500447058 0.6312904
TCGA-BK-A6W3-01 0.34 0.579812071021557 0.834340737759 0.7611807
TCGA-A5-A1OG-01 0.49 0.55 0.866516899312596 0.7571198
TCGA-B5-A3F9-01 0.26 0.25 0.856985668878 0.2689673
TCGA-DF-A2KR-01 0.79 0.7 0.91282211819 0.782437643122837
TCGA-BK-A0CC-01 0.73 0.69 0.943462711406 0.790528901458383
TCGA-AJ-A3NC-01 0.42 0.661148883649239 0.916847084278 0.7329631
TCGA-AP-A0L9-01 0.72 0.87 0.925339028680449 0.817414712927975
TCGA-D1-A167-01 0.59 0.88 0.927561137904291 0.9469751
TCGA-BG-A222-01 0.38 0.83 0.88749760158651 0.7794181
TCGA-AX-A3G8-01 0.55 0.86 0.959957876994 0.8886164
TCGA-BS-A0UA-01 0.32 0.47 0.864188598443398 0.9698852
TCGA-D1-A16Y-01 0.52 0.26 0.852216417255927 0.8855814
TCGA-SJ-A6ZI-01 0.34 0.487730539469022 0.780093259748 0.5832708
TCGA-AP-A05J-01 0.92 0.75 0.936879533421997 0.8795646
TCGA-EY-A1GM-01 0.85 0.84 0.942970462207341 0.9113188
TCGA-FI-A2EY-01 0.83 0.8 0.958532815909 0.6701901
TCGA-AP-A1E1-01 0.39 0.497503014868128 0.821352993276869 0.4408604
TCGA-DI-A2QT-01 0.8 0.77 0.933096133644 0.815964400814191
TCGA-BG-A3EW-01 0.51 0.64 0.947103611123 0.8071279
TCGA-E6-A8L9-01 0.7 0.60938340636506 0.808838424331 0.634032
TCGA-AJ-A3NF-01 0.33 0.41 0.72159144951 0.2652149
TCGA-AJ-A2QM-01 0.63 0.7 0.967669194394 0.4940262
TCGA-EO-A3AZ-01 0.34 0.3 0.643237485977 0.4087378
TCGA-B5-A5OE-01 0.87 0.82 0.952402839237 0.86286
TCGA-B5-A11R-01 0.49 0.2 0.915573592776 0.7932857
TCGA-BG-A0RY-01 0.49 0.78 0.894885152695031 0.8075856
TCGA-B5-A1MU-01 0.6 0.32 0.807957649354194 0.2992205
TCGA-BG-A187-01 0.38 0.632172750910102 0.870299800073291 0.8095357
TCGA-AP-A059-01 0.26 0.51 0.823111404480304 0.563092080491715
TCGA-AP-A056-01 0.28 0.66 0.843447501468359 0.5966954
TCGA-D1-A161-01 0.39 0.85 0.890812390634807 0.7834419
TCGA-DF-A2KY-01 0.37 0.71 0.816031947138 0.6601994
TCGA-D1-A101-01 0.22 0.45 0.791962606050618 0.3435786
TCGA-AP-A05P-01 0.6 0.577609135602119 0.850468211959375 0.4653518
TCGA-D1-A1O5-01 0.52 0.67 0.886636555030591 0.8106832
TCGA-B5-A3FC-01 0.41 0.8 0.742481121005 0.602231118464406
TCGA-BK-A13C-01 0.87 0.87 0.948318389955931 0.9166797
TCGA-AX-A06B-01 0.55 0.64 0.874502671258394 0.690943650490537
TCGA-AJ-A3NE-01 0.45 0.66 0.867839250424 0.6078945
TCGA-AX-A3FV-01 0.88 0.8 0.959136427449 0.807108
TCGA-BS-A0TE-01 0.47 0.57 0.855728609093912 0.64423740109316
TCGA-D1-A1NW-01 0.66 0.66 0.897473407504241 0.8054117
TCGA-A5-A0GJ-01 0.67 0.79 0.908662578921146 0.7754545
TCGA-B5-A0JY-01 0.29 0.513154746149444 0.827041741837402 0.572870002563567
TCGA-AP-A052-01 0.69 0.82 0.908722582875253 0.7268342
TCGA-AX-A3G7-01 0.61 0.74 0.854599217407 0.7255367
TCGA-KP-A3W1-01 0.45 0.35 0.671019066237 0.4988807
TCGA-D1-A15X-01 0.28 0.530902928427407 0.833492462500256 0.6292916
TCGA-D1-A17S-01 0.75 0.85 0.932466801411679 0.8839073
TCGA-PG-A915-01 0.64 0.731340669742755 0.964411321405 0.6497843
TCGA-2E-A9G8-01 0.85 0.783501655449039 0.923158596583 0.7966971
TCGA-AJ-A3QS-01 0.43 0.46 0.845366242191 0.3571376
TCGA-A5-A0VP-01 0.52 0.69 0.877730551710933 0.698973995128811
TCGA-B5-A3FH-01 0.46 0.77 0.914100649609 0.6990137
TCGA-EY-A1GE-01 0.31 0.47 0.826990185557519 0.5991703
TCGA-AP-A0LS-01 0.48 0.68 0.889206121087669 0.8626018
TCGA-D1-A3JQ-01 0.53 0.58 0.881063044997 0.4998551
TCGA-AW-A1PO-01 0.9 0.89 0.940471311185828 0.7887166
TCGA-D1-A17R-01 0.36 0.79 0.88275442240848 0.7906276
TCGA-A5-A0R9-01 0.34 0.597889153350672 0.857839148739537 0.754061
TCGA-EY-A548-01 0.37 0.55 0.861279586371 0.5408547
TCGA-D1-A1NZ-01 0.37 0.76 0.854513277784574 0.5245005
TCGA-D1-A16I-01 0.6064697401965 0.76 0.902519946471961 0.8012504
TCGA-EO-A3AU-01 0.44 0.26 0.85375270202 0.7147332
TCGA-B5-A11P-01 0.47 0.94 0.897900334158103 0.6900577
TCGA-AX-A06D-01 0.37 0.67 0.842997066177712 0.5005105
TCGA-EO-A22R-01 0.32 0.528475452146911 0.832610176576214 0.586723195302856
TCGA-BS-A0U9-01 0.83 0.75 0.889577433230186 0.477876
TCGA-AX-A3FT-01 0.3 0.63 0.707156456925 0.4974511
TCGA-BG-A0MI-01 0.62 0.86 0.916047276263344 0.8231676
TCGA-D1-A175-01 0.36 0.78 0.871155219064203 0.68261583439736
TCGA-AJ-A3OJ-01 0.34 0.62 0.830782700726 0.6999139
TCGA-EY-A2OP-01 0.37 0.78 0.966720741333 0.6539542
TCGA-KP-A3W3-01 0.81 0.74 0.821896320739 0.5738976
TCGA-AX-A1CK-01 0.85 0.88 0.945520536415309 0.8957634
TCGA-BS-A0UV-01 0.3 0.5182616481486 0.828897886750339 0.577487733476663
TCGA-FI-A2F9-01 0.64 0.74 0.916689836090598 0.9364476
TCGA-EO-A3AV-01 0.24 0.4 0.738693252324 0.4119372
TCGA-B5-A0K9-01 0.31 0.58 0.878978672414 0.5659491
TCGA-D1-A16N-01 0.67 0.76 0.909534031701814 0.8155413
TCGA-EY-A3QX-01 0.79 0.77 0.90001638604 0.6764152
TCGA-AX-A1C4-01 0.41 0.94 0.8985437341477 0.750753182878801
TCGA-EY-A1GL-01 0.67 0.73 0.918655845572 0.8170562
TCGA-DI-A2QY-01 0.84 0.6 0.946409671387 0.3486179
TCGA-AX-A1C7-01 0.88 0.81 0.931646016334 0.8977233
TCGA-EO-A3B0-01 0.33 0.74 0.833365558826 0.639093038015798
TCGA-B5-A1MZ-01 0.45 0.634953509114901 0.871310489175372 0.7538144
TCGA-A5-A0GU-01 0.53 0.676161817464543 0.886287982756919 0.7916981
TCGA-BS-A0VI-01 0.4 0.74 0.870442426771803 0.680842544510189
TCGA-B5-A0JZ-01 0.61 0.75 0.888249042624754 0.6627792
TCGA-A5-A0G5-01 0.6 0.49 0.844275466386679 0.4932199
TCGA-A5-A0GH-01 0.54 0.89 0.916026887703323 0.8639375
TCGA-A5-A0GG-01 0.26 0.41 0.793688685274524 0.3667023
TCGA-EY-A1GR-01 0.8 0.79 0.915424529331987 0.727209
TCGA-E6-A1LZ-01 0.44 0.48 0.811694567425601 0.3153556
TCGA-DF-A2KU-01 0.34 0.71 0.720303049684 0.7078391
TCGA-KP-A3W4-01 0.63 0.48 0.84645676349 0.5310734
TCGA-AJ-A2QN-01 0.35 0.42 0.835198060280079 0.6988596
TCGA-B5-A1MV-01 0.48 0.61 0.838930561920892 0.4221474
TCGA-BK-A26L-01 0.57 0.47 0.907012480321 0.679106632498285
TCGA-AX-A2HC-01 0.45 0.594865178135936 0.8567400604444 0.64675369717311
TCGA-E6-A1M0-01 0.41 0.598968408423796 0.858231412741092 0.6937956
TCGA-EY-A1H0-01 0.42 0.91 0.901963578576027 0.807833
TCGA-FI-A2EW-01 0.84 0.85 0.920947973838003 0.6851288
TCGA-BG-A2AE-01 0.94 0.65 0.909722963306846 0.6882664
TCGA-B5-A0K3-01 0.77 0.78 0.916603436535262 0.7767039
TCGA-EO-A3AS-01 0.75 0.74 0.876572983704 0.6467686
TCGA-BK-A4ZD-01 0.63 0.72 0.964588298474 0.4980212
TCGA-D1-A2G5-01 0.5 0.83 0.902613963791672 0.8254788
TCGA-D1-A16Q-01 0.37 0.76 0.880256793015763 0.7873004
TCGA-AX-A0J1-01 0.42 0.78 0.871323243024375 0.630204
TCGA-D1-A16V-01 0.63 0.75 0.903567466197306 0.8011135
TCGA-BS-A0U7-01 0.35 0.535111734572079 0.83502218719759 0.5773841
TCGA-D1-A102-01 0.48 0.74 0.881985261807192 0.7265071
TCGA-AP-A05O-01 0.25 0.643904214332087 0.874563695514329 0.9581405
TCGA-BG-A0MO-01 0.61 0.83 0.918234588770977 0.8857083
TCGA-AX-A3G4-01 0.59 0.57 0.886881396685 0.7769988
TCGA-AP-A5FX-01 0.61 0.6 0.883315341052 0.6480566
TCGA-BS-A0U8-01 0.39 0.641697551350887 0.873761665973171 0.8259519
TCGA-KP-A3W0-01 0.61 0.64 0.820855610658 0.7971055
TCGA-QF-A5YS-01 0.43 0.25 0.913961420098 0.8527478
TCGA-A5-A2K5-01 0.36 0.34 0.84050396116 0.7784131
TCGA-AX-A1CI-01 0.55 0.88 0.888352108351378 0.5827983
TCGA-FI-A2EU-01 0.85 0.79 0.937343508819347 0.9058611
TCGA-SL-A6J9-01 0.6 0.58 0.749844848778 0.4050924
TCGA-D1-A15V-01 0.65 0.69 0.910538802899873 0.9166188
TCGA-FI-A2CX-01 0.58 0.39 0.874219861579915 0.9209151
TCGA-BK-A6W4-01 0.29 0.431941218489615 0.855727529389 0.1654942
TCGA-B5-A3FD-01 0.73 0.7 0.893957583213 0.7850097
TCGA-AX-A2HJ-01 0.44 0.52 0.855630708299316 0.7222854
TCGA-AJ-A3BI-01 0.74 0.68 0.819943957269 0.6420321
TCGA-B5-A0JN-01 0.73 0.76 0.963060625864 0.7165089
TCGA-BG-A0MC-01 0.45 0.67 0.866858150173064 0.671925554928329
TCGA-BG-A2L7-01 0.39 0.38 0.840479586757664 0.7582787
TCGA-QF-A5YT-01 0.29 0.32 0.929344564732 0.1489801
TCGA-AX-A1CF-01 0.68 0.61 0.881141347745701 0.6726299
TCGA-EY-A1GT-01 0.43 0.617888826721262 0.865108192083891 0.726283
TCGA-AP-A0LT-01 0.49 0.39 0.858969723508826 0.8464255
TCGA-D1-A0ZR-01 0.48 0.657511072444638 0.879509218352019 0.7869942
TCGA-AP-A0LL-01 0.85 0.91 0.952215417148499 0.9329167
TCGA-AJ-A3EL-01 0.45 0.91 0.792344827492 0.6668582
TCGA-BK-A13B-01 0.49 0.688337594065026 0.896286220388 0.8420568
TCGA-AX-A2HD-01 0.57 0.84 0.912432679834355 0.8521676
TCGA-D1-A17T-01 0.3 0.612295707399605 0.86307532754526 0.8286201
TCGA-AX-A2HK-01 0.89 0.73 0.893531331884169 0.4849062
TCGA-AX-A05Z-01 0.25 0.54 0.823757952658036 0.5475227
TCGA-EO-A22U-01 0.34 0.32 0.943047274704 0.62354773874695
TCGA-B5-A3S1-01 0.72 0.71 0.898992824379 0.3911581
TCGA-B5-A0JX-01 0.48 0.61 0.862850851746797 0.6663351
TCGA-KP-A3VZ-01 0.78 0.74 0.88842695543289 0.5216338
TCGA-BG-A0VT-01 0.44 0.73 0.876706679274412 0.7191025
TCGA-D1-A0ZU-01 0.41 0.85 0.884134441451027 0.6972286
TCGA-AJ-A2QK-01 0.48 0.510447035048766 0.826057602297215 0.3942393
TCGA-EY-A1GD-01 0.5 0.38 0.858963698898996 0.8477398
TCGA-B5-A5OC-01 0.28 0.341933098164598 0.6657571829 0.4487897
TCGA-AP-A0LH-01 0.73 0.83 0.924128137217961 0.8376189
TCGA-E6-A2P8-01 0.32 0.39 0.7654670337 0.469326
TCGA-B5-A11Y-01 0.26 0.41 0.805952741904449 0.4918986
TCGA-EY-A1GK-01 0.43 0.71 0.860707649896606 0.585593
TCGA-D1-A3DH-01 0.86 0.75 0.974859725854 0.854438684290106
TCGA-E6-A1LX-01 0.27 0.43 0.802901464803619 0.4309351
TCGA-FI-A3PV-01 0.66 0.6 0.97313764375 0.433713
TCGA-D1-A2G7-01 0.57 0.65 0.871095328105739 0.6277206
TCGA-D1-A16G-01 0.48 0.48 0.830152963977771 0.4677018
TCGA-B5-A0KB-01 0.43 0.61 0.839439061275448 0.4724438
TCGA-A5-A0G2-01 0.5 0.42 0.839034297475184 0.602705170340407
