abscnseq ascat estimate purbayes
TCGA-VP-A872-01 0.31 0.476762842056351 0.826690807562 0.5083065
TCGA-G9-6499-01 0.34 0.32 0.929537860481 0.2658404
TCGA-KC-A7FE-01 0.26 0.412336780019104 0.870333285713 0.1457017
TCGA-HC-A6AN-01 0.28 0.49 0.888756628701 0.5662325
TCGA-XQ-A8TA-01 0.88 0.753367315275949 0.959190121511331 0.899114885400534
TCGA-EJ-5507-01 0.34 0.38 0.886023341494 0.5349828
TCGA-QU-A6IO-01 0.36 0.53 0.885391701146 0.5875678
TCGA-HC-7210-01 0.31 0.32 0.82432848016 0.4002525
TCGA-VN-A88I-01 0.21 0.351589363740405 0.769491776086 0.1219541
TCGA-QU-A6IL-01 0.65 0.78 0.921477126565 0.7899596
TCGA-J4-A67Q-01 0.43 0.43 0.8049520293 0.2426415
TCGA-2A-AAYO-01 0.31 0.486093507898389 0.795949394758 0.6242322
TCGA-YL-A8HJ-01 0.22 0.379341124520901 0.766371438157 0.2582798
TCGA-HC-7740-01 0.241742200893662 0.364833115444237 0.738611264726 0.217332375961143
TCGA-ZG-A8QW-01 0.23 0.412872138215122 0.835826087804 0.2635022
TCGA-EJ-7788-01 0.27 0.67 0.882162583112 0.973452
TCGA-YL-A9WK-01 0.66 0.5937249540715 0.831260941971 0.6471931
TCGA-VN-A943-01 0.29 0.558936917330594 0.898643502480983 0.7960353
TCGA-EJ-A65B-01 0.26 0.28 0.875084380096 0.1373678
TCGA-EJ-8469-01 0.69 0.74 0.937156707702075 0.7221662
TCGA-J4-A67N-01 0.4 0.7 0.8894797239 0.6470078
TCGA-2A-A8W3-01 0.31 0.48248651898889 0.927620642093 0.3141194
TCGA-EJ-5512-01 0.22 0.37 0.942795345608 0.301088
TCGA-EJ-A7NM-01 0.27 0.480938570577053 0.82643366169 0.581794
TCGA-J4-A67S-01 0.28 0.44 0.911206232029 0.2731037
TCGA-KK-A8IG-01 0.3 0.498771674524433 0.842216605584 0.5996438
TCGA-VN-A88M-01 0.29 0.561845846131667 0.958395793852 0.6786139
TCGA-V1-A9O5-01 0.5 0.494203376824941 0.836140499571 0.3321391
TCGA-KK-A8I4-01 0.21 0.339520918456557 0.713377469764 0.1843545
TCGA-KK-A8ID-01 0.4 0.604199132449561 0.955409786726 0.7607393
TCGA-EJ-A7NG-01 0.24 0.41858701728199 0.903087785899 0.1309595
TCGA-EJ-5524-01 0.61 0.48 0.822919389132 0.5228232
TCGA-G9-7519-01 0.21 0.58 0.915644764534 0.4828868
TCGA-CH-5737-01 0.32 0.7 0.95975685039 0.648304
TCGA-CH-5740-01 0.35 0.66 0.920671439433 0.5856465
TCGA-EJ-5499-01 0.34 0.47 0.881848359438 0.4349695
TCGA-VN-A88Q-01 0.41 0.571068619597811 0.95309555903 0.5831174
TCGA-EJ-7315-01 0.31 0.61 0.751596278324 0.5995104
TCGA-EJ-7330-01 0.39 0.36 0.906518431166 0.1995408
TCGA-V1-A9ZG-01 0.26 0.441749137503835 0.878605225919 0.2781877
TCGA-KK-A6E3-01 0.22 0.41 0.820130476076 0.13592
TCGA-CH-5765-01 0.37 0.73 0.962912969377 0.7181277
TCGA-HC-A6AL-01 0.4 0.48 0.859614473701 0.6695233
TCGA-YL-A8SF-01 0.67 0.620907035394144 0.857791685194 0.7149282
TCGA-HC-7212-01 0.32 0.57 0.929459598025 0.520998068456624
TCGA-VP-AA1N-01 0.52 0.573365088612868 0.851235688484 0.6788398
TCGA-FC-A4JI-01 0.52 0.6 0.960938074775 0.5501984
TCGA-MG-AAMC-01 0.35 0.588649059867286 0.957539161924 0.7406779
TCGA-G9-6353-01 0.25 0.43 0.934856663315 0.1043013
TCGA-G9-6379-01 0.26 0.36 0.785352083451 0.2507959
TCGA-HC-7077-01 0.28 0.59 0.974451073543 0.5443076
TCGA-KK-A8IM-01 0.23 0.418614392170819 0.885242593366 0.1834994
TCGA-G9-6385-01 0.26 0.44 0.914434180907 0.4288745
TCGA-ZG-A9L4-01 0.3 0.418378514331813 0.85487289784398 0.1594125
TCGA-ZG-A8QX-01 0.28 0.478801791187538 0.927297381749 0.3345734
TCGA-XK-AAJT-01 0.72 0.626408648236878 0.854759017876 0.6854686
TCGA-VN-A88K-01 0.47 0.62988482113142 0.896629037973 0.9324838
TCGA-G9-6369-01 0.66 0.79 0.939134756145 0.8233697
TCGA-HC-7079-01 0.32 0.52 0.482056977553 0.1329561
TCGA-J9-A8CP-01 0.52 0.571685272372606 0.881949818259 0.6022028
TCGA-YL-A8SP-01 0.28 0.585967981638379 0.958190303871 0.8156276
TCGA-VP-A87J-01 0.43 0.610654084517478 0.946917732142 0.7740128
TCGA-KK-A7AQ-01 0.39 0.569819541633274 0.901559612194 0.716606
TCGA-HC-8260-01 0.4 0.3 0.91162409005 0.2319747
TCGA-EJ-7125-01 0.3 0.7 0.888790643125 0.6505069
TCGA-V1-A8MK-01 0.27 0.431775380812049 0.919877827444 0.12276381
TCGA-CH-5745-01 0.376605705070893 0.54 0.844382523667 0.463554830508205
TCGA-EJ-5532-01 0.46 0.67 0.919929590935 0.5933181
TCGA-J4-AATV-01 0.31 0.41621322412815 0.864170161627 0.11484253
TCGA-HC-8264-01 0.38 0.45 0.84321450413 0.407716829022751
TCGA-V1-A9OA-01 0.32 0.466859687515919 0.86592390364 0.3577616
TCGA-EJ-8470-01 0.31 0.45 0.791267061441 0.380354
TCGA-CH-5769-01 0.26 0.41 0.901424378988 0.1289454
TCGA-EJ-5498-01 0.33 0.33 0.832047943796 0.6491563
TCGA-EJ-A8FN-01 0.26 0.495501591156629 0.875284340016 0.5611481
TCGA-HC-A6HY-01 0.34 0.65 0.952076995346 0.668942
TCGA-2A-AAYU-01 0.27 0.552368772938011 0.95457738134 0.6642327
TCGA-J4-A67T-01 0.27 0.44 0.917031277445 0.2499909
TCGA-J4-8198-01 0.28 0.65 0.92489639011 0.3979463
TCGA-XA-A8JR-01 0.35 0.467975422413485 0.911097039156 0.2248044
TCGA-HC-7752-01 0.49 0.74 0.910843060329 0.8290843
TCGA-J4-AATZ-01 0.45 0.597165430972583 0.957015959265 0.6567334
TCGA-EJ-7317-01 0.32 0.59 0.946670378281 0.6109527
TCGA-KC-A7FA-01 0.43 0.585571875200463 0.909174409541 0.7290005
TCGA-G9-6336-01 0.24 0.28 0.929883052957 0.1950448
TCGA-EJ-8474-01 0.22 0.4 0.895457792502 0.6273355
TCGA-VP-A876-01 0.68 0.680675142108887 0.970756383728 0.7583125
TCGA-SU-A7E7-01 0.26 0.431281467544182 0.889220751158 0.201006
TCGA-VP-A87D-01 0.42 0.607543911046684 0.965242168269 0.7303589
TCGA-CH-5752-01 0.27 0.74 0.929755184749 0.6097587
TCGA-ZG-A9LN-01 0.46 0.414233766456605 0.677395216659 0.3251987
TCGA-KK-A6E0-01 0.33 0.61 0.946152005049 0.6196798
TCGA-V1-A8WW-01 0.76 0.690966209220465 0.900050249645 0.8646588
TCGA-EJ-5511-01 0.32 0.68 0.930011709625 0.7926743
TCGA-VP-A87K-01 0.33 0.598657865523693 0.956143704182 0.8208406
TCGA-HC-7075-01 0.29 0.74 0.929580462673 0.516571
TCGA-KK-A7AP-01 0.73 0.704213561564661 0.968263413228 0.8201379
TCGA-KK-A6E2-01 0.28 0.81 0.947235775646 0.6355482
TCGA-HC-7078-01 0.57 0.68 0.883796467775 0.6947105
TCGA-CH-5751-01 0.49 0.51 0.697436478783 0.8236463
TCGA-YL-A8SQ-01 0.36 0.589257355685745 0.893972515489 0.871704
TCGA-EJ-7789-01 0.87 0.86 0.934970556305 0.8819648
TCGA-VP-A87H-01 0.38 0.506042464783376 0.92556767476 0.3493063
TCGA-CH-5766-01 0.38 0.46 0.917151050561 0.607941
TCGA-KK-A7AY-01 0.77 0.678536460241826 0.927205434256 0.7279088
TCGA-V1-A9ZR-01 0.32 0.448255327944655 0.773943958826 0.4660837
TCGA-V1-A8MJ-01 0.31 0.426745590878273 0.840722545494 0.2207758
TCGA-YL-A8SI-01 0.26 0.402084090896361 0.858062178554 0.1203104
TCGA-EJ-7327-01 0.26 0.5 0.870821681753 0.4277116
TCGA-ZG-A9N3-01 0.42 0.527346911157428 0.88748991848 0.4913657
TCGA-V1-A8WL-01 0.42 0.541370460741999 0.860097585386 0.6239359
TCGA-CH-5738-01 0.44 0.54 0.792569662867 0.4558164
TCGA-CH-5771-01 0.3 0.34 0.775778777318 0.2840919
TCGA-KK-A8I8-01 0.38 0.567237880623685 0.922958459762 0.6688529
TCGA-FC-7961-01 0.24 0.43 0.850311797034 0.2964817
TCGA-EJ-A7NK-01 0.2 0.47766294206061 0.934715198739 0.41532113052494
TCGA-EJ-8472-01 0.54 0.54 0.938670587866 0.7508503
TCGA-EJ-A65F-01 0.3 0.66 0.87531252353 0.9794521
TCGA-EJ-5531-01 0.42 0.27 0.844537652258 0.1566796
TCGA-HC-7231-01 0.29 0.56 0.895637710044 0.6046964
TCGA-CH-5754-01 0.43 0.66 0.81142046737 0.6008742
TCGA-HC-8265-01 0.31 0.59 0.718782462588 0.6241736
TCGA-V1-A9OT-01 0.43 0.583169228553027 0.902572162981 0.7313037
TCGA-EJ-5514-01 0.42 0.37 0.827035551034 0.5337159
TCGA-EJ-7314-01 0.24 0.58 0.960104164951 0.505618
TCGA-4L-AA1F-01 0.28 0.285082766183996 0.515056230555 0.2543263
TCGA-HC-A76X-01 0.31 0.585461401393102 0.977981089628 0.7305678
TCGA-CH-5753-01 0.44 0.72 0.930118594985 0.6451405
TCGA-EJ-A6RC-01 0.2 0.47 0.79924894568 0.1187744
TCGA-HC-7209-01 0.26 0.55 0.924544015426 0.5023565
TCGA-G9-6496-01 0.74 0.79 0.905906341956 0.7727799
TCGA-YL-A8SH-01 0.51 0.582788301515409 0.921704407036 0.583962
TCGA-V1-A8MU-01 0.3 0.453236147680243 0.818193627575 0.4193739
TCGA-VN-A88O-01 0.24 0.440427040286296 0.917563319231 0.2108804
TCGA-V1-A9OX-01 0.28 0.558680476075125 0.890157154942 0.8263924
TCGA-HC-A6AS-01 0.29 0.38 0.78963201145 0.1548821
TCGA-EJ-A46D-01 0.36 0.27 0.930401182439 0.1846552
TCGA-HC-7820-01 0.32 0.47 0.953539593173 0.246133
TCGA-CH-5763-01 0.2 0.31 0.868226501784 0.260949199946797
TCGA-YL-A8HM-01 0.52 0.629629725090119 0.852183341757 0.9652272
TCGA-HC-A48F-01 0.66 0.83 0.956882745543 0.9012796
TCGA-2A-A8VX-01 0.72 0.700176553016246 0.972901114598 0.8020445
TCGA-EJ-5517-01 0.27 0.53 0.869210153067 0.6912647
TCGA-KK-A7B2-01 0.23 0.359954823304701 0.769056121471 0.1400574
TCGA-KC-A7F6-01 0.49 0.569026295817648 0.926389139349 0.5287783
TCGA-V1-A8MG-01 0.34 0.448791064165341 0.881831087713 0.2041339
TCGA-HC-A9TE-01 0.52 0.458821366448823 0.762589928992 0.2878667
TCGA-KK-A7B1-01 0.31 0.51 0.884434120733 0.2345724
TCGA-EJ-5504-01 0.3 0.45 0.870230755878 0.8152212
TCGA-H9-A6BX-01 0.22 0.44 0.812078093526 0.1054755
TCGA-J4-A83K-01 0.24 0.459209142553276 0.935910125024 0.2665485
TCGA-HC-7737-01 0.59 0.34 0.812452630395 0.1772305
TCGA-YL-A8SK-01 0.46 0.493220404544072 0.882803561664 0.2752599
TCGA-M7-A71Z-01 0.34 0.78 0.920568057314926 0.761558
TCGA-X4-A8KQ-01 0.4 0.497088365281577 0.856458007478 0.4307025
TCGA-G9-6364-01 0.26 0.59 0.894819948234 0.5046594
TCGA-EJ-5521-01 0.31 0.26 0.904576351078 0.4081339
TCGA-KK-A59Z-01 0.61 0.65 0.834976518571 0.8431145
TCGA-EJ-A6RA-01 0.28 0.4298181336585 0.918530651424 0.10283512
TCGA-EJ-A46H-01 0.28 0.63 0.812778601664 0.3516806
TCGA-KK-A8I7-01 0.24 0.394789991618581 0.834597596858 0.1606333
TCGA-EJ-5522-01 0.29 0.5 0.885590069192 0.4438094
TCGA-G9-6498-01 0.389173096816315 0.64 0.793827012457 0.4633756
TCGA-G9-6354-01 0.28 0.52 0.951077868921 0.2511319
TCGA-V1-A9Z8-01 0.27 0.411551491843196 0.835965382913 0.2049146
TCGA-G9-7525-01 0.25 0.5 0.896271737679 0.658482
TCGA-V1-A9OY-01 0.25 0.444417062743401 0.884132496466 0.2925024
TCGA-KK-A7AZ-01 0.56 0.77 0.938755415936 0.8070305
TCGA-EJ-A8FP-01 0.39 0.442719027567911 0.873728866807 0.1265604
TCGA-V1-A8MF-01 0.43 0.498933750089029 0.830861715223 0.4582229
TCGA-G9-A9S7-01 0.41 0.552034492114767 0.953416243148 0.4848133
TCGA-EJ-5506-01 0.44 0.45 0.939932288311 0.10050192
TCGA-YL-A9WY-01 0.32 0.389982509880608 0.726387950112 0.2726255
TCGA-EJ-AB20-01 0.3 0.389751008752717 0.78024120155 0.177921
TCGA-FC-A66V-01 0.24 0.36 0.909020552801 0.339735245738063
TCGA-KK-A59X-01 0.96 0.82 0.896068316371 0.8003189
TCGA-EJ-5527-01 0.27 0.4 0.843094643374 0.3505078
TCGA-KC-A4BN-01 0.22 0.4 0.967258797636 0.2113318
TCGA-CH-5772-01 0.3 0.59 0.904164316637 0.7433713
TCGA-EJ-A46F-01 0.7 0.61 0.965295725137 0.8708145
TCGA-EJ-A8FS-01 0.68 0.666375377145034 0.966606194982 0.6941848
TCGA-EJ-A46I-01 0.28 0.44942677265268 0.936401795789 0.1637946
TCGA-KK-A5A1-01 0.360675888783007 0.488576360059355 0.857910561393 0.434471510370441
TCGA-J9-A52E-01 0.33 0.4 0.792248640824 0.5408423
TCGA-J4-A67L-01 0.6 0.46 0.842577159192 0.3985564
TCGA-HC-A8D0-01 0.27 0.420644637667211 0.853012501501 0.2137829
TCGA-G9-6370-01 0.23 0.31 0.88520934921 0.12425476
TCGA-YL-A8SJ-01 0.29 0.499293387100588 0.895519196896 0.4971439
TCGA-TP-A8TV-01 0.46 0.614982246962765 0.962738234785 0.7225354
TCGA-ZG-A9L2-01 0.25 0.387985853865246 0.737594353006 0.3277072
TCGA-EJ-AB27-01 0.29 0.426114908514223 0.893620778274 0.1261397
TCGA-G9-6365-01 0.3 0.5 0.870577108755 0.5223671
TCGA-YL-A8SC-01 0.3 0.465536495257407 0.855618917179 0.399554
TCGA-VN-A88R-01 0.45 0.595150212684844 0.890891127689 0.7928506
TCGA-2A-A8VT-01 0.38 0.520433780262591 0.942329684803 0.3859714
TCGA-G9-A9S4-01 0.469430520292336 0.601728917662771 0.966999510694 0.633026578896601
TCGA-EJ-7792-01 0.47 0.4 0.776071998172 0.366919
TCGA-EJ-5496-01 0.33 0.48 0.963651503761 0.4074135
TCGA-ZG-A9L1-01 0.56 0.629771901992343 0.944133187972 0.7108027
TCGA-V1-A8WS-01 0.63 0.650113752517409 0.962200855301 0.6849478
TCGA-EJ-5495-01 0.43 0.37 0.806783166041 0.263935
TCGA-KK-A6E8-01 0.41 0.8 0.953782229661 0.7929726
TCGA-J9-A52B-01 0.39 0.49 0.878132540244 0.2950093
TCGA-ZG-A9ND-01 0.68 0.663384918044634 0.952320819084 0.7104903
TCGA-EJ-7328-01 0.49 0.42 0.779933385952 0.3426129
TCGA-CH-5741-01 0.75 0.71 0.967369349691 0.7973535
TCGA-HC-7818-01 0.2 0.402453374599082 0.895351083085 0.1168799
TCGA-YL-A9WL-01 0.4 0.639981023913634 0.960486633621 0.9329602
TCGA-V1-A8WN-01 0.29 0.461040224198984 0.923591142219 0.2388358
TCGA-G9-6384-01 0.32 0.45 0.892900354737 0.3476194
TCGA-HC-A4ZV-01 0.58 0.68 0.799008991379 0.6692836
TCGA-J9-A8CM-01 0.45 0.498593641888913 0.84228626172 0.4054227
TCGA-CH-5789-01 0.45 0.49 0.891401969123 0.498624944506888
TCGA-G9-6367-01 0.26 0.430416735906825 0.914479132444 0.1406313
TCGA-HI-7171-01 0.6 0.71 0.915303703501 0.8325293
TCGA-HC-8257-01 0.35 0.52 0.90757756499 0.6314199
TCGA-J4-AAU2-01 0.28 0.566762203660078 0.92999754038 0.7795935
TCGA-YL-A9WX-01 0.25 0.414212463464548 0.866625073198 0.1764086
TCGA-HC-A631-01 0.74 0.77 0.951100546449 0.8880493
TCGA-EJ-5526-01 0.33 0.36 0.864764523338 0.4458012
TCGA-2A-A8VV-01 0.51 0.611741909801626 0.95933262006 0.6490791
TCGA-J9-A8CN-01 0.34 0.574629697119111 0.921067077911 0.7624497
TCGA-X4-A8KS-01 0.31 0.442135052549566 0.893355724332 0.1831131
TCGA-HC-8258-01 0.64 0.28 0.918608268865 0.1026656
TCGA-G9-6342-01 0.34 0.33 0.937822744444 0.2643604
TCGA-CH-5792-01 0.21 0.39 0.770899470145 0.2782967
TCGA-ZG-A9LM-01 0.44 0.519245127733471 0.851239919041 0.5043561
TCGA-HC-A8D1-01 0.21 0.42379832283883 0.873390268054 0.2620828
TCGA-EJ-8468-01 0.33 0.56 0.817036818367 0.42874
TCGA-V1-A8MM-01 0.39 0.549778829972158 0.830137209396 0.7720337
TCGA-YL-A8SO-01 0.31 0.528262153969418 0.903781567973 0.6016228
TCGA-ZG-A9LU-01 0.28 0.419363919557731 0.874500194527 0.1467495
TCGA-HC-7748-01 0.28 0.54 0.851785754195 0.4508039
TCGA-V1-A9Z7-01 0.54 0.534979257421965 0.808923559474 0.5499806
TCGA-G9-7509-01 0.24 0.451701692156577 0.950140310617 0.1965392
TCGA-EJ-A46G-01 0.44 0.73 0.886091045071 0.7382942
TCGA-XK-AAK1-01 0.87 0.713946209031482 0.931099381613 0.7720721
TCGA-G9-6362-01 0.38 0.68 0.90249092788 0.8430516
TCGA-YL-A8SR-01 0.56 0.592669993417698 0.920953905128 0.571906
TCGA-G9-6361-01 0.41 0.51 0.903444971857 0.684959
TCGA-ZG-A9L0-01 0.39 0.480880986001939 0.753704825768 0.5880516
TCGA-KC-A7FD-01 0.39 0.591430127670402 0.970286192454 0.6751981
TCGA-HC-A6AO-01 0.48 0.56 0.874135969176 0.6928782
TCGA-KK-A8IJ-01 0.37 0.493794776095528 0.943972088418 0.2586244
TCGA-EJ-7783-01 0.25 0.41 0.905972988948 0.2508407
TCGA-FC-7708-01 0.5 0.36 0.84333170419 0.3142966
TCGA-J4-A83I-01 0.4 0.591867302875858 0.896683556868 0.827574
TCGA-HC-7211-01 0.49 0.49 0.915248969443 0.6206279
TCGA-ZG-A9L9-01 0.48 0.528416545394685 0.763772666565 0.693591
TCGA-HC-7747-01 0.23 0.4 0.855622253351 0.10150797
TCGA-G9-6366-01 0.43 0.44 0.947820935024 0.5765401
TCGA-EJ-7331-01 0.63 0.44 0.849936096929 0.4515351
TCGA-EJ-7784-01 0.52 0.59 0.942472059308 0.7724498
TCGA-QU-A6IP-01 0.29 0.4 0.935086920644 0.4953166
TCGA-HC-8213-01 0.27 0.77 0.975694209642 0.7706811
TCGA-V1-A8WV-01 0.45 0.495871975911518 0.856864838446 0.35918
TCGA-HC-7819-01 0.37 0.61 0.969865689913 0.6770074
TCGA-J9-A8CL-01 0.62 0.571710877171937 0.789199655929 0.678983
TCGA-EJ-5509-01 0.36 0.53 0.833780898624 0.4467217
TCGA-KK-A6E7-01 0.38 0.57 0.937511267842 0.6738678
TCGA-ZG-A9MC-01 0.24 0.327080953293981 0.668010526491 0.1824165
TCGA-KK-A8IF-01 0.86 0.720584533245959 0.952884015337 0.7707383
TCGA-QU-A6IM-01 0.46 0.56 0.858408834442 0.5520018
TCGA-V1-A9ZK-01 0.31 0.465806569052021 0.917014574653 0.2520859
TCGA-KC-A4BV-01 0.38 0.64 0.844728535926 0.6028728
TCGA-V1-A9Z9-01 0.46 0.558452387284402 0.89255680352 0.5881235
TCGA-KC-A7F3-01 0.32 0.510302916893944 0.934931338767 0.4276744
TCGA-TP-A8TT-01 0.27 0.429253199600006 0.797711117656 0.3804003
TCGA-YL-A9WI-01 0.69 0.673156231837549 0.933902254433 0.7885064
TCGA-G9-6343-01 0.3 0.29 0.92906117792 0.1855402
TCGA-EJ-7318-01 0.25 0.47 0.89172187398 0.5340035
TCGA-G9-6356-01 0.3 0.25 0.844262107195 0.8909839
TCGA-J4-A6G3-01 0.23 0.27 0.826796109764 0.1692368
TCGA-HC-A6AP-01 0.27 0.43 0.833353582764 0.1902191
TCGA-CH-5790-01 0.33 0.62 0.940299581939 0.7665907
TCGA-EJ-A8FU-01 0.26 0.40405380631358 0.861755032241 0.122231
TCGA-EJ-5510-01 0.28 0.4 0.881245049388 0.3807716
TCGA-KC-A4BR-01 0.36 0.441897000879972 0.87714118021 0.153419
TCGA-XK-AAJ3-01 0.71 0.660244995891416 0.92219330621 0.722485
TCGA-2A-A8VL-01 0.39 0.524560188999691 0.956349266211 0.363202
TCGA-CH-5767-01 0.6 0.8 0.953694117244 0.7418853
TCGA-CH-5764-01 0.33 0.39 0.912825523236 0.5311957
TCGA-M7-A724-01 0.98 0.86 0.976324446123011 0.9177224
TCGA-HC-7230-01 0.51 0.62 0.966742391866 0.7417637
TCGA-ZG-A9L5-01 0.69 0.572557074199959 0.930828617672 0.2795107
TCGA-EJ-A7NN-01 0.37649728039142 0.505037552566669 0.87378058884 0.463356877838383
TCGA-V1-A9O5-06 0.6 0.605501372884492 0.896817045307 0.639646315303143
TCGA-XK-AAJU-01 0.63 0.529874928360574 0.917806469843 0.1667685
TCGA-VN-A88L-01 0.27 0.509790265136369 0.918644314239 0.5255022
TCGA-CH-5746-01 0.38 0.33 0.966518529762 0.3203418
TCGA-ZG-A9KY-01 0.43 0.529965723115102 0.844868018683 0.586313
TCGA-VP-A875-01 0.33 0.50024289432128 0.977634892214 0.268639
TCGA-HC-8261-01 0.369101107912658 0.46 0.897982383416 0.449853567561194
TCGA-YL-A9WH-01 0.62 0.635972610284642 0.931589534996 0.693115885573652
TCGA-EJ-A46B-01 0.3 0.34 0.951690074493 0.1740424
TCGA-CH-5739-01 0.45 0.46 0.851578709783 0.5833015
TCGA-HC-7742-01 0.37 0.56 0.921309110794 0.5957029
TCGA-KK-A6E6-01 0.26 0.44 0.869979629815 0.3748138
TCGA-EJ-5508-01 0.37 0.36 0.859889691417 0.2982296
TCGA-WW-A8ZI-01 0.63 0.667514417757804 0.929537682567 0.8465071
TCGA-ZG-A9M4-01 0.65 0.592083063056695 0.84087027375 0.6303693
TCGA-KK-A7AV-01 0.37 0.35 0.79025525734 0.179205
TCGA-V1-A9ZI-01 0.71 0.627077535190331 0.830103313264 0.7563813
TCGA-KK-A6DY-01 0.26 0.29 0.903199403234 0.2086226
TCGA-Y6-A8TL-01 0.26 0.529074336573134 0.933193661046 0.6050314
TCGA-CH-5791-01 0.49 0.67 0.906466035254 0.639872742180149
TCGA-G9-7523-01 0.32 0.34143720904189 0.686478541273 0.112108
TCGA-HC-A6HX-01 0.4 0.21 0.893119508586 0.1558042
TCGA-VP-A87C-01 0.76 0.44934934390272 0.617356759121 0.2519092
TCGA-H9-7775-01 0.5 0.71 0.919036030056 0.8597735
TCGA-G9-6347-01 0.23 0.47 0.767311882141 0.1270856
TCGA-HC-7744-01 0.47 0.78 0.956464403749 0.7943433
TCGA-FC-A6HD-01 0.27 0.74 0.956338878284 0.684173
TCGA-M7-A722-01 0.69 0.668469713217829 0.929978317466 0.7731677
TCGA-XQ-A8TB-01 0.45 0.565063330454012 0.892146547421 0.6358054
TCGA-YL-A8HL-01 0.58 0.666123552833926 0.966516998662 0.8218605
TCGA-YL-A8HO-01 0.34 0.487805248093113 0.731066270972 0.7380778
TCGA-CH-5744-01 0.41 0.55 0.92107401436 0.4692676
TCGA-XJ-A9DX-01 0.5 0.590149131425614 0.924407462728 0.6285936
TCGA-CH-5768-01 0.3 0.5 0.948961707773 0.6495435
TCGA-EJ-5497-01 0.38 0.41 0.903642315136 0.3243643
TCGA-EJ-A8FO-01 0.32 0.486971583825536 0.942720500228 0.2907964
TCGA-M7-A725-01 0.63 0.68 0.952021182953 0.740160298554273
TCGA-KK-A7B3-01 0.42 0.509324340381427 0.820498689151 0.5473271
TCGA-J4-A67K-01 0.27 0.41 0.868602403452 0.4732887
TCGA-VP-A879-01 0.34 0.514597128095538 0.941622069617 0.40912
TCGA-KK-A8IL-01 0.26 0.441934524157083 0.823246396328 0.4017441
TCGA-ZG-A9LZ-01 0.52 0.591817635831734 0.876769663278 0.7169004
TCGA-J9-A8CK-01 0.42 0.498007409524845 0.85410079031 0.4148815
TCGA-HC-7817-01 0.35 0.27 0.784984387848 0.1906481
TCGA-G9-6329-01 0.27 0.31 0.870775422337 0.2064555
TCGA-G9-6494-01 0.44 0.56 0.928051096597 0.5330068
TCGA-EJ-7321-01 0.26 0.41 0.90766357309 0.1704179
TCGA-XK-AAJP-01 0.62 0.628985971301004 0.909967989352 0.7051787
TCGA-CH-5750-01 0.25 0.7 0.879402860526 0.5671481
TCGA-YL-A9WJ-01 0.25 0.416907077247815 0.853150682981 0.2200671
TCGA-G9-7521-01 0.42 0.41 0.791094991715 0.5819494
TCGA-HC-8216-01 0.27 0.419350939897402 0.869897406002 0.1697539
TCGA-EJ-5501-01 0.24 0.39 0.93560838714 0.2786717
TCGA-KK-A8IH-01 0.57 0.552358698693305 0.9110770152 0.3742154
TCGA-KK-A6E1-01 0.65 0.62 0.949088371157 0.7246098
TCGA-EJ-7123-01 0.42 0.42 0.940831747844 0.2462972
TCGA-XJ-A9DK-01 0.24 0.419165888865184 0.910069380568 0.11846508
TCGA-YJ-A8SW-01 0.7 0.667076522432833 0.956353888052 0.6947322
TCGA-EJ-5525-01 0.74 0.82 0.8547738162 0.8206346
TCGA-EJ-7325-01 0.56 0.76 0.925482526154 0.6366819
TCGA-KK-A8IK-01 0.84 0.743842029893492 0.967938391235 0.882400338845839
TCGA-V1-A9OQ-01 0.34 0.534747569150863 0.894584283683 0.6166144
TCGA-KK-A6E5-01 0.29 0.48 0.900767218686 0.2264538
TCGA-CH-5794-01 0.34 0.42 0.947355345235 0.5358864
TCGA-EJ-A65G-01 0.26 0.26 0.957554311171 0.4846222
TCGA-ZG-A8QY-01 0.44 0.546524345431397 0.912156821151 0.5093095
TCGA-M7-A723-01 0.2 0.47 0.786362211061 0.300651473191873
TCGA-KK-A7B4-01 0.36 0.53 0.882917256815 0.6892612
TCGA-J4-A83N-01 0.24 0.523997091067826 0.949678360208 0.5682432
TCGA-EJ-A7NH-01 0.2 0.440859543462924 0.926872418903 0.2439884
TCGA-J4-A67R-01 0.27 0.61 0.843929690433 0.461211007465365
TCGA-ZG-A8QZ-01 0.27 0.42376975001684 0.829167767105 0.2826164
TCGA-KK-A6E4-01 0.49 0.76 0.935294958744 0.6686562
TCGA-KK-A7AU-01 0.69 0.81 0.951826844627262 0.8882945
TCGA-HC-7745-01 0.25 0.4 0.803656390256 0.3141589
TCGA-EJ-7312-01 0.4 0.69 0.932182375272 0.6053175
TCGA-HC-7081-01 0.42 0.38 0.740809373288 0.540073
TCGA-KK-A7AW-01 0.53 0.52 0.841654796746 0.515041612361334
TCGA-ZG-A9LB-01 0.59 0.533538549389492 0.848155775124 0.3913195
TCGA-G9-A9S0-01 0.36 0.53386974739531 0.901788655568 0.5704038
TCGA-TK-A8OK-01 0.31 0.446983109289259 0.783058934013 0.4522502
TCGA-VN-A88N-01 0.3 0.580250728128875 0.954873811273 0.7679048
TCGA-J4-A83J-01 0.3 0.519991925994723 0.900806879273 0.5786839
TCGA-EJ-A65M-01 0.29 0.5 0.878474700238 0.4767148
TCGA-XK-AAJR-01 0.3 0.463389741846997 0.919802842905 0.2463957
TCGA-G9-6378-01 0.32 0.31 0.888219147904 0.2255604
TCGA-G9-6377-01 0.27 0.54 0.90013144588 0.6211788
TCGA-HC-A9TH-01 0.38 0.529834361237173 0.856825149762 0.6235421
TCGA-KC-A4BO-01 0.3 0.47 0.859494366214327 0.1562962
TCGA-XJ-A83F-01 0.61 0.643256766981861 0.938070607626 0.7289862
TCGA-ZG-A9LY-01 0.25 0.455990991457554 0.869718043195 0.3837699
TCGA-G9-7510-01 0.28 0.28 0.86013173114 0.1688667
TCGA-EJ-A65E-01 0.62 0.61 0.954229975991 0.4949639
TCGA-EJ-5494-01 0.26 0.8 0.890206261798 0.7953941
TCGA-EJ-A46E-01 0.2 0.43 0.912693307788 0.1442573
TCGA-XK-AAIV-01 0.29 0.362004702748328 0.704176088096 0.2169991
TCGA-EJ-5515-01 0.24 0.428774780681547 0.933335657494 0.1162039
TCGA-KK-A8I9-01 0.27 0.408396943927717 0.825808722892 0.2112347
TCGA-KK-A7B0-01 0.27 0.3 0.778904967994 0.2654795
TCGA-KK-A8II-01 0.32 0.617359814164342 0.979499323704 0.8778814
TCGA-EJ-A7NJ-01 0.23 0.423623045680198 0.923333388289 0.1248188
TCGA-HI-7169-01 0.29 0.41 0.893796769073 0.4806077
TCGA-HC-7736-01 0.4 0.58 0.882406523825 0.5840989
TCGA-KK-A8IB-01 0.25 0.411684159240739 0.837519552221 0.2279066
TCGA-YL-A8SL-01 0.43 0.635084751518526 0.96894244617 0.8504972
TCGA-CH-5748-01 0.32 0.32 0.955203085683 0.1436734
TCGA-FC-A5OB-01 0.33 0.77 0.967706674718 0.7803625
TCGA-EJ-5530-01 0.23 0.35 0.927515089581 0.5771775
TCGA-KK-A8I6-01 0.29 0.549046333712379 0.935573486236 0.6635325
TCGA-XJ-A9DI-01 0.21 0.363346162939825 0.790283598404 0.1361862
TCGA-XK-AAIR-01 0.24 0.419658564776448 0.88555584022 0.1752825
TCGA-CH-5762-01 0.23 0.41 0.856290743791 0.2911903
TCGA-HI-7170-01 0.28 0.5 0.80360463176 0.4638252
TCGA-H9-A6BY-01 0.32 0.7 0.965935185554 0.6639424
TCGA-M7-A71Y-01 0.31 0.31 0.916163966078 0.16749
TCGA-J4-8200-01 0.48 0.51 0.901077196982 0.5292232
TCGA-YL-A8HK-01 0.25 0.451695551538018 0.870873230737 0.3591874
TCGA-KK-A59Y-01 0.32 0.7 0.953912623193 0.6401461
TCGA-EJ-7218-01 0.31 0.42 0.935948094871 0.2169845
TCGA-G9-6333-01 0.23 0.45 0.889547382872 0.2422853
TCGA-EJ-7794-01 0.3 0.37 0.860282047897 0.1430695
TCGA-XJ-A83H-01 0.32 0.47484256632292 0.941817721084 0.2306066
TCGA-XJ-A83G-01 0.27 0.594361175289632 0.951154757245 0.887121
TCGA-J4-A67O-01 0.41 0.438838551955837 0.836921084877 0.1624301
TCGA-HC-7821-01 0.67 0.56 0.790350401071 0.8184868
TCGA-G9-6348-01 0.3 0.39 0.853781829436 0.2462114
TCGA-V1-A9OL-01 0.56 0.595820285280224 0.883955893287 0.6699998
TCGA-HC-A632-01 0.78 0.53 0.754538501292 0.6508988
TCGA-ZG-A9NI-01 0.35 0.481866278447362 0.85995705737 0.4092893
TCGA-XK-AAIW-01 0.5 0.618191217439231 0.922342829826 0.7769467
TCGA-VP-A87B-01 0.97 0.74785337991898 0.921007593291 0.8395061
TCGA-EJ-7782-01 0.36 0.7 0.907544767287 0.6174789
TCGA-KK-A8IC-01 0.27 0.42670461036329 0.852020630915 0.247051
TCGA-EJ-A65D-01 0.4 0.87 0.9381193458313 0.8713268
TCGA-EJ-5518-01 0.37 0.54 0.84899306421 0.5543391
TCGA-HI-7168-01 0.44 0.53 0.889747996955 0.7009403
TCGA-EJ-A65J-01 0.52 0.68 0.910736245504 0.7630609
TCGA-HC-A76W-01 0.24 0.504198823078051 0.863312715995 0.6580095
TCGA-KK-A8IA-01 0.65 0.65681910701851 0.948841350744 0.7231623
TCGA-VP-A878-01 0.26 0.459051060013534 0.862799101019 0.4019066
TCGA-J4-A83L-01 0.22 0.429142923620755 0.920865955043 0.1714626
TCGA-V1-A9OF-01 0.37 0.57740555017497 0.950995473203 0.6717677
TCGA-EJ-5542-01 0.35 0.38 0.89996753381 0.5277847
TCGA-G9-6351-01 0.31 0.34 0.949903149742 0.2708381
TCGA-2A-A8VO-01 0.3 0.476358808383141 0.913460821545 0.3269381
TCGA-V1-A8X3-01 0.25 0.458650049931612 0.911869479833 0.3040489
TCGA-J4-A83M-01 0.63 0.615672757540667 0.920564091362 0.6005731
TCGA-HC-8256-01 0.28 0.48 0.952696840282 0.9432868
TCGA-EJ-7786-01 0.29 0.37 0.919578852211 0.4477168
TCGA-XK-AAJA-01 0.23 0.51321071731459 0.950598083382 0.5237781
TCGA-ZG-A9L6-01 0.23 0.396175649482565 0.827400223328 0.1965553
TCGA-V1-A9OH-01 0.25 0.485107320464024 0.902508875274 0.4604349
TCGA-EJ-5503-01 0.29 0.25 0.880737684887 0.27134338750796
TCGA-HC-8262-01 0.32 0.5 0.953283377326 0.3103581
TCGA-J4-A67M-01 0.24 0.24 0.79264067976 0.213411
TCGA-G9-6371-01 0.27 0.31 0.951638827024 0.2102058
TCGA-XJ-A9DQ-01 0.26 0.438208650965527 0.938166593849 0.1281211
TCGA-YL-A8S8-01 0.78 0.641068541255544 0.905800130954 0.5703296
TCGA-HC-7233-01 0.29 0.455162958865002 0.793648891357 0.4964906
TCGA-HC-A8CY-01 0.61 0.626859740720485 0.890700015587 0.7498275
TCGA-J9-A52C-01 0.26 0.37 0.756799171499 0.318679
TCGA-KK-A59V-01 0.46 0.59 0.669661506096 0.5381853
TCGA-YL-A8SA-01 0.96 0.754537785722876 0.967502790456 0.7836809
TCGA-G9-6338-01 0.35 0.71 0.892178286445 0.72066
TCGA-YL-A8SB-01 0.28 0.43502914186109 0.864381773335 0.2494797
TCGA-M7-A721-01 0.36 0.29 0.908549934298 0.1874918
TCGA-VN-A88P-01 0.74 0.659627011949265 0.885898391455 0.7610697
TCGA-CH-5743-01 0.43 0.437389755861468 0.844589305334 0.11226463
TCGA-G9-6332-01 0.6 0.65 0.968330072973 0.6873765
TCGA-EJ-7785-01 0.37 0.4 0.847157240896 0.304722
TCGA-EJ-7793-01 0.39 0.31 0.953178076392 0.11450621
TCGA-J4-A6G1-01 0.2 0.29 0.661605908011 0.1310813
TCGA-V1-A9O9-01 0.26 0.390938542463377 0.771413690644 0.2550683
TCGA-HC-7750-01 0.57 0.50381443179012 0.903974316878 0.1410446
TCGA-EJ-5519-01 0.61 0.64 0.921476374524 0.6146693
TCGA-EJ-5516-01 0.2 0.38 0.82173735881 0.3183652
TCGA-HC-7749-01 0.34 0.601530586637041 0.887401123697 0.9749405
TCGA-FC-A8O0-01 0.32 0.616345255878573 0.957777145242 0.9207886
TCGA-HC-A6AQ-01 0.34 0.39 0.925504002124 0.2127514
TCGA-Y6-A9XI-01 0.39 0.583930909383269 0.951687321821 0.6779391
TCGA-HC-8266-01 0.3 0.28 0.698852265336 0.1944466
TCGA-EJ-7797-01 0.28 0.38 0.921552399624 0.1617675
TCGA-ZG-A9LS-01 0.31 0.380810743497859 0.706485572981 0.2825547
TCGA-2A-A8W1-01 0.63 0.693007056962347 0.977709008532 0.8705284
TCGA-KK-A8I5-01 0.48 0.55189482200298 0.918433635432 0.4714363
TCGA-CH-5761-01 0.66 0.66 0.899312023899 0.679696
TCGA-HC-7080-01 0.568652077559507 0.81 0.957290320997 0.8590755
TCGA-EJ-7791-01 0.27 0.28 0.843370479556 0.1462667
TCGA-EJ-A7NF-01 0.3 0.619115790580804 0.965420071187 0.9438207
TCGA-QU-A6IN-01 0.3 0.78 0.963992298605 0.8415264
TCGA-HC-7738-01 0.25 0.53 0.94609210078 0.5696475
TCGA-G9-6373-01 0.28 0.67 0.857711364568 0.6415726
TCGA-EJ-5505-01 0.23 0.47 0.953599874623 0.3988936
TCGA-J4-A6M7-01 0.62 0.79 0.955867071664 0.7993621
TCGA-CH-5788-01 0.77 0.77 0.945511367619 0.7791716
TCGA-EJ-7115-01 0.27 0.54 0.904482718156 0.5364895
TCGA-G9-6363-01 0.29 0.5 0.894234863628 0.2056949
TCGA-KC-A4BL-01 0.28 0.55 0.878048468141 0.10633273
TCGA-HC-8259-01 0.24 0.83 0.966717978464 0.8220598
TCGA-EJ-7781-01 0.23 0.54 0.892056079413 0.2447825
TCGA-V1-A9O7-01 0.2 0.38866714584756 0.833649411101 0.1828473
TCGA-YL-A8S9-01 0.88 0.766988380232987 0.963431790712528 0.9595513
TCGA-HC-7232-01 0.27 0.56 0.920930428057 0.4791889
TCGA-VP-A87E-01 0.24 0.365353783263049 0.78535093411 0.1187737
TCGA-M7-A720-01 0.37 0.32 0.932451208121 0.387980008441852
TCGA-EJ-5502-01 0.38 0.37 0.864537673716 0.373344021495707
TCGA-2A-AAYF-01 0.32 0.579920126257499 0.949937283863 0.751389
TCGA-G9-6339-01 0.28 0.48 0.932364821018 0.4457476
TCGA-HC-7213-01 0.57 0.6 0.879877943097 0.7636749
TCGA-V1-A8ML-01 0.31 0.458665449632778 0.916827903098 0.2158846
TCGA-G9-7522-01 0.27 0.32 0.893657157749 0.1379532
