abscnseq ascat estimate purbayes
TCGA-CN-A63V-01 0.42 0.27 0.768784575674 0.2684019
TCGA-CQ-6221-01 0.62 0.45 0.665330571018 0.5604494
TCGA-CV-6959-01 0.37 0.43 0.763421294811 0.4152475
TCGA-CQ-A4CA-01 0.34 0.28 0.66314025532 0.2719015
TCGA-CR-7389-01 0.35 0.27 0.745009897416 0.3085989
TCGA-CN-4736-01 0.39 0.38 0.601194895656 0.3756941
TCGA-BA-4077-01 0.6 0.67 0.76481306381 0.6042258
TCGA-BA-4078-01 0.75 0.81 0.767117111779 0.762473070556037
TCGA-CV-7242-01 0.48 0.33 0.825689680665 0.4961703
TCGA-CV-5979-01 0.75 0.82 0.886421701775 0.7724746
TCGA-CQ-5325-01 0.3 0.257534641515377 0.519906262251 0.1679153
TCGA-CV-5976-01 0.51 0.57 0.860231386707 0.5149699
TCGA-CX-7082-01 0.67 0.66 0.870827865494 0.6897446
TCGA-MT-A7BN-01 0.52 0.447800871733907 0.689441307609 0.477442776948106
TCGA-DQ-5629-01 0.59 0.55 0.919576482374 0.655874249462074
TCGA-RS-A6TP-01 0.82 0.689870678609356 0.926921508757 0.809946116371715
TCGA-CV-7425-01 0.5 0.31 0.79469212758 0.4178792
TCGA-CV-A6JD-01 0.37 0.59 0.702323414978 0.488545359723923
TCGA-CV-6003-01 0.7 0.54 0.90772874381 0.420991
TCGA-CV-6940-01 0.51 0.6 0.873874882244 0.4480294
TCGA-CV-6943-01 0.23 0.24 0.454535192162 0.1764614
TCGA-BB-8601-01 0.72 0.72 0.894718042094006 0.7225854
TCGA-CN-A6UY-01 0.82 0.647966345787248 0.794008444242 0.8292288
TCGA-CN-5364-01 0.42 0.44 0.793488566802 0.3538086
TCGA-CR-6467-01 0.89 0.63 0.724013185427 0.7113104
TCGA-BB-4217-01 0.33 0.317624313463534 0.681564429916 0.1463792
TCGA-CR-7385-01 0.31 0.52 0.761761189277 0.2798078
TCGA-CQ-7072-01 0.36 0.34 0.757997996388 0.4001046
TCGA-CQ-7063-01 0.41 0.29 0.716034551448 0.4086956
TCGA-CX-7085-01 0.33 0.238007612383612 0.44911809655 0.1511179
TCGA-CQ-7071-01 0.45 0.54 0.75706177159 0.5341719
TCGA-HD-7754-01 0.68 0.73 0.791769097628 0.6505386
TCGA-WA-A7GZ-01 0.46 0.528372574657251 0.906833847094 0.5806729
TCGA-CV-6441-01 0.65 0.67 0.953942130661 0.748040077030835
TCGA-F7-A50J-01 0.31 0.383282184676194 0.818902548284 0.2553669
TCGA-D6-6824-01 0.42 0.315974612902266 0.614617405846 0.1256321
TCGA-CR-6477-01 0.44 0.32 0.663616570058 0.3555917
TCGA-CV-7183-01 0.33 0.65 0.895955336495 0.4862175
TCGA-CV-7099-01 0.32 0.51 0.79687027132 0.5896211
TCGA-CN-5370-01 0.47 0.43 0.528405990732 0.3953066
TCGA-CV-A468-01 0.2 0.23857840078049 0.577562826358 0.1223711
TCGA-CV-7180-01 0.43 0.41 0.9257271443 0.3185178
TCGA-CV-A45V-01 0.29 0.29 0.766683955898 0.4279802
TCGA-MT-A51W-01 0.39 0.24 0.856242528919 0.2567824
TCGA-IQ-A61J-01 0.39 0.27 0.743395462804 0.4086112
TCGA-MT-A67G-01 0.37 0.38 0.701274573576555 0.1782926
TCGA-D6-A6EN-01 0.34 0.53 0.70180340425 0.5092634
TCGA-CN-4734-01 0.367586724555755 0.33 0.689831521648 0.366641067815742
TCGA-IQ-7632-01 0.65 0.23 0.920540609407 0.1941706
TCGA-CN-6997-01 0.78 0.77 0.89002872309 0.813010180618031
TCGA-UF-A7J9-01 0.36 0.519526629661344 0.742284818096 0.9343492
TCGA-CR-7395-01 0.25 0.28 0.61369109756 0.2281563
TCGA-BA-A4II-01 0.35 0.33 0.815777627467 0.2983996
TCGA-CV-7095-01 0.55 0.53 0.861842518632 0.4743676
TCGA-D6-A6EM-01 0.39 0.37 0.702759873748 0.3646463
TCGA-CV-A6K0-01 0.57 0.361363662411716 0.635341483177 0.10127843
TCGA-CN-A63W-01 0.61 0.6 0.903065556693 0.8402023
TCGA-CV-6951-01 0.88 0.64 0.917138988072 0.806475825350343
TCGA-QK-A6II-01 0.4 0.58 0.869622868714 0.5333545
TCGA-CV-6935-01 0.77 0.78 0.847827073796 0.7583258
TCGA-MT-A51X-01 0.47 0.4 0.850601653611 0.8222041
TCGA-BB-7870-01 0.51 0.64 0.943499830283 0.675935932504105
TCGA-CR-6484-01 0.31 0.34 0.552208729776 0.2517906
TCGA-CV-7250-01 0.41 0.47 0.888093565041 0.6626269
TCGA-CR-7374-01 0.56 0.61 0.85384707502 0.640574349752558
TCGA-CQ-7068-01 0.87 0.66 0.739283647591 0.6103643
TCGA-BB-4227-01 0.61 0.75 0.927656977834 0.7540728
TCGA-CR-7377-01 0.31 0.25 0.573438952978 0.2343857
TCGA-D6-8569-01 0.48 0.42 0.816134732051 0.5079926
TCGA-BA-4075-01 0.53 0.59 0.82207584102 0.605487559079279
TCGA-P3-A6T3-01 0.57 0.620771327774186 0.914840048219 0.8448425
TCGA-CV-A45X-01 0.4 0.32 0.906284901752 0.3826607
TCGA-BA-A6DJ-01 0.36 0.36 0.780815087905 0.418974068846977
TCGA-CN-A6V7-01 0.82 0.704676853384579 0.947193188543 0.8455257
TCGA-BA-6873-01 0.38 0.43 0.815151851012 0.5542879
TCGA-CR-7390-01 0.45 0.43 0.863536405681 0.4184091
TCGA-T3-A92M-01 0.37 0.377838295314614 0.719669146095 0.308376
TCGA-CV-7427-01 0.29 0.34 0.728870003933 0.4315914
TCGA-CN-6021-01 0.42 0.59 0.859728666532 0.5581637
TCGA-CN-6996-01 0.38 0.3 0.642752476596 0.3419799
TCGA-CN-A640-01 0.35 0.31 0.695306748828233 0.264533
TCGA-CR-7397-01 0.32 0.23 0.64571860808 0.1832799
TCGA-CQ-6228-01 0.78 0.8 0.857160231802 0.7860487
TCGA-CR-7383-01 0.44 0.36 0.64185826126 0.5445016
TCGA-CR-6472-01 0.59 0.7 0.877170344923 0.702783156930666
TCGA-CV-7236-01 0.33 0.31 0.795264704959 0.2557766
TCGA-HD-8634-01 0.22 0.2 0.879675034955 0.2580165
TCGA-CN-A497-01 0.61 0.59 0.834022066197 0.6280254
TCGA-CR-6492-01 0.21 0.333442653776908 0.812497200929 0.1701989
TCGA-KU-A66S-01 0.32 0.52 0.898727524302 0.7511054
TCGA-CR-5247-01 0.64 0.55 0.858807321894 0.9121637
TCGA-CV-A6JY-01 0.26 0.25 0.924578129004 0.2916617
TCGA-CV-6933-01 0.45 0.49 0.738630138978 0.964415
TCGA-D6-A6EO-01 0.65 0.69 0.916437871413 0.6993391
TCGA-T3-A92N-01 0.63 0.569443401327421 0.842853679403 0.6445290725413
TCGA-CR-6491-01 0.7 0.75 0.879469669336 0.7108375
TCGA-CN-6995-01 0.45 0.35 0.746357296147 0.8668954
TCGA-CV-7252-01 0.32 0.49 0.780824393902 0.4488678
TCGA-IQ-7630-01 0.57 0.54 0.813116492103 0.5185867
TCGA-DQ-5625-01 0.45 0.28 0.686515714604 0.3981009
TCGA-CR-6470-01 0.48 0.32 0.609112973667 0.4717037
TCGA-CR-7365-01 0.59 0.48 0.819054807547 0.578490992259495
TCGA-DQ-5624-01 0.39 0.27 0.788410658382 0.2766079
TCGA-CV-5439-01 0.44 0.41 0.869365832506 0.5853989
TCGA-CV-A465-01 0.32 0.26 0.947931360265 0.3087918
TCGA-P3-A6T8-01 0.32 0.530718861588672 0.833871921785 0.8932373
TCGA-CN-6010-01 0.4 0.39 0.853064580856 0.3093897
TCGA-BA-A6DL-01 0.35 0.35 0.926664477096 0.6145412
TCGA-IQ-A61I-01 0.41 0.7 0.83736576589 0.6489319
TCGA-CQ-A4CD-01 0.67 0.51 0.801304606938 0.4889877
TCGA-QK-A6VC-01 0.33 0.353239384113153 0.743568091546 0.2109331
TCGA-CV-A45Z-01 0.3 0.25 0.800161628133 0.274709
TCGA-QK-A6IH-01 0.62 0.6 0.843107469328 0.758659
TCGA-HD-7229-01 0.56 0.58 0.849333794835 0.625198971469302
TCGA-CQ-A4CG-01 0.46 0.73 0.876323822379 0.6700693
TCGA-H7-A76A-01 0.37 0.278079834578722 0.502875691854 0.1960487
TCGA-BA-A4IF-01 0.38 0.35 0.936863284521 0.4268846
TCGA-D6-A4ZB-01 0.26 0.4 0.863498139834 0.2082004
TCGA-P3-A6SW-01 0.34 0.363714110160309 0.770315042629 0.2031194
TCGA-CV-7438-01 0.37 0.47 0.773085313811 0.4954766
TCGA-UF-A7JC-01 0.7 0.656251963435359 0.936520026801 0.8001745
TCGA-D6-6823-01 0.46 0.45 0.895459797494 0.5371659
TCGA-D6-8568-01 0.43 0.4 0.758706631603 0.38711
TCGA-QK-A8Z9-01 0.45 0.409222453818316 0.66640066171 0.4304045
TCGA-CV-A6JM-01 0.56 0.56 0.843462906936 0.613628632296495
TCGA-CR-7391-01 0.31 0.275842971206303 0.593009186475 0.1223328
TCGA-BA-4076-01 0.78 0.79 0.925096152019 0.83804715499988
TCGA-CV-5442-01 0.688294280138089 0.8 0.967354114768 0.7425105
TCGA-CR-7372-01 0.48 0.34 0.803867310493 0.4318724
TCGA-CN-A63T-01 0.32 0.45 0.749448825415 0.4671679
TCGA-CN-4741-01 0.74 0.59 0.881668677069 0.7585046
TCGA-CN-6020-01 0.38 0.31 0.739451180511 0.2755892
TCGA-CV-7424-01 0.42 0.44 0.737935100081 0.457786166780492
TCGA-CR-6487-01 0.51 0.39 0.560597319751 0.3445777
TCGA-P3-A6T5-01 0.43 0.527543937178475 0.82134145912 0.7525139
TCGA-UF-A7JS-01 0.57 0.496390349154395 0.732498981392 0.5650774
TCGA-CQ-6229-01 0.38 0.36 0.804453128916 0.5449189
TCGA-CN-A49B-01 0.64 0.62 0.728052057562 0.6823143
TCGA-MZ-A6I9-01 0.32 0.43 0.904440785012 0.4298369
TCGA-CR-7373-01 0.36 0.56 0.736527784558 0.487171421622303
TCGA-CQ-A4C9-01 0.34 0.39 0.841864014406 0.3496669
TCGA-BA-5153-01 0.587673953206688 0.71 0.765637665509 0.718998
TCGA-CV-6952-01 0.3 0.52 0.814876364299 0.4679679
TCGA-CN-6994-01 0.45 0.54 0.797408520283 0.3931136
TCGA-MZ-A5BI-01 0.35 0.3446821197429 0.662837921391 0.2734249
TCGA-BB-A5HY-01 0.6 0.6 0.912404297198 0.67857897953433
TCGA-CV-5432-01 0.94 0.45 0.88915529393 0.732515676424342
TCGA-DQ-5631-01 0.45 0.57 0.886586418792 0.4104832
TCGA-DQ-7588-01 0.53 0.51 0.973308953015 0.6051182
TCGA-QK-A6VB-01 0.69 0.639009397884079 0.93301985589 0.740083848512686
TCGA-CN-A6V3-01 0.37 0.455795917214924 0.840777853194 0.4728845
TCGA-CQ-A4C6-01 0.38 0.36 0.777540791389 0.3448928
TCGA-BA-A8YP-01 0.62 0.55545518101651 0.822996778608 0.625315069663345
TCGA-D6-6516-01 0.58 0.49 0.786326447567 0.825995
TCGA-CR-7399-01 0.51 0.5 0.708334593818 0.4618479
TCGA-CQ-7069-01 0.32 0.3 0.848890978877 0.400958
TCGA-CV-6960-01 0.59 0.64 0.931828618142 0.6154676
TCGA-CR-5249-01 0.55 0.59 0.718947431237 0.4806314
TCGA-CV-7423-01 0.49 0.45 0.898340352276 0.3424676
TCGA-CV-5978-01 0.41 0.41 0.609361772471 0.3610728
TCGA-BA-A4IG-01 0.37 0.39 0.891818957918 0.5164113
TCGA-H7-7774-01 0.29 0.56 0.847703359225 0.3968008
TCGA-CR-7404-01 0.33 0.42 0.738728850762 0.2857637
TCGA-CR-7370-01 0.62 0.6 0.85286695831 0.6613632
TCGA-CV-5430-01 0.66 0.54 0.771603012887 0.9387972
TCGA-D6-6826-01 0.41 0.22 0.639627881153 0.3409389
TCGA-BA-5149-01 0.46 0.49 0.842416175777 0.7745879
TCGA-CV-7248-01 0.38 0.36 0.777924960972 0.7410499
TCGA-UF-A71A-01 0.67 0.595237502590838 0.861441782267 0.67995945073766
TCGA-CN-A6V6-01 0.59 0.496011944328511 0.73048484744 0.5399821
TCGA-BA-4074-01 0.56 0.54 0.768010438758 0.569964431117118
TCGA-CQ-6218-01 0.33 0.52 0.771135669142 0.4493872
TCGA-DQ-7596-01 0.24 0.43 0.842277099458 0.1680028
TCGA-CQ-5332-01 0.72 0.61 0.826500143265 0.689668327330506
TCGA-P3-A6T4-01 0.44 0.568725210034417 0.904619009878 0.7954772
TCGA-D6-A6EQ-01 0.55 0.58 0.722405633258 0.5730957
TCGA-CN-5355-01 0.35 0.48 0.77968949446 0.8415756
TCGA-CQ-A4CE-01 0.26 0.37 0.854936964161 0.3010161
TCGA-CV-7089-01 0.39 0.28 0.864249075471 0.2509164
TCGA-F7-A61V-01 0.59 0.56 0.905237267897 0.653691642209726
TCGA-CV-6937-01 0.38 0.42 0.845959486673 0.7969181
TCGA-CN-6013-01 0.46 0.52 0.641041509835 0.3988476
TCGA-CR-6482-01 0.39 0.27 0.586938472031 0.3246215
TCGA-BA-5556-01 0.27 0.33 0.673945473147 0.2357652
TCGA-HD-7831-01 0.38 0.44 0.675242073284 0.2857631
TCGA-BA-5555-01 0.45 0.45 0.857327614979 0.7481354
TCGA-UF-A719-01 0.49 0.59970715252931 0.919457488617 0.8473307
TCGA-CN-A6V1-01 0.2 0.234710887281313 0.566762683921 0.1218209
TCGA-CV-6948-01 0.7 0.78 0.848461420659 0.7653136
TCGA-CV-7421-01 0.5 0.39 0.805639687004 0.3670803
TCGA-DQ-5630-01 0.28 0.27 0.606454548955 0.2007234
TCGA-T2-A6WX-01 0.26 0.473729727816429 0.708817536333 0.9106709
TCGA-BA-5151-01 0.41 0.63 0.759442176682 0.4034108
TCGA-CV-A45P-01 0.32 0.34 0.903389322894 0.326376
TCGA-F7-A622-01 0.56 0.65 0.912531353811 0.685366824554353
TCGA-QK-A6IF-01 0.57 0.6 0.70746990776 0.6708418
TCGA-CQ-6227-01 0.41 0.37 0.752561168344 0.2835592
TCGA-CQ-6224-01 0.45 0.27 0.61880898212 0.2304712
TCGA-CN-6017-01 0.28 0.44 0.452634556192 0.7378826
TCGA-WA-A7H4-01 0.22 0.336311291871672 0.81389753565 0.1678255
TCGA-CV-A6JT-01 0.49 0.35 0.731056809543 0.4689322
TCGA-CN-A49A-01 0.51 0.45 0.894404705305 0.4423482
TCGA-CV-5441-01 0.79 0.6 0.842413277022 0.5905661
TCGA-QK-AA3K-01 0.51 0.527249868020001 0.661985673223 0.8980302
TCGA-CV-6961-01 0.35 0.58 0.811020619086 0.526536282035102
TCGA-CV-7090-01 0.39 0.36 0.651520528605 0.376505
TCGA-P3-A5QA-01 0.44 0.35 0.858299961698 0.2959646
TCGA-CQ-5323-01 0.47 0.6 0.853031956554 0.5742873
TCGA-QK-A8ZB-01 0.66 0.635133271912594 0.837431270702 0.9140095
TCGA-CV-5435-01 0.59 0.63 0.913077701085 0.9056524
TCGA-UF-A7JJ-01 0.28 0.264275565533545 0.564230980808 0.154933
TCGA-CN-4727-01 0.51 0.48 0.902049421634 0.7652663
TCGA-CN-5361-01 0.476858083699546 0.54 0.72250675301 0.516910773317434
TCGA-CN-4728-01 0.29 0.21 0.470059102105 0.1698084
TCGA-BA-6870-01 0.42 0.52 0.801556013561 0.2959444
TCGA-BA-A6DB-01 0.64 0.65 0.630222022402 0.586007998559961
TCGA-UF-A7JT-01 0.29 0.33603085396388 0.630245379684 0.3652762
TCGA-HD-8224-01 0.72 0.53 0.814862551152 0.4381397
TCGA-CN-A63Y-01 0.26 0.28 0.691224325026176 0.3975954
TCGA-MT-A67A-01 0.3 0.444468444204533 0.867969721475 0.4708079
TCGA-CN-4726-01 0.61 0.33 0.730396095091 0.4847993
TCGA-CN-A499-01 0.42 0.56 0.777396428987 0.5395998
TCGA-CV-A45U-01 0.64 0.35 0.894161379153 0.7058501
TCGA-CV-7418-01 0.66 0.69 0.875146864227 0.724415652169618
TCGA-BB-A5HU-01 0.34 0.35 0.789921309797 0.3465834
TCGA-CR-6480-01 0.54 0.73 0.906723412842 0.7305372
TCGA-KU-A66T-01 0.6 0.74 0.955508878396 0.5433309
TCGA-CV-7245-01 0.96 0.59 0.876916180618 0.9639139
TCGA-CV-6938-01 0.25 0.27 0.687999170556 0.2222152
TCGA-CV-A6JO-01 0.38 0.381165193432636 0.775016355535 0.2224144
TCGA-BA-5559-01 0.38 0.6 0.576498400526 0.6054538
TCGA-CV-A45R-01 0.42 0.38 0.760898993424 0.4664682
TCGA-D6-6515-01 0.29 0.2 0.500500608678 0.1763013
TCGA-CN-4731-01 0.84 0.64 0.830501341022 0.751088135496657
TCGA-CV-7178-01 0.49 0.43 0.660235277229 0.5615477
TCGA-CN-6018-01 0.42 0.32 0.664871123463 0.2903608
TCGA-CN-4740-01 0.42 0.29 0.500024337945 0.2242023
TCGA-CV-7177-01 0.49 0.6 0.785142961716 0.6186739
TCGA-CN-6012-01 0.54 0.36 0.777843980957 0.3308397
TCGA-KU-A6H7-06 0.58 0.79 0.800301209198 0.703352266905004
TCGA-CV-7429-01 0.49 0.36 0.784644468526 0.3877218
TCGA-F7-A61W-01 0.77 0.73 0.942286198469 0.7296439
TCGA-CV-7255-01 0.45 0.48 0.945022520904 0.582598377605247
TCGA-HD-A633-01 0.62 0.6 0.882399339202 0.6000147
TCGA-CN-6989-01 0.38 0.34 0.604423732655 0.6726812
TCGA-CQ-5331-01 0.28 0.28 0.67927659551 0.248565
TCGA-BA-5152-01 0.34 0.34 0.721480162293 0.9428667
TCGA-CR-6478-01 0.49 0.44 0.58651976171 0.2465086
TCGA-CV-A460-01 0.45 0.46 0.665327278325 0.4289455
TCGA-CN-5356-01 0.37 0.37 0.81444762039 0.4233807
TCGA-IQ-A61O-01 0.45 0.44 0.60189164456 0.2117905
TCGA-BB-4224-01 0.5 0.68 0.921170756932 0.933604
TCGA-CV-7406-01 0.56 0.59 0.872889363348 0.640494983287884
TCGA-CV-5440-01 0.67 0.64 0.916258702111 0.725078711008663
TCGA-UF-A7JK-01 0.6 0.608223706817097 0.946170315743 0.697797099833194
TCGA-CV-7440-01 0.43 0.566123699075309 0.879433559562 0.8368523
TCGA-F7-A624-01 0.3 0.46 0.656741706785 0.4842051
TCGA-CV-7410-01 0.2 0.227948652583095 0.534805045987 0.1416247
TCGA-CV-A6K2-01 0.26 0.4 0.809898771131 0.3428748
TCGA-P3-A6T6-01 0.67 0.624890097178014 0.947089021931 0.6796639
TCGA-CX-7086-01 0.6 0.58 0.912823481262 0.5381184
TCGA-HD-A4C1-01 0.43 0.58 0.863575475144 0.5619951
TCGA-UF-A7JD-01 0.4 0.51493773117593 0.773350138472 0.8108757
TCGA-CR-6474-01 0.32 0.37 0.632148646356 0.3088112
TCGA-CR-7392-01 0.26 0.276273856121411 0.560821028714 0.241835923583427
TCGA-QK-AA3J-01 0.73 0.647749114747312 0.928998980692 0.7333533
TCGA-CN-A498-01 0.35 0.49 0.877098261793 0.4322539
TCGA-F7-A623-01 0.42 0.38 0.875995956965 0.8584287
TCGA-CV-A45T-01 0.22 0.274336591611237 0.627906631851 0.1795378
TCGA-BA-A6DE-01 0.92 0.67 0.907626031805 0.6505792
TCGA-BA-A6DF-01 0.24 0.34 0.735410173563844 0.6816118
TCGA-H7-A6C5-01 0.79 0.59 0.864767887276267 0.5914234
TCGA-CN-4725-01 0.54 0.57 0.906857754321 0.7108997
TCGA-DQ-7592-01 0.5 0.46 0.794534211091 0.4063668
TCGA-P3-A5QF-01 0.73 0.74 0.879417791644 0.7334498
TCGA-CN-A642-01 0.54 0.49 0.776104975866 0.543828408766474
TCGA-CN-6019-01 0.38 0.61 0.492727568391 0.3041471
TCGA-CR-7388-01 0.39 0.25 0.691388704488 0.3137849
TCGA-MT-A67D-01 0.39 0.37 0.747315062284 0.2300968
TCGA-CV-7254-01 0.42 0.37 0.537745167875 0.3959108
TCGA-KU-A6H8-01 0.27 0.349184821527858 0.795201986119 0.1900467
TCGA-CN-4742-01 0.39 0.33 0.723566838333 0.2942785
TCGA-CR-7368-01 0.75 0.49 0.825803369041 0.7502991
TCGA-QK-A8Z7-01 0.69 0.634352910972008 0.916222708729 0.7454463
TCGA-CQ-6220-01 0.36 0.41 0.84968849479 0.3646967
TCGA-CV-6942-01 0.38 0.4 0.567852812157 0.4128483
TCGA-CV-7243-01 0.48 0.46 0.847439918715 0.3294825
TCGA-CR-6493-01 0.65 0.68 0.909336252068 0.73189725016802
TCGA-CQ-5324-01 0.49 0.69 0.802374271455 0.687297
TCGA-CQ-5334-01 0.26 0.28 0.615999755619 0.3841935
TCGA-CN-5365-01 0.46 0.55 0.804471060731 0.55264559381137
TCGA-UF-A7JO-01 0.38 0.363616938251498 0.666379382261 0.3146354
TCGA-BB-A6UO-01 0.41 0.559750435489666 0.792840339974 0.9717788
TCGA-F7-8489-01 0.26 0.3 0.731326939106 0.2308049
TCGA-CV-A6JU-01 0.26 0.42 0.824320651105 0.3774833
TCGA-CV-A6JE-01 0.6 0.47 0.721100371858 0.8621186
TCGA-MT-A67F-01 0.2 0.25 0.573142829029 0.227653
TCGA-UF-A7JH-01 0.6 0.486884700205728 0.705139764883 0.5251754
TCGA-H7-8502-01 0.61 0.68 0.823083245029 0.7213562
TCGA-CR-7394-01 0.25 0.3 0.5366965643 0.1789075
TCGA-CV-6433-01 0.43 0.7 0.869916261530783 0.9423541
TCGA-P3-A6T7-01 0.49 0.492725126465866 0.853389308903 0.4625327
TCGA-CV-6945-01 0.41 0.38 0.908311371347 0.444805
TCGA-CV-7568-01 0.504353936635589 0.504062590529886 0.816034460243 0.554723002940935
TCGA-CN-5369-01 0.21 0.21 0.619664706329 0.1777463
TCGA-CV-7261-01 0.47 0.47 0.821389460118 0.5401993
TCGA-T2-A6WZ-01 0.6 0.518790693438529 0.832191938933 0.4694309
TCGA-CV-A6K1-01 0.51 0.64 0.819933270948 0.618941996924848
TCGA-CN-4735-01 0.53 0.68 0.715931644161 0.6655493
TCGA-IQ-A61H-01 0.44 0.28 0.853046544784 0.3873064
TCGA-CV-5970-01 0.42 0.45 0.780677047234 0.8609679
TCGA-F7-A50G-01 0.35 0.36 0.713600650931358 0.3327338
TCGA-CV-5973-01 0.69 0.69 0.900108732645 0.571261
TCGA-IQ-A61G-01 0.54 0.7 0.940235094403 0.712587597858455
TCGA-P3-A6SX-01 0.57 0.585270343298602 0.924951225585 0.666268715027936
TCGA-CR-7376-01 0.2 0.164781330114931 0.333820804236 0.171692
TCGA-CV-7104-01 0.65 0.53 0.711446083193 0.574153888164299
TCGA-D6-6825-01 0.42 0.4 0.63852321592 0.4423175
TCGA-CV-7097-01 0.54 0.53 0.694139135284 0.5280715
TCGA-CV-6962-01 0.72 0.67 0.957690917629 0.776766200624518
TCGA-BB-A6UM-01 0.82 0.675056928285198 0.865624177453 0.8394925
TCGA-CV-6953-01 0.41 0.45 0.839037014059 0.4280457
TCGA-CV-6950-01 0.52 0.42 0.82862199497 0.5200785
TCGA-CN-4739-01 0.54 0.45 0.791572735277 0.918305
TCGA-BA-6872-01 0.58 0.5 0.822001944027 0.3556522
TCGA-CQ-6222-01 0.370364857918662 0.369916165407796 0.657414114555 0.370461550013086
TCGA-CQ-A4CB-01 0.41 0.39 0.722644632983 0.3399891
TCGA-UF-A71D-01 0.66 0.581348344885382 0.928190443046 0.5236392
TCGA-CV-5977-01 0.62 0.63 0.893745418293 0.5675168
TCGA-CQ-7065-01 0.66 0.71 0.945837369182 0.6765191
TCGA-CN-6023-01 0.51 0.36 0.769015164869 0.4198027
TCGA-CV-7253-01 0.56 0.6 0.963723551599 0.702722
TCGA-HD-8314-01 0.54 0.57 0.756557075594 0.4684397
TCGA-CN-5374-01 0.43 0.42 0.777326280474 0.797329
TCGA-CQ-5326-01 0.39 0.5 0.773315306464 0.4627285
TCGA-BA-A6D8-01 0.49 0.51 0.816452708121 0.6709579
TCGA-CV-7263-01 0.37 0.52 0.719371570585 0.9688958
TCGA-CN-5367-01 0.53 0.51 0.807223019672 0.4909633
TCGA-CV-A45O-01 0.36 0.29 0.809590483474 0.2650547
TCGA-CV-7100-01 0.53 0.56 0.775122986369 0.4882486
TCGA-CV-A6JZ-01 0.37 0.37 0.605016962182 0.2803942
TCGA-CR-5243-01 0.72 0.75 0.759053296714 0.7138555
TCGA-CN-5373-01 0.5 0.44 0.645745258633 0.4417016
TCGA-CR-7371-01 0.46 0.41 0.733273624433 0.3485134
TCGA-CV-7446-01 0.566140301275974 0.565921512295503 0.889179037487 0.639691460286772
TCGA-CV-6934-01 0.24 0.42 0.504243674562 0.351612
TCGA-IQ-A61L-01 0.4 0.46 0.746592039937168 0.3743229
TCGA-D6-6517-01 0.45 0.45 0.81399155411 0.423731
TCGA-CV-7411-01 0.24 0.4 0.808875159754 0.3709486
TCGA-F7-A50I-01 0.41 0.422983144496421 0.834951909423 0.2788051
TCGA-CN-6992-01 0.64 0.53 0.865457776354 0.641333642263126
TCGA-CR-7401-01 0.38 0.32 0.757276259213 0.2962542
TCGA-CV-6941-01 0.57 0.5 0.774099053451 0.9096286
TCGA-UP-A6WW-01 0.71 0.612458618957236 0.787860272071 0.8225408
TCGA-CR-7382-01 0.24 0.22 0.457004282644 0.2044903
TCGA-QK-A6V9-01 0.37 0.48710803167713 0.862506174371 0.5817115
TCGA-CV-A464-01 0.36 0.37 0.726872464386 0.2726866
TCGA-CR-6473-01 0.85 0.82 0.911060731263 0.8214858
TCGA-BB-4223-01 0.7 0.72 0.771705893645 0.681756
TCGA-CN-4737-01 0.41 0.46 0.782301138422 0.4034151
TCGA-C9-A47Z-01 0.59 0.66 0.901367728655 0.696219084375882
TCGA-MZ-A7D7-01 0.59 0.504293117092531 0.94519224187 0.2368628
TCGA-CV-7415-01 0.43 0.42 0.740611384865 0.3735844
TCGA-CN-4723-01 0.38 0.36 0.785019666169 0.8551265
TCGA-D6-A6ES-01 0.67 0.69 0.84534707622 0.6940678
TCGA-CN-6022-01 0.34 0.35 0.690273107255 0.3747557
TCGA-TN-A7HL-01 0.48 0.411529932909086 0.647102389585 0.4317765
TCGA-CR-7364-01 0.51 0.51 0.84538943661 0.573077517622712
TCGA-CR-7386-01 0.3 0.22 0.500210725216 0.2531996
TCGA-CR-7367-01 0.36 0.3 0.663685742736 0.6276217
TCGA-UF-A71E-01 0.73 0.681145888200141 0.931966237156 0.8815223
TCGA-CV-7416-01 0.46 0.57 0.783588191998 0.5454827
TCGA-CN-6011-01 0.7 0.63 0.842785792927 0.698328942092799
TCGA-IQ-A61E-01 0.33 0.34 0.81479142091 0.4955511
TCGA-CR-6488-01 0.4 0.31 0.653560527393 0.3161539
TCGA-UF-A7JA-01 0.37 0.409723781526939 0.885512894811 0.1909234
TCGA-P3-A6T0-01 0.5 0.550948545712713 0.914245023535 0.619124825173879
TCGA-CV-7434-01 0.64 0.67 0.829281517672 0.6839927
TCGA-T2-A6X2-01 0.36 0.420153345665499 0.767453788231 0.439466563131085
TCGA-IQ-A6SH-01 0.52 0.494548884928201 0.783746374504 0.541655124200977
TCGA-CQ-6225-01 0.8 0.69 0.971100859165 0.822667607524723
TCGA-F7-7848-01 0.67 0.4 0.771251329368 0.5089136
TCGA-QK-A8Z8-01 0.596470774988874 0.596287603769578 0.925085174549 0.68140185346095
TCGA-CR-7380-01 0.47 0.43 0.742172668951 0.6975547
TCGA-CV-A45W-01 0.28 0.337494719882407 0.70407275682 0.2679955
TCGA-CR-6471-01 0.32 0.54 0.689017060133 0.4979356
TCGA-HD-7832-01 0.43 0.71 0.83637704587 0.692483
TCGA-CN-6988-01 0.7 0.67 0.96198151977 0.771031764084349
TCGA-CV-5443-01 0.55 0.59 0.677979641043 0.5623459
TCGA-F7-8298-01 0.73 0.51 0.827242614981 0.64955527271373
TCGA-CR-5250-01 0.66 0.56 0.798754118545 0.6042599
TCGA-UF-A718-01 0.3 0.527492837360094 0.793950102195 0.968441
TCGA-P3-A5QE-01 0.48 0.63 0.812177365003 0.6394016
TCGA-CV-7413-01 0.57 0.3 0.71725139151 0.4201698
TCGA-BB-4225-01 0.78 0.61 0.768672415643 0.686136133020896
TCGA-BB-A5HZ-01 0.32 0.32 0.884610808832 0.4743026
TCGA-BB-4228-01 0.87 0.85 0.816934430259 0.8726598
TCGA-CN-5360-01 0.94 0.37 0.646746933296 0.46095
TCGA-BB-8596-01 0.33 0.342752002477539 0.643074649769 0.3225423
TCGA-CN-A63U-01 0.54 0.53 0.952758154396 0.643032950297847
TCGA-CN-5358-01 0.27 0.192712494985543 0.390507945744 0.1165477
TCGA-CR-7402-01 0.57 0.59 0.854127269983 0.63569785940372
TCGA-CR-7398-01 0.72 0.68 0.822380942922 0.7987942
TCGA-CR-5248-01 0.33 0.49 0.61550254829 0.4328847
TCGA-CV-7422-01 0.32 0.28 0.809130428414 0.2714853
TCGA-CV-6939-01 0.28 0.3 0.755935646472 0.2716087
TCGA-CV-7414-01 0.76 0.74 0.84993961242 0.7854352
TCGA-CV-A461-01 0.28 0.28 0.694140387928 0.8635593
TCGA-CV-6954-01 0.52 0.46 0.775437160465 0.8857456
TCGA-T2-A6X0-01 0.61 0.626960795596133 0.828736241192 0.9568141
TCGA-CV-7103-01 0.98 0.48 0.775759175849 0.7253984
TCGA-UF-A71A-06 0.69 0.64124662365699 0.937533025793 0.743156867201547
TCGA-CQ-A4C7-01 0.27 0.32 0.792857905046 0.3086604
TCGA-D6-A74Q-01 0.48 0.501191775334794 0.838701889711 0.5379006
TCGA-HD-8635-01 0.76 0.47 0.824822299129 0.42482
TCGA-CN-4730-01 0.62 0.46 0.927886808015 0.8434816
TCGA-BA-6868-01 0.58 0.64 0.922819798127 0.693394488635171
TCGA-CV-A45Y-01 0.46 0.26 0.625125992035 0.1689464
TCGA-D6-A6EP-01 0.83 0.8 0.819744845233 0.9305265
TCGA-CR-7393-01 0.27 0.233017716028585 0.495535148144 0.1342359
TCGA-CV-7437-01 0.64 0.62 0.913766206041 0.703496468106277
TCGA-D6-6827-01 0.59 0.57 0.889507376722 0.6206597
TCGA-UF-A71B-01 0.38 0.443826597876997 0.799081360911 0.4710391
TCGA-CV-7091-01 0.48 0.44 0.798490179464 0.508856950108566
TCGA-QK-A64Z-01 0.39 0.44 0.858021899019 0.3839502
TCGA-CN-6024-01 0.64 0.61 0.914119282651 0.6339366
TCGA-4P-AA8J-01 0.25 0.331962176968553 0.681744479132 0.3179771
TCGA-CV-A45Q-01 0.35 0.48 0.860178568016 0.489425
TCGA-CV-7433-01 0.23 0.3 0.501796140701 0.2414252
TCGA-BA-A6DI-01 0.27 0.21 0.916146188793 0.2529432
TCGA-CN-5359-01 0.24 0.21 0.520293414149 0.5441591
TCGA-KU-A6H7-01 0.38 0.54 0.754625136705 0.2913119
TCGA-CV-6956-01 0.54 0.56 0.958173859715 0.6643728
TCGA-CV-7102-01 0.44 0.46 0.704956009127 0.4058211
TCGA-CQ-A4CH-01 0.41 0.387838052447179 0.833124797766 0.1208218
TCGA-CV-A463-01 0.33 0.35 0.898174683216 0.5284256
TCGA-CV-6936-01 0.58 0.61 0.834613594071 0.4340008
TCGA-H7-8501-01 0.28 0.4 0.601774665487 0.3799926
TCGA-QK-A652-01 0.35 0.34 0.768091207126 0.3237828
TCGA-HD-A6I0-01 0.31 0.63 0.776612830652 0.5383753
TCGA-CV-7430-01 0.71 0.75 0.947829858813 0.80381094477238
TCGA-D6-A6EK-01 0.28 0.42 0.733939971433 0.4451946
TCGA-F7-A620-01 0.47 0.33 0.730180684602 0.2390207
TCGA-CV-5436-01 0.62 0.65 0.85894943228 0.683792969136225
TCGA-CN-5363-01 0.48 0.45 0.713853007542 0.8251141
TCGA-F7-A61S-01 0.33 0.3 0.802404969433 0.390774707871444
TCGA-CN-6016-01 0.35 0.34 0.602110262319 0.2985718
TCGA-CV-7101-01 0.38 0.47 0.77626923344 0.3144749
TCGA-CX-7219-01 0.51 0.57 0.691519290412 0.4580462
TCGA-QK-A6IG-01 0.41 0.47 0.801526300477 0.4475496
TCGA-CN-A49C-01 0.66 0.73 0.909588147202 0.7375922
TCGA-CV-6436-01 0.3 0.25 0.741803872503 0.3957785
TCGA-TN-A7HI-01 0.65 0.55288921502533 0.74354429502 0.6999225
TCGA-RS-A6TO-01 0.45 0.427298966653585 0.777575523275 0.3365707
TCGA-P3-A6T2-01 0.59 0.595720649034162 0.8658910417 0.7813523
TCGA-CV-A6JN-01 0.52 0.57 0.81190954153 0.5321715
TCGA-CV-7435-01 0.52 0.39 0.639446593783 0.3950881
TCGA-BA-5558-01 0.31 0.31 0.738070125035 0.4341433
TCGA-CV-7407-01 0.71 0.39 0.799511516281 0.3249993
TCGA-HD-A6HZ-01 0.35 0.38 0.678866707263 0.3755567
TCGA-CV-5444-01 0.32 0.28 0.576683355132 0.2444783
TCGA-CQ-5329-01 0.56 0.56 0.69393281598 0.5960216
TCGA-CN-4733-01 0.23 0.195216064217761 0.435023508714 0.11042692
TCGA-BA-A4IH-01 0.7 0.69 0.831741494764 0.7890493
TCGA-DQ-7591-01 0.68 0.68 0.796324865284 0.6695491
TCGA-CR-6481-01 0.27 0.22 0.531246002888 0.2952205
TCGA-CV-7238-01 0.24 0.324025418246825 0.744406119322 0.1953977
TCGA-IQ-A6SG-01 0.48 0.548398707307706 0.925824469703 0.61562240661289
TCGA-BA-A6DA-01 0.31 0.47 0.835593911614 0.4586323
TCGA-CV-7432-01 0.49 0.46 0.899979307497 0.5437183
TCGA-QK-A8ZA-01 0.659574830837385 0.659465764137905 0.960908158247 0.8298394
TCGA-CV-5434-01 0.64 0.56 0.670806312243 0.564846119554768
TCGA-CQ-A4CI-01 0.77 0.76 0.908183016505 0.7561148
TCGA-C9-A480-01 0.33 0.26 0.884180753811 0.387268
TCGA-BA-6871-01 0.53 0.71 0.686904348323 0.9702374
TCGA-CV-7247-01 0.36 0.54 0.90082957818 0.2808498
TCGA-CN-6998-01 0.49 0.4 0.874032305645 0.529831884946173
TCGA-CQ-5333-01 0.35 0.3 0.603262160337 0.2905866
TCGA-CQ-6223-01 0.41 0.51 0.848337438406 0.6037237
TCGA-CN-A641-01 0.63 0.46 0.918311649639 0.6229622
TCGA-CQ-5330-01 0.42 0.36 0.594340817627 0.5011032
TCGA-P3-A5Q6-01 0.49 0.43 0.811731117473 0.6153657
TCGA-BA-7269-01 0.47 0.51 0.804247595475 0.5222763
TCGA-CN-4738-01 0.41 0.3 0.77450300391 0.1941891
TCGA-CX-A4AQ-01 0.46 0.58 0.679748147197 0.6004578
TCGA-QK-A6IJ-01 0.64 0.619290215542145 0.811289184121 0.9095687
TCGA-BA-A6DD-01 0.32 0.26 0.725904022611 0.2024532
TCGA-HD-A634-01 0.6 0.72 0.886450380311497 0.8166547
TCGA-CQ-5327-01 0.29 0.47 0.71198178646 0.4518715
TCGA-BA-5557-01 0.43 0.3 0.529855170212 0.2308678
TCGA-P3-A5Q5-01 0.26 0.41 0.616264466916 0.4286899
TCGA-CV-5971-01 0.32 0.260698249453015 0.541559248149 0.121443
TCGA-DQ-7593-01 0.35 0.38 0.650905691673 0.2655098
TCGA-CN-4729-01 0.35 0.29 0.817414401385 0.607293
TCGA-CN-5366-01 0.38 0.28 0.76138958394 0.4906068
TCGA-CQ-6219-01 0.306218552634421 0.24 0.64463951056 0.282247708073038
TCGA-UF-A7JV-01 0.51 0.452024530803293 0.731398542379 0.4434163
TCGA-UF-A7JF-01 0.42 0.486799839569088 0.851730433288 0.531011155452839
TCGA-CV-6955-01 0.21 0.4 0.813079587999 0.1891485
TCGA-D6-A4Z9-01 0.47 0.47 0.842647748932 0.457892
TCGA-CQ-7064-01 0.37 0.41 0.730449201033024 0.362956
TCGA-CV-7235-01 0.49 0.4 0.641318993336 0.422495016447498
TCGA-IQ-7631-01 0.33 0.76 0.81379012535 0.7242407
TCGA-H7-A6C4-01 0.25 0.35 0.801325862322 0.3486277
TCGA-IQ-A61K-01 0.53 0.54 0.795764763439181 0.4679938
TCGA-BA-6869-01 0.59 0.63 0.909641811375 0.686741759267841
TCGA-CR-7379-01 0.37 0.31 0.750351948429 0.3159404
TCGA-CV-5966-01 0.3 0.45 0.728402238959 0.37238
TCGA-CR-7369-01 0.36 0.53 0.813325337874 0.4260671
TCGA-BA-A6DG-01 0.36 0.22 0.630282785382 0.1370094
TCGA-HD-7753-01 0.5 0.45 0.797499685216 0.977262
TCGA-TN-A7HJ-01 0.31 0.402888039429363 0.904912804798 0.208504
