abscnseq ascat estimate purbayes
TCGA-E7-A5KF-01 0.946020236645092 0.780480866666667 0.914340633333333 0.904365166666667
TCGA-FD-A3SJ-01 0.547431071612076 0.399247033333333 0.598154514561414 0.469840255705164
TCGA-HQ-A2OE-01 0.740388391678361 0.714822868064139 0.841023066666667 0.441463066666667
TCGA-YC-A89H-01 0.432185659481069 0.547431071612076 0.597146405730762 0.585142333333333
TCGA-GD-A3OQ-01 0.4948736 0.648695869142767 0.700381698521626 0.741158233611221
TCGA-FD-A6TI-01 0.432185659481069 0.3598237 0.660562596416867 0.447434162896999
TCGA-2F-A9KP-01 0.582245528864635 0.700381698521626 0.877893166666667 0.7427123
TCGA-FD-A43U-01 0.3851429 0.3218763 0.242149166666667 0.245828633333333
TCGA-XF-A9SJ-01 0.412358833333333 0.387311157647324 0.3851429 0.3113529
TCGA-XF-A9SU-01 0.245828633333333 0.316386633173537 0.415379693176251 0.254208666666667
TCGA-GU-A764-01 0.479027733333333 0.386221570046433 0.3774124 0.239631335099099
TCGA-ZF-A9RE-01 0.6881563 0.710415477413165 0.86591282903682 0.6782428
TCGA-XF-A8HC-01 0.904365166666667 0.769132561676438 0.773722962905101 0.592356652414671
TCGA-4Z-AA81-01 0.5342703 0.646723383575673 0.611347452309754 0.788403033333333
TCGA-GU-A767-01 0.421130074963939 0.2930289 0.628697399027229 0.297876933333333
TCGA-FJ-A3Z9-01 0.397630672447701 0.946020236645092 0.678692082394512 0.700381698521626
TCGA-BT-A42C-01 0.644865732408628 0.539725709905456 0.8371836 0.72030988757843
TCGA-ZF-AA58-01 0.297876933333333 0.268221164156123 0.248076663379318 0.3218763
TCGA-DK-A2I1-01 0.657213109709292 0.553010167441938 0.328632666666667 0.480063995863673
TCGA-E7-A677-01 0.667740112427161 0.912794866666667 0.670257062416182 0.74843306015862
TCGA-DK-A3IT-01 0.4677019 0.4531138 0.517628100469075 0.460441303870388
TCGA-G2-A3IE-01 0.644865732408628 0.714822868064139 0.735501692254046 0.569888866666667
TCGA-KQ-A41R-01 0.628697399027229 0.712304443376535 0.779234712999407 0.784629333333333
TCGA-4Z-AA7O-01 0.667740112427161 0.647847550302143 0.553010167441938 0.678692082394512
TCGA-XF-A9T4-01 0.740388391678361 0.670257062416182 0.568490305808398 0.670854466666667
TCGA-UY-A78K-01 0.621303277907083 0.558292853741921 0.417588353412323 0.615754534215721
TCGA-CF-A1HR-01 0.3395393 0.422657 0.621952530888553 0.547431071612076
TCGA-S5-A6DX-01 0.3851429 0.370222533333333 0.3062219 0.563338679528082
TCGA-GC-A3RD-01 0.644865732408628 0.4948736 0.707582075215211 0.4948736
TCGA-G2-A2EC-01 0.531150712565252 0.527734604377205 0.424460178175777 0.505903423779473
TCGA-G2-A2ES-01 0.568490305808398 0.527734604377205 0.470217094410857 0.527734604377205
TCGA-FJ-A3ZE-01 0.8617073 0.873762766666667 0.912794866666667 0.821030504332851
TCGA-ZF-A9R9-01 0.797102136408174 0.685441722649435 0.436786252783014 0.774257992103798
TCGA-K4-A6FZ-01 0.5342703 0.335886766666667 0.558626190304834 0.397630672447701
TCGA-DK-A6B6-01 0.5342703 0.475516366666667 0.633467794670788 0.590205211202734
TCGA-XF-A9T3-01 0.440644166666667 0.447434162896999 0.399247033333333 0.449463093744254
TCGA-DK-AA6X-01 0.245828633333333 0.432185659481069 0.528144 0.423233163483644
TCGA-CU-A0YR-01 0.501859266666667 0.407862533333333 0.414519452061294 0.455905407566445
TCGA-DK-A1AA-01 0.788403033333333 0.8893812 0.716554366666667 0.762026166666667
TCGA-G2-AA3F-01 0.558292853741921 0.582245528864635 0.769132561676438 0.475516366666667
TCGA-DK-AA75-01 0.657213109709292 0.623693364001467 0.582245528864635 0.606522365618288
TCGA-E7-A3Y1-01 0.597146405730762 0.6881563 0.714822868064139 0.692819533333333
TCGA-ZF-A9RN-01 0.727252613835066 0.644865732408628 0.562975985835698 0.587200435632107
TCGA-XF-A9SZ-01 0.4531138 0.436786252783014 0.407862533333333 0.4014287
TCGA-DK-A3IS-01 0.788403033333333 0.856212631279174 0.8056273 0.7805303
TCGA-BT-A0S7-01 0.412358833333333 0.568490305808398 0.623693364001467 0.632306029366821
TCGA-GD-A3OP-01 0.169139549488172 0.659042033333333 0.521873642756681 0.198008133333333
TCGA-DK-AA6T-01 0.558292853741921 0.524175289328823 0.322546133333333 0.685441722649435
TCGA-ZF-A9RM-01 0.700381698521626 0.678692082394512 0.636845048324437 0.677416266666667
TCGA-DK-A3X1-01 0.421130074963939 0.407862533333333 0.615407996119481 0.404622684263457
TCGA-UY-A9PE-01 0.5342703 0.547791877177226 0.659042033333333 0.4678581
TCGA-XF-AAN3-01 0.421130074963939 0.480063995863673 0.455905407566445 0.495454466666667
TCGA-G2-A2EK-01 0.328632666666667 0.4948736 0.631973232796326 0.485005666666667
TCGA-KQ-A41N-01 0.603825370863172 0.668470224836992 0.809196266666667 0.658091880408312
TCGA-CF-A47X-01 0.86591282903682 0.8260914 0.870152066666667 0.913430333333333
TCGA-G2-A3VY-01 0.735501692254046 0.792923524114836 0.707152174679422 0.70408659572761
TCGA-CU-A3QU-01 0.8494433 0.8056273 0.883629133333333 0.763452778586317
TCGA-DK-A3WW-01 0.2765593 0.508465566666667 0.3857162 0.9460611
TCGA-4Z-AA7Y-01 0.797102136408174 0.773481252823824 0.842005220025792 0.716554366666667
TCGA-4Z-AA84-01 0.501859266666667 0.592356652414671 0.717863733333333 0.558626190304834
TCGA-BT-A3PK-01 0.216496651912705 0.251852533333333 0.432185659481069 0.242149166666667
TCGA-DK-A3IV-01 0.568490305808398 0.568490305808398 0.585142333333333 0.501859266666667
TCGA-XF-AAN5-01 0.3395393 0.434097503822629 0.460441303870388 0.413010933333333
TCGA-BT-A20T-01 0.603825370863172 0.583836733333333 0.483499201122903 0.569719933333333
TCGA-ZF-AA4T-01 0.764826689070109 0.777696478927942 0.821801808791094 0.810137333333333
TCGA-CF-A27C-01 0.86591282903682 0.8056273 0.900718119368184 0.873762766666667
TCGA-BL-A13I-01 0.3113529 0.345890133333333 0.245828633333333 0.354547858137062
TCGA-CU-A0YN-01 0.5342703 0.508465566666667 0.473952460579565 0.446433911319529
TCGA-K4-A54R-01 0.829465433333333 0.634503866666667 0.372082466666667 0.528055533333333
TCGA-DK-A3IQ-01 0.226778166666667 0.335886766666667 0.3113529 0.312935657163794
TCGA-XF-AAN1-01 0.777696478927942 0.773053049320055 0.749529659185092 0.809196266666667
TCGA-DK-AA6U-01 0.896842133333333 0.842005220025792 0.857624466666667 0.856212631279174
TCGA-ZF-AA4X-01 0.4531138 0.621303277907083 0.563338679528082 0.791524033048286
TCGA-E5-A4U1-01 0.86591282903682 0.856212631279174 0.922678533333333 0.875549821110182
TCGA-FD-A3NA-01 0.412358833333333 0.407862533333333 0.522872960458591 0.4677019
TCGA-BL-A3JM-01 0.603825370863172 0.731900215891055 0.6497885 0.637930407770075
TCGA-FD-A5C1-01 0.328632666666667 0.435026987937562 0.292054045485377 0.624997366666667
TCGA-XF-AAMZ-01 0.432185659481069 0.448064708258181 0.648695869142767 0.236429837936588
TCGA-DK-A6AV-01 0.5126711 0.4677019 0.637930407770075 0.4683305
TCGA-FD-A6TG-01 0.3851429 0.237802766666667 0.421809595212697 0.277650666666667
TCGA-KQ-A41O-01 0.946020236645092 0.875549821110182 0.963099733333333 0.946020236645092
TCGA-BT-A20O-01 0.261585433333333 0.187328466666667 0.181779356476384 0.222933133333333
TCGA-E7-A4XJ-01 0.359183897248188 0.762026166666667 0.784756845350842 0.607231403848921
TCGA-YF-AA3L-01 0.7838876 0.791524033048286 0.7231296 0.900471
TCGA-CF-A3MI-01 0.7838876 0.856212631279174 0.647847550302143 0.740388391678361
TCGA-GC-A4ZW-01 0.763452778586317 0.773722962905101 0.8260914 0.804710523513947
TCGA-XF-A8HD-01 0.4677019 0.461557259151012 0.434097503822629 0.432185659481069
TCGA-GD-A6C6-01 0.8617073 0.856212631279174 0.658091880408312 0.792923524114836
TCGA-GD-A3OS-01 0.6881563 0.702074700790046 0.624997366666667 0.611158331442178
TCGA-E7-A3X6-01 0.6881563 0.370222533333333 0.495979466666667 0.562522075552185
TCGA-K4-A4AB-01 0.547431071612076 0.598154514561414 0.480063995863673 0.651238913121002
TCGA-DK-A2I2-01 0.4677019 0.257554466666667 0.352549967751841 0.2872776913688
TCGA-SY-A9G5-01 0.479027733333333 0.415776701532501 0.2930289 0.422657
TCGA-FD-A5BS-01 0.226778166666667 0.169139549488172 0.169139549488172 0.219890222369957
TCGA-E7-A519-01 0.368590023684818 0.432254333333333 0.485837230095526 0.633467794670788
TCGA-UY-A78P-01 0.297876933333333 0.31577436705864 0.3218763 0.3071237
TCGA-HQ-A5NE-01 0.359183897248188 0.198008133333333 0.575753730720387 0.667740112427161
TCGA-FD-A62N-01 0.3113529 0.2765593 0.1787585 0.279784890692339
TCGA-ZF-A9R2-01 0.700381698521626 0.65284591711338 0.615754534215721 0.636845048324437
TCGA-XF-AAMR-01 0.268221164156123 0.389633929257962 0.448064708258181 0.3774124
TCGA-XF-AAN4-01 0.3113529 0.248076663379318 0.216496651912705 0.272222347842413
TCGA-XF-AAMQ-01 0.700381698521626 0.610447022335737 0.507296928109771 0.598154514561414
TCGA-ZF-AA4V-01 0.621303277907083 0.577558821782369 0.505903423779473 0.568490305808398
TCGA-ZF-AA4N-01 0.582245528864635 0.630574490957469 0.551022609117787 0.701226425350374
TCGA-GV-A3JZ-01 0.821030504332851 0.8260914 0.606430022933982 0.732778914939766
TCGA-K4-A3WU-01 0.421130074963939 0.360898478612355 0.364343629911982 0.261585433333333
TCGA-DK-A1AF-01 0.216496651912705 0.236429837936588 0.254208666666667 0.179414084316968
TCGA-XF-AAME-01 0.169139549488172 0.179414084316968 0.1989365 0.169139549488172
TCGA-XF-A9SH-01 0.710415477413165 0.663411373009951 0.65213438957348 0.634503866666667
TCGA-BT-A20X-01 0.4677019 0.2930289 0.536306825278808 0.597146405730762
TCGA-CF-A1HS-01 0.663411373009951 0.527734604377205 0.550352461497753 0.842005220025792
TCGA-GV-A3QG-01 0.4677019 0.4531138 0.187328466666667 0.4327998
TCGA-XF-A9T5-01 0.479027733333333 0.536306825278808 0.312935657163794 0.821801808791094
TCGA-XF-A8HF-01 0.797102136408174 0.600046042552231 0.527734604377205 0.421809595212697
TCGA-ZF-A9R7-01 0.657213109709292 0.548546253900916 0.441463066666667 0.538446199319449
TCGA-DK-AA6P-01 0.739024049221689 0.749529659185092 0.8893812 0.712304443376535
TCGA-HQ-A2OF-01 0.797102136408174 0.856212631279174 0.692959233333333 0.521480333333333
TCGA-GU-A42P-01 0.558292853741921 0.520261796812464 0.472530237219861 0.461557259151012
TCGA-FD-A43P-01 0.582245528864635 0.3218763 0.370222533333333 0.378169733333333
TCGA-FD-A3N6-01 0.767762233333333 0.877893166666667 0.65284591711338 0.649611433333333
TCGA-E7-A6MF-01 0.350219433333333 0.251852533333333 0.817059513566132 0.8893812
TCGA-FD-A3B8-01 0.226778166666667 0.174279576633555 0.179414084316968 0.181779356476384
TCGA-CF-A3MH-01 0.773053049320055 0.877893166666667 0.813701020379671 0.797269066666667
TCGA-FD-A3SS-01 0.5126711 0.780480866666667 0.727252613835066 0.617296154670471
TCGA-ZF-A9RF-01 0.603825370863172 0.599159635335892 0.440653033333333 0.7231296
TCGA-ZF-A9R4-01 0.896842133333333 0.817059513566132 0.732778914939766 0.815306870436869
TCGA-DK-A6B2-01 0.501859266666667 0.399247033333333 0.335886766666667 0.809857
TCGA-GU-A762-01 0.304810623555603 0.320978629568398 0.261585433333333 0.389633929257962
TCGA-DK-AA76-01 0.773053049320055 0.779854515533304 0.789089197880271 0.829465433333333
TCGA-E7-A678-01 0.615407996119481 0.70408659572761 0.784375876391102 0.779854515533304
TCGA-S5-AA26-01 0.8371836 0.821801808791094 0.878668633333333 0.857624466666667
TCGA-XF-A9SM-01 0.3113529 0.279784890692339 0.253413133333333 0.2979827
TCGA-DK-A2HX-01 0.74843306015862 0.475516366666667 0.422657 0.299837857412387
TCGA-GV-A3JX-01 0.777696478927942 0.877893166666667 0.651238913121002 0.779234712999407
TCGA-YC-A9TC-01 0.597146405730762 0.661469986072277 0.688350834990514 0.707582075215211
TCGA-2F-A9KT-01 0.575753730720387 0.587200435632107 0.688850582313528 0.507296928109771
TCGA-GU-AATP-01 0.621303277907083 0.617296154670471 0.426754074765499 0.769132561676438
TCGA-DK-A1A7-01 0.813512425679889 0.714822868064139 0.683791951613801 0.710415477413165
TCGA-DK-A3IL-01 0.904365166666667 0.780480866666667 0.692819533333333 0.784375876391102
TCGA-FD-A3SO-01 0.359183897248188 0.527734604377205 0.4127028 0.479027733333333
TCGA-FD-A3SQ-01 0.285869299742337 0.251852533333333 0.378169733333333 0.435026987937562
TCGA-FD-A3N5-01 0.677416266666667 0.714822868064139 0.634503866666667 0.912794866666667
TCGA-E7-A85H-01 0.74843306015862 0.660562596416867 0.548546253900916 0.642259201838893
TCGA-E7-A4IJ-01 0.716554366666667 0.6881563 0.661469986072277 0.660562596416867
TCGA-UY-A9PB-01 0.368590023684818 0.334389492298791 0.279784890692339 0.352549967751841
TCGA-LT-A8JT-01 0.813512425679889 0.76016552556142 0.703195456447525 0.717863733333333
TCGA-DK-A3WX-01 0.169139549488172 0.407862533333333 0.386221570046433 0.3395393
TCGA-GC-A3I6-01 0.501859266666667 0.4948736 0.526854313681879 0.520261796812464
TCGA-DK-AA6R-01 0.644865732408628 0.597146405730762 0.657213109709292 0.485837230095526
TCGA-G2-A2EL-01 0.922678533333333 0.912794866666667 0.9460611 0.8448252
TCGA-GU-A42R-01 0.597146405730762 0.731900215891055 0.850162394567866 0.65213438957348
TCGA-DK-A1AD-01 0.740388391678361 0.670854466666667 0.55973552646216 0.646723383575673
TCGA-BL-A0C8-01 0.479027733333333 0.670854466666667 0.649611433333333 0.878668633333333
TCGA-GD-A2C5-01 0.501859266666667 0.4948736 0.604005004836722 0.422979266666667
TCGA-XF-A9SV-01 0.597146405730762 0.55973552646216 0.547431071612076 0.517028703812103
TCGA-E7-A97P-01 0.285869299742337 0.368590023684818 0.340694633333333 0.412358833333333
TCGA-UY-A8OB-01 0.710415477413165 0.667740112427161 0.645677302176937 0.644865732408628
TCGA-UY-A9PF-01 0.3851429 0.485837230095526 0.562522075552185 0.457768033333333
TCGA-BT-A2LD-01 0.568490305808398 0.518578333068236 0.611158331442178 0.3857162
TCGA-DK-AA77-01 0.788403033333333 0.7529119454595 0.677416266666667 0.735501692254046
TCGA-DK-A6AW-01 0.883629133333333 0.929623685958464 0.731900215891055 0.8260914
TCGA-XF-AAMF-01 0.727252613835066 0.681237053726472 0.642259201838893 0.645677302176937
TCGA-GV-A3JW-01 0.797102136408174 0.714822868064139 0.677628834712406 0.606430022933982
TCGA-DK-AA74-01 0.245828633333333 0.219890222369957 0.201224512553522 0.257554466666667
TCGA-E5-A2PC-01 0.707582075215211 0.754659433333333 0.681237053726472 0.6497885
TCGA-FD-A5BY-01 0.582245528864635 0.6881563 0.528055533333333 0.604005004836722
TCGA-DK-AA71-01 0.716554366666667 0.703195456447525 0.739024049221689 0.677628834712406
TCGA-BT-A42B-01 0.6881563 0.792923524114836 0.670854466666667 0.659581
TCGA-GU-AATQ-01 0.672170182635604 0.658091880408312 0.663411373009951 0.636812833333333
TCGA-ZF-A9R5-01 0.657213109709292 0.744477178433248 0.788403033333333 0.884934566666667
TCGA-BT-A3PH-01 0.7838876 0.780480866666667 0.723414633333333 0.727252613835066
TCGA-FD-A6TH-01 0.642259201838893 0.6881563 0.539086789973894 0.600046042552231
TCGA-BT-A20Q-01 0.644865732408628 0.670854466666667 0.413010933333333 0.558292853741921
TCGA-C4-A0F0-01 0.5126711 0.517028703812103 0.479027733333333 0.518578333068236
TCGA-4Z-AA7N-01 0.169139549488172 0.193474610255781 0.239631335099099 0.1787585
TCGA-4Z-AA7Q-01 0.350219433333333 0.404622684263457 0.421130074963939 0.345890133333333
TCGA-FD-A3B3-01 0.359183897248188 0.242149166666667 0.2765593 0.2302146
TCGA-XF-A8HE-01 0.226778166666667 0.359183897248188 0.449463093744254 0.350219433333333
TCGA-DK-A3WY-01 0.359183897248188 0.399247033333333 0.193474610255781 0.780480866666667
TCGA-DK-AA6W-01 0.777696478927942 0.741158233611221 0.701226425350374 0.707152174679422
TCGA-UY-A8OD-01 0.547431071612076 0.538446199319449 0.403098166666667 0.661469986072277
TCGA-BT-A20R-01 0.421130074963939 0.527734604377205 0.404622684263457 0.399247033333333
TCGA-CF-A47V-01 0.767762233333333 0.8893812 0.617296154670471 0.76016552556142
TCGA-XF-AAN8-01 0.268221164156123 0.181779356476384 0.174279576633555 0.1989365
TCGA-FD-A43Y-01 0.558292853741921 0.475516366666667 0.461557259151012 0.3598557
TCGA-K4-A3WS-01 0.285869299742337 0.222933133333333 0.298051133333333 0.372082466666667
TCGA-BT-A2LA-01 0.904365166666667 0.856212631279174 0.929623685958464 0.900718119368184
TCGA-K4-A83P-01 0.261585433333333 0.207365302247761 0.219890222369957 0.187328466666667
TCGA-K4-A5RJ-01 0.4531138 0.4677019 0.237802766666667 0.436786252783014
TCGA-XF-AAMY-01 0.575753730720387 0.521873642756681 0.518578333068236 0.453229066666667
TCGA-DK-A1A6-01 0.727252613835066 0.801332933333333 0.485005666666667 0.663411373009951
TCGA-K4-A5RI-01 0.922678533333333 0.440644166666667 0.600046042552231 0.683791951613801
TCGA-CF-A9FH-01 0.896842133333333 0.850162394567866 0.8494433 0.914340633333333
TCGA-XF-A8HI-01 0.710415477413165 0.739024049221689 0.7427123 0.7838876
TCGA-E7-A6ME-01 0.773053049320055 0.780480866666667 0.732938800853257 0.791796021590959
TCGA-UY-A8OC-01 0.558292853741921 0.543407799879192 0.481245485385562 0.575753730720387
TCGA-DK-A6B1-01 0.788403033333333 0.870152066666667 0.762026166666667 0.773481252823824
TCGA-E7-A8O8-01 0.714822868064139 0.707152174679422 0.764826689070109 0.68002780204865
TCGA-4Z-AA87-01 0.628697399027229 0.588842337110504 0.562098500028862 0.528144
TCGA-GV-A3JV-01 0.4677019 0.762026166666667 0.507575356673062 0.50280040431924
TCGA-FD-A5BT-01 0.328632666666667 0.239631335099099 0.198008133333333 0.2782501
TCGA-CU-A3KJ-01 0.727252613835066 0.841023066666667 0.630574490957469 0.701794600718744
TCGA-GD-A76B-01 0.245828633333333 0.222933133333333 0.483694133333333 0.341742471284996
TCGA-CF-A3MF-01 0.821030504332851 0.8260914 0.7529119454595 0.764826689070109
TCGA-FD-A3B6-01 0.4531138 0.370222533333333 0.397630672447701 0.3851429
TCGA-BL-A13J-01 0.626436973749649 0.615754534215721 0.587200435632107 0.598327330971845
TCGA-UY-A78L-01 0.5126711 0.651238913121002 0.570124 0.883629133333333
TCGA-GC-A6I3-01 0.368590023684818 0.345890133333333 0.4014287 0.334389492298791
TCGA-ZF-AA4R-01 0.657213109709292 0.68002780204865 0.558292853741921 0.813701020379671
TCGA-BT-A20W-01 0.628697399027229 0.659042033333333 0.569719933333333 0.207365302247761
TCGA-CF-A47S-01 0.368590023684818 0.483499201122903 0.701794600718744 0.417588353412323
TCGA-XF-A9SX-01 0.501859266666667 0.397630672447701 0.257554466666667 0.4127028
TCGA-FD-A3SL-01 0.5126711 0.508465566666667 0.360271733333333 0.473952460579565
TCGA-UY-A78O-01 0.412358833333333 0.507575356673062 0.6782428 0.424460178175777
TCGA-DK-A6B5-01 0.76016552556142 0.8260914 0.583836733333333 0.621303277907083
TCGA-ZF-A9R0-01 0.5126711 0.558626190304834 0.599159635335892 0.543407799879192
TCGA-GC-A3WC-01 0.226778166666667 0.335886766666667 0.388436285021669 0.362804392830357
TCGA-FD-A3B5-01 0.547431071612076 0.634503866666667 0.6881563 0.599159635335892
TCGA-LT-A5Z6-01 0.677416266666667 0.8448252 0.774257992103798 0.696389065736044
TCGA-CF-A9FM-01 0.328632666666667 0.611158331442178 0.712304443376535 0.797719433333333
TCGA-XF-A9SP-01 0.479027733333333 0.421130074963939 0.360898478612355 0.3598237
TCGA-BT-A20P-01 0.809196266666667 0.912794866666667 0.784629333333333 0.749529659185092
TCGA-CF-A47T-01 0.904365166666667 0.7427123 0.791524033048286 0.750300892983276
TCGA-H4-A2HQ-01 0.700381698521626 0.731900215891055 0.813512425679889 0.688850582313528
TCGA-XF-AAML-01 0.547431071612076 0.551022609117787 0.7805303 0.407862533333333
TCGA-UY-A9PA-01 0.169139549488172 0.354547858137062 0.661831140247784 0.193474610255781
TCGA-XF-AAMW-01 0.603825370863172 0.550752868086557 0.520261796812464 0.517628100469075
TCGA-XF-A9T0-01 0.7838876 0.707582075215211 0.505143924361286 0.773722962905101
TCGA-DK-AA6M-01 0.644865732408628 0.522872960458591 0.387311157647324 0.521873642756681
TCGA-XF-AAN7-01 0.773053049320055 0.683791951613801 0.571276233333333 0.661831140247784
TCGA-FD-A5BZ-01 0.397630672447701 0.370222533333333 0.440644166666667 0.505143924361286
TCGA-UY-A9PH-01 0.432185659481069 0.426754074765499 0.31577436705864 0.472916724054597
TCGA-ZF-AA5H-01 0.615407996119481 0.517628100469075 0.453229066666667 0.470217094410857
TCGA-FD-A6TK-01 0.245828633333333 0.299837857412387 0.2979827 0.328632666666667
TCGA-DK-A1A5-01 0.603825370863172 0.583836733333333 0.479785766666667 0.55370304850304
TCGA-FD-A5BU-01 0.285869299742337 0.187328466666667 0.360561766666667 0.360271733333333
TCGA-KQ-A41Q-01 0.501859266666667 0.550352461497753 0.791796021590959 0.434097503822629
TCGA-XF-A8HH-01 0.5342703 0.505143924361286 0.501859266666667 0.443979783295083
TCGA-GU-A766-01 0.304810623555603 0.3218763 0.285869299742337 0.421305310607435
TCGA-XF-A9SI-01 0.169139549488172 0.201224512553522 0.2302146 0.216496651912705
TCGA-FJ-A3ZF-01 0.809196266666667 0.6881563 0.70408659572761 0.703195456447525
TCGA-CF-A7I0-01 0.8617073 0.712779510094626 0.621303277907083 0.5843488
TCGA-YF-AA3M-01 0.582245528864635 0.645677302176937 0.749890670508658 0.628697399027229
TCGA-FD-A5BV-01 0.76016552556142 0.8056273 0.74843306015862 0.55973552646216
TCGA-C4-A0F7-01 0.685441722649435 0.634503866666667 0.741777322077345 0.648005750664011
TCGA-E7-A8O7-01 0.304810623555603 0.563338679528082 0.646723383575673 0.692959233333333
TCGA-FD-A3B7-01 0.368590023684818 0.2765593 0.236429837936588 0.293952433333333
TCGA-BT-A20V-01 0.568490305808398 0.624997366666667 0.685441722649435 0.8624836
TCGA-DK-A6B0-01 0.6881563 0.946020236645092 0.797269066666667 0.797102136408174
TCGA-C4-A0F6-01 0.568490305808398 0.508465566666667 0.603825370863172 0.550752868086557
TCGA-CU-A72E-01 0.603825370863172 0.606430022933982 0.539725709905456 0.630574490957469
TCGA-XF-A9ST-01 0.8371836 0.804710523513947 0.884934566666667 0.801994376122554
TCGA-FT-A61P-01 0.3113529 0.251852533333333 0.3395393 0.316386633173537
TCGA-FD-A6TB-01 0.3395393 0.304810623555603 0.290418407496531 0.2765593
TCGA-CF-A9FL-01 0.628697399027229 0.661831140247784 0.610447022335737 0.723414633333333
TCGA-CF-A8HX-01 0.856212631279174 0.821030504332851 0.801008401191958 0.850162394567866
TCGA-4Z-AA89-01 0.412358833333333 0.610165689411297 0.8448252 0.657213109709292
TCGA-ZF-AA4W-01 0.397630672447701 0.473952460579565 0.710415477413165 0.31577436705864
TCGA-BL-A5ZZ-01 0.285869299742337 0.198008133333333 0.316386633173537 0.448064708258181
TCGA-G2-AA3D-01 0.368590023684818 0.460441303870388 0.875549821110182 0.226778166666667
TCGA-KQ-A41S-01 0.4531138 0.449463093744254 0.484613866666667 0.360561766666667
TCGA-5N-A9KI-01 0.582245528864635 0.539086789973894 0.475516366666667 0.539725709905456
TCGA-ZF-A9RL-01 0.740388391678361 0.749890670508658 0.729051281104366 0.79084751126282
TCGA-K4-AAQO-01 0.359183897248188 0.423233163483644 0.4327998 0.388436285021669
TCGA-DK-AA6L-01 0.677416266666667 0.632306029366821 0.571153331166049 0.615407996119481
TCGA-GV-A3QH-01 0.644865732408628 0.598154514561414 0.55370304850304 0.588842337110504
TCGA-UY-A9PD-01 0.547431071612076 0.575753730720387 0.605563584209126 0.562098500028862
TCGA-GV-A3QK-01 0.5126711 0.6881563 0.607231403848921 0.963099733333333
TCGA-E7-A7PW-01 0.788403033333333 0.774257992103798 0.809857 0.741777322077345
TCGA-GC-A3YS-01 0.603825370863172 0.407862533333333 0.414210866666667 0.483499201122903
TCGA-GV-A40G-01 0.740388391678361 0.714822868064139 0.896842133333333 0.484613866666667
TCGA-BT-A3PJ-01 0.4948736 0.483499201122903 0.50280040431924 0.508745025663618
TCGA-DK-A2I4-01 0.297876933333333 0.222933133333333 0.189939433333333 0.3062219
TCGA-G2-A2EJ-01 0.4677019 0.634503866666667 0.667740112427161 0.582245528864635
TCGA-CU-A5W6-01 0.4677019 0.370222533333333 0.659581 0.513146133333333
TCGA-ZF-AA4U-01 0.813512425679889 0.801008401191958 0.900471 0.8056273
TCGA-ZF-A9RG-01 0.245828633333333 0.312935657163794 0.320978629568398 0.330560533333333
TCGA-GU-A763-01 0.677416266666667 0.922678533333333 0.801332933333333 0.841023066666667
TCGA-XF-A9SL-01 0.198008133333333 0.216496651912705 0.252978966666667 0.174279576633555
TCGA-G2-AA3B-01 0.777696478927942 0.789089197880271 0.741158233611221 0.877893166666667
TCGA-CF-A8HY-01 0.883629133333333 0.815306870436869 0.773053049320055 0.813512425679889
TCGA-FD-A6TA-01 0.440644166666667 0.472530237219861 0.368590023684818 0.5397324
TCGA-XF-A9T8-01 0.412358833333333 0.388436285021669 0.304810623555603 0.387311157647324
TCGA-2F-A9KQ-01 0.829465433333333 0.791796021590959 0.79084751126282 0.749890670508658
TCGA-FD-A62S-01 0.3851429 0.370222533333333 0.2872776913688 0.360898478612355
TCGA-2F-A9KR-01 0.7231296 0.735501692254046 0.767762233333333 0.729051281104366
TCGA-R3-A69X-01 0.359183897248188 0.3218763 0.362804392830357 0.304810623555603
TCGA-G2-A2EO-01 0.479027733333333 0.3218763 0.350219433333333 0.415379693176251
TCGA-XF-A8HB-01 0.8371836 0.813701020379671 0.8624836 0.822055655721127
TCGA-DK-A1AE-01 0.644865732408628 0.900471 0.750300892983276 0.672170182635604
TCGA-FD-A6TE-01 0.797102136408174 0.779234712999407 0.801994376122554 0.744477178433248
TCGA-XF-AAN0-01 0.5126711 0.526854313681879 0.508465566666667 0.526854313681879
TCGA-DK-A3X2-01 0.963099733333333 0.780480866666667 0.913430333333333 0.86591282903682
TCGA-G2-A3IB-01 0.8494433 0.900471 0.763452778586317 0.714822868064139
TCGA-FD-A62O-01 0.821030504332851 0.780480866666667 0.712779510094626 0.742750564294972
TCGA-FD-A43S-01 0.169139549488172 0.257554466666667 0.251852533333333 0.189939433333333
TCGA-FT-A3EE-01 0.621303277907083 0.568490305808398 0.702074700790046 0.610165689411297
TCGA-DK-A3IM-01 0.797102136408174 0.568490305808398 0.8848872 0.688350834990514
TCGA-CF-A5UA-01 0.86591282903682 0.877893166666667 0.779854515533304 0.739024049221689
TCGA-K4-A6MB-01 0.809196266666667 0.8056273 0.636812833333333 0.731900215891055
TCGA-FD-A5C0-01 0.547431071612076 0.539725709905456 0.592356652414671 0.801332933333333
TCGA-FD-A6TF-01 0.412358833333333 0.242149166666667 0.4677019 0.352420519274287
TCGA-BT-A2LB-01 0.5126711 0.4531138 0.435026987937562 0.497865566666667
TCGA-BT-A20N-01 0.603825370863172 0.4677019 0.780480866666667 0.896842133333333
TCGA-FD-A5BR-01 0.397630672447701 0.568490305808398 0.4683305 0.4531138
TCGA-GU-AATO-01 0.4948736 0.469538086023518 0.443677600922227 0.415776701532501
TCGA-DK-A1AC-01 0.603825370863172 0.670854466666667 0.457768033333333 0.571153331166049
TCGA-ZF-AA5N-01 0.412358833333333 0.607637965746152 0.76016552556142 0.668470224836992
TCGA-KQ-A41P-01 0.74843306015862 0.648005750664011 0.517028703812103 0.631973232796326
TCGA-4Z-AA7M-01 0.603825370863172 0.611347452309754 0.696389065736044 0.547791877177226
TCGA-G2-AA3C-01 0.582245528864635 0.469840255705164 0.324308633333333 0.468086611030895
TCGA-BT-A20J-01 0.440644166666667 0.3598237 0.389633929257962 0.386221570046433
TCGA-C4-A0EZ-01 0.8371836 0.963099733333333 0.873762766666667 0.585027433333333
TCGA-ZF-AA51-01 0.440644166666667 0.446433911319529 0.412358833333333 0.427996536642552
TCGA-E7-A7XN-01 0.198008133333333 0.34417521562205 0.447434162896999 0.335886766666667
TCGA-FD-A6TC-01 0.582245528864635 0.657213109709292 0.513146133333333 0.8848872
TCGA-DK-A1AG-01 0.700381698521626 0.792923524114836 0.754659433333333 0.754659433333333
TCGA-GV-A3QF-01 0.628697399027229 0.422657 0.822055655721127 0.531150712565252
TCGA-XF-A8HG-01 0.657213109709292 0.74843306015862 0.821030504332851 0.870152066666667
TCGA-HQ-A5ND-01 0.677416266666667 0.568490305808398 0.7838876 0.524175289328823
TCGA-CF-A47Y-01 0.350219433333333 0.877893166666667 0.804710523513947 0.648695869142767
TCGA-FJ-A3Z7-01 0.615407996119481 0.399247033333333 0.4948736 0.718406333333333
TCGA-FD-A43N-01 0.644865732408628 0.621952530888553 0.531150712565252 0.636005633333333
TCGA-FD-A6TD-01 0.397630672447701 0.415379693176251 0.354547858137062 0.400500666666667
TCGA-GU-A42Q-01 0.440644166666667 0.2930289 0.792923524114836 0.481245485385562
TCGA-XF-A9SK-01 0.440644166666667 0.427996536642552 0.334389492298791 0.440653033333333
TCGA-XF-AAMX-01 0.72030988757843 0.727252613835066 0.644865732408628 0.773053049320055
TCGA-XF-AAMH-01 0.74843306015862 0.750300892983276 0.740388391678361 0.767762233333333
TCGA-XF-AAMG-01 0.797102136408174 0.729051281104366 0.606522365618288 0.68899064056113
TCGA-XF-AAN2-01 0.597146405730762 0.603825370863172 0.547791877177226 0.626436973749649
TCGA-BT-A42E-01 0.5126711 0.440644166666667 0.427996536642552 0.570124
TCGA-E7-A7DV-01 0.4677019 0.414519452061294 0.2782501 0.454879833333333
TCGA-ZF-A9R3-01 0.74843306015862 0.696389065736044 0.672170182635604 0.65284591711338
TCGA-E7-A7DU-01 0.777696478927942 0.648695869142767 0.777696478927942 0.8620891
TCGA-BT-A42F-01 0.207365302247761 0.2872776913688 0.341742471284996 0.268221164156123
TCGA-4Z-AA7R-01 0.856212631279174 0.801994376122554 0.773481252823824 0.784756845350842
TCGA-GC-A3OO-01 0.3851429 0.257554466666667 0.524175289328823 0.251852533333333
TCGA-K4-A5RH-01 0.397630672447701 0.2930289 0.226778166666667 0.320978629568398
TCGA-XF-A9SW-01 0.4531138 0.352549967751841 0.272222347842413 0.34417521562205
TCGA-BT-A20U-01 0.2765593 0.4531138 0.569888866666667 0.432254333333333
TCGA-PQ-A6FN-01 0.226778166666667 0.370222533333333 0.5342703 0.368590023684818
TCGA-DK-A3IN-01 0.558292853741921 0.3598237 0.415776701532501 0.414519452061294
TCGA-SY-A9G0-01 0.216496651912705 0.292054045485377 0.3598237 0.253413133333333
TCGA-DK-A1AB-01 0.479027733333333 0.583836733333333 0.345890133333333 0.469538086023518
TCGA-G2-A2EF-01 0.628697399027229 0.583836733333333 0.443979783295083 0.551022609117787
TCGA-E7-A6MD-01 0.5126711 0.562098500028862 0.4531138 0.6881563
TCGA-E7-A541-01 0.421130074963939 0.417588353412323 0.497865566666667 0.248076663379318
TCGA-GC-A3RB-01 0.644865732408628 0.8448252 0.744477178433248 0.479785766666667
TCGA-FD-A3SR-01 0.479027733333333 0.4948736 0.422979266666667 0.403098166666667
TCGA-DK-A2I6-01 0.700381698521626 0.4677019 0.689873897445794 0.539086789973894
TCGA-MV-A51V-01 0.707152174679422 0.701226425350374 0.797102136408174 0.647847550302143
TCGA-E7-A5KE-01 0.883629133333333 0.8056273 0.904365166666667 0.830481244261743
TCGA-GV-A6ZA-01 0.628697399027229 0.701794600718744 0.68002780204865 0.801008401191958
TCGA-GC-A6I1-01 0.3113529 0.3062219 0.3071237 0.421130074963939
TCGA-UY-A78M-01 0.582245528864635 0.631973232796326 0.632306029366821 0.659042033333333
TCGA-BT-A0YX-01 0.2765593 0.483499201122903 0.508745025663618 0.426754074765499
TCGA-FD-A3SM-01 0.677416266666667 0.440644166666667 0.5397324 0.603825370863172
TCGA-FD-A3SN-01 0.667740112427161 0.670854466666667 0.550752868086557 0.621952530888553
TCGA-H4-A2HO-01 0.350219433333333 0.505903423779473 0.598327330971845 0.522872960458591
TCGA-ZF-AA54-01 0.4531138 0.424460178175777 0.268221164156123 0.5126711
TCGA-DK-A1A6-06 0.501859266666667 0.507296928109771 0.469840255705164 0.507575356673062
TCGA-K4-A4AC-01 0.432185659481069 0.2765593 0.495454466666667 0.364343629911982
TCGA-PQ-A6FI-01 0.74843306015862 0.762026166666667 0.648005750664011 0.689873897445794
TCGA-DK-AA6S-01 0.4948736 0.472916724054597 0.330560533333333 0.5342703
TCGA-FD-A5BX-01 0.7231296 0.553010167441938 0.277650666666667 0.508465566666667
TCGA-K4-A3WV-01 0.740388391678361 0.624997366666667 0.8617073 0.8371836
TCGA-DK-A3IU-01 0.297876933333333 0.2930289 0.207365302247761 0.237802766666667
TCGA-CU-A3YL-01 0.5126711 0.6881563 0.68899064056113 0.610447022335737
TCGA-FJ-A871-01 0.432185659481069 0.615407996119481 0.718406333333333 0.681237053726472
TCGA-E7-A97Q-01 0.657213109709292 0.607231403848921 0.543407799879192 0.577558821782369
TCGA-DK-A1A3-01 0.440644166666667 0.4531138 0.468086611030895 0.472530237219861
TCGA-LC-A66R-01 0.4677019 0.3598237 0.432254333333333 0.292054045485377
TCGA-4Z-AA82-01 0.568490305808398 0.562522075552185 0.538446199319449 0.553010167441938
TCGA-ZF-AA5P-01 0.245828633333333 0.290418407496531 0.380341066666667 0.201224512553522
TCGA-FD-A3SP-01 0.3395393 0.3062219 0.222933133333333 0.322546133333333
TCGA-GC-A3RC-01 0.644865732408628 0.520261796812464 0.446433911319529 0.536306825278808
TCGA-XF-AAMJ-01 0.3395393 0.341742471284996 0.3598557 0.285869299742337
TCGA-ZF-AA52-01 0.421130074963939 0.364343629911982 0.352420519274287 0.298051133333333
TCGA-4Z-AA7S-01 0.86591282903682 0.822055655721127 0.810137333333333 0.817059513566132
TCGA-CU-A0YO-01 0.169139549488172 0.3062219 0.5126711 0.290418407496531
TCGA-XF-AAMT-01 0.479027733333333 0.443677600922227 0.359183897248188 0.443677600922227
TCGA-4Z-AA86-01 0.421130074963939 0.352420519274287 0.293952433333333 0.340694633333333
TCGA-ZF-AA56-01 0.3113529 0.421809595212697 0.469538086023518 0.380341066666667
TCGA-FD-A43X-01 0.86591282903682 0.762026166666667 0.8620891 0.922678533333333
TCGA-CF-A5U8-01 0.716554366666667 0.714822868064139 0.829465433333333 0.8617073
TCGA-2F-A9KW-01 0.677416266666667 0.606522365618288 0.521480333333333 0.583836733333333
TCGA-CF-A47W-01 0.3113529 0.633467794670788 0.797719433333333 0.8494433
TCGA-DK-A3IK-01 0.558292853741921 0.483499201122903 0.626436973749649 0.789089197880271
TCGA-YC-A8S6-01 0.198008133333333 0.285869299742337 0.34417521562205 0.252978966666667
TCGA-GC-A3BM-01 0.821030504332851 0.7427123 0.742750564294972 0.732938800853257
TCGA-2F-A9KO-01 0.397630672447701 0.421305310607435 0.423233163483644 0.370222533333333
TCGA-FD-A62P-01 0.285869299742337 0.1787585 0.421305310607435 0.2930289
TCGA-4Z-AA83-01 0.667740112427161 0.65213438957348 0.610165689411297 0.670257062416182
TCGA-DK-AA6Q-01 0.628697399027229 0.604005004836722 0.607637965746152 0.548546253900916
TCGA-C4-A0F1-01 0.440644166666667 0.624997366666667 0.577558821782369 0.550352461497753
TCGA-UY-A78N-01 0.813512425679889 0.79084751126282 0.815306870436869 0.7529119454595
TCGA-XF-A9SY-01 0.2765593 0.272222347842413 0.261684166666667 0.261684166666667
TCGA-XF-A9SG-01 0.5126711 0.50280040431924 0.4678581 0.483694133333333
TCGA-4Z-AA80-01 0.5342703 0.562975985835698 0.856212631279174 0.414210866666667
TCGA-GV-A3QI-01 0.883629133333333 0.900471 0.946020236645092 0.929623685958464
TCGA-ZF-A9RD-01 0.5126711 0.481245485385562 0.454879833333333 0.440644166666667
TCGA-FD-A3B4-01 0.628697399027229 0.648695869142767 0.400500666666667 0.495979466666667
TCGA-XF-A9T6-01 0.788403033333333 0.741777322077345 0.668470224836992 0.712779510094626
TCGA-4Z-AA7W-01 0.359183897248188 0.443979783295083 0.297876933333333 0.623693364001467
TCGA-CF-A3MG-01 0.6881563 0.792923524114836 0.636005633333333 0.562975985835698
TCGA-5N-A9KM-01 0.6881563 0.605563584209126 0.472916724054597 0.607637965746152
TCGA-ZF-AA53-01 0.440644166666667 0.362804392830357 0.299837857412387 0.324308633333333
TCGA-ZF-A9RC-01 0.421130074963939 0.470217094410857 0.590205211202734 0.359183897248188
TCGA-GV-A40E-01 0.628697399027229 0.432254333333333 0.5843488 0.605563584209126
TCGA-ZF-A9R1-01 0.4677019 0.590205211202734 0.72030988757843 0.571276233333333
TCGA-CF-A9FF-01 0.6881563 0.637930407770075 0.588842337110504 0.611347452309754
TCGA-E5-A4TZ-01 0.727252613835066 0.740388391678361 0.830481244261743 0.702074700790046
TCGA-XF-A9T2-01 0.547431071612076 0.642259201838893 0.585027433333333 0.777696478927942
