abscnseq ascat estimate purbayes
TCGA-69-7978-01 0.27 0.21 0.474298989595 0.2267296
TCGA-86-8668-01 0.41 0.38 0.627484692104 0.5923749
TCGA-64-5815-01 0.41 0.37 0.503841370652 0.3306526
TCGA-MN-A4N4-01 0.77 0.39 0.701256068539 0.3496584
TCGA-J2-A4AE-01 0.29 0.48 0.746778026594 0.3048439
TCGA-62-A46R-01 0.29 0.36 0.686873030985 0.3162692
TCGA-97-7938-01 0.36 0.6 0.768456851871 0.5538516
TCGA-55-8512-01 0.5 0.22 0.827941468123 0.3317133
TCGA-05-5428-01 0.95 0.55 0.708218410151 0.5543896
TCGA-64-1680-01 0.32 0.58 0.838402736982 0.9157075
TCGA-49-4512-01 0.62 0.3 0.641054834062 0.2709425
TCGA-78-7154-01 0.59 0.44 0.849240613353 0.9317537
TCGA-55-8208-01 0.2 0.35 0.415638954391 0.1324979
TCGA-95-A4VK-01 0.7 0.36 0.770185039734 0.4913057
TCGA-55-1595-01 0.65 0.53 0.69375936503 0.4180479
TCGA-55-1596-01 0.63 0.57 0.842445299572 0.7120379
TCGA-78-7147-01 0.55 0.55 0.83307330266 0.5224906
TCGA-75-7025-01 0.32 0.32 0.64914602009 0.5147961
TCGA-78-8660-01 0.3 0.31 0.648918144016 0.2777603
TCGA-78-7153-01 0.65 0.51 0.844604972588 0.5946782
TCGA-05-4395-01 0.6 0.6 0.77414261251 0.648747036873908
TCGA-44-6778-01 0.49 0.27 0.468466078146 0.3708322
TCGA-L9-A5IP-01 0.6 0.533360486981246 0.817377917 0.638823806419739
TCGA-55-7283-01 0.37 0.42 0.750147080749 0.2906791
TCGA-86-7711-01 0.37 0.35 0.633756831558 0.3390756
TCGA-S2-AA1A-01 0.38 0.334587216935663 0.532515738658 0.3157837
TCGA-86-8279-01 0.59 0.44 0.771865562298 0.572805703889346
TCGA-91-6849-01 0.57 0.6 0.684307572797 0.583586
TCGA-55-6986-01 0.28 0.39 0.756750536812 0.2667918
TCGA-44-2668-01 0.301776028966294 0.305416314173114 0.515871793408 0.288383476019301
TCGA-50-5066-01 0.35 0.24 0.485957516671 0.2763934
TCGA-55-8090-01 0.44 0.32 0.736915399408 0.5198473
TCGA-62-A46U-01 0.28 0.26 0.54915040097 0.2822705
TCGA-38-6178-01 0.46 0.37 0.743779118835 0.8500001
TCGA-50-5935-01 0.46 0.6 0.701597499468 0.4457868
TCGA-44-8119-01 0.54 0.46 0.64136623176 0.503485704434084
TCGA-38-7271-01 0.2 0.4 0.378756779442 0.1079622
TCGA-55-7816-01 0.250788852553221 0.261404693493561 0.452243957812 0.220720211359389
TCGA-97-7941-01 0.22 0.39 0.738953049849 0.2333573
TCGA-97-A4M6-01 0.35 0.44 0.596681251724 0.332632
TCGA-97-A4M5-01 0.31 0.27 0.646605038988 0.21964
TCGA-75-6214-01 0.561594472000896 0.43 0.889595518282 0.7094692
TCGA-78-7536-01 0.73 0.68 0.78462552722 0.737746891644526
TCGA-J2-8194-01 0.39 0.35 0.726172927579 0.6593606
TCGA-49-AAR3-01 0.33 0.300606256427368 0.537616758941 0.1908138
TCGA-78-7163-01 0.57 0.5 0.934208597089 0.4219074
TCGA-62-8399-01 0.37 0.41 0.795281870372 0.487828888083396
TCGA-86-8674-01 0.37 0.37 0.912318143557 0.521244
TCGA-NJ-A7XG-01 0.46 0.481015546609767 0.929926589731 0.3615722
TCGA-49-4487-01 0.31 0.2 0.562418663064 0.2077909
TCGA-69-7980-01 0.5 0.53 0.680095742573 0.927573
TCGA-75-5146-01 0.52 0.54 0.703536647744 0.5312585
TCGA-44-5644-01 0.74 0.71 0.919244011661 0.816217414102387
TCGA-44-2657-01 0.31 0.21 0.486848853182 0.2409313
TCGA-53-7813-01 0.36 0.37 0.833760865057 0.3477457
TCGA-55-8616-01 0.78 0.32 0.798881143803 0.483612
TCGA-67-6216-01 0.2 0.43 0.703793877127 0.5244283
TCGA-49-AARR-01 0.26 0.339168183145429 0.63103596672 0.340273445254208
TCGA-NJ-A4YG-01 0.34 0.3 0.684005283438 0.2479852
TCGA-67-4679-01 0.51 0.69 0.65188665485 0.6621346
TCGA-MP-A4TH-01 0.46 0.24 0.616771913284 0.3479065
TCGA-55-6712-01 0.31 0.31 0.593112874777 0.2225845
TCGA-44-3917-01 0.4 0.432157390097192 0.762376412279 0.4458382
TCGA-55-8620-01 0.49 0.51 0.837244560484 0.596337322408703
TCGA-NJ-A55O-01 0.28 0.351208665573536 0.73994561054 0.2045842
TCGA-55-8092-01 0.35 0.36 0.638448042849 0.6388688
TCGA-44-2666-01 0.36 0.56 0.83962258988 0.5112673
TCGA-53-A4EZ-01 0.42 0.39 0.879796596356 0.5402893
TCGA-69-7764-01 0.57 0.55 0.797201706937 0.8983634
TCGA-75-6212-01 0.23 0.25 0.648872783322 0.2346766
TCGA-86-7713-01 0.68 0.58 0.916058777717 0.7421224
TCGA-83-5908-01 0.29 0.22 0.595173118556 0.3417814
TCGA-55-8205-01 0.28 0.21 0.513635595202 0.3277334
TCGA-MP-A4TK-01 0.37 0.34 0.520938638066 0.3270846
TCGA-97-8176-01 0.33 0.48 0.786120785559 0.4506523
TCGA-55-7913-01 0.38 0.35 0.916761149254 0.7028709
TCGA-55-8619-01 0.27 0.273552264964013 0.528380146721 0.1390572
TCGA-55-7576-01 0.47 0.47 0.707451486883 0.373869
TCGA-91-8499-01 0.73 0.67 0.777440430491 0.730022877521014
TCGA-44-A47A-01 0.32 0.55 0.687973140075 0.3608243
TCGA-55-6975-01 0.45 0.45 0.692435067424 0.3383822
TCGA-44-2655-01 0.27 0.29 0.740960741941 0.2485441
TCGA-55-A494-01 0.71 0.67 0.955174099486 0.803586865070473
TCGA-49-4505-01 0.42 0.46 0.601265596009 0.7129259
TCGA-86-6562-01 0.47 0.44 0.679628294183 0.6850098
TCGA-86-7714-01 0.26 0.67 0.727178344284 0.606762
TCGA-97-7552-01 0.22 0.274029045325067 0.531557399399 0.2021131
TCGA-91-8497-01 0.38 0.3 0.594200388429 0.3846785
TCGA-64-5775-01 0.68 0.71 0.778545272673 0.729609821908057
TCGA-91-6831-01 0.51 0.45 0.674222118638 0.502796103375198
TCGA-67-6215-01 0.61 0.53 0.809171356346 0.608762
TCGA-78-7161-01 0.7 0.7 0.868830069201 0.773815163535077
TCGA-93-8067-01 0.563881280334939 0.531662945441717 0.842957759256 0.636214013808449
TCGA-86-8280-01 0.29 0.45 0.579173642166 0.213269
TCGA-05-4432-01 0.41 0.43 0.730280215085 0.6467846
TCGA-86-6851-01 0.36 0.43 0.547869695545 0.3626814
TCGA-95-7043-01 0.75 0.69 0.89439776205 0.799733734816312
TCGA-91-6836-01 0.64 0.56 0.875833182868 0.692293544112156
TCGA-49-AAR4-01 0.2 0.292983701663771 0.620396524746 0.1880772
TCGA-91-6840-01 0.62 0.57 0.771344375488 0.5069636
TCGA-67-3774-01 0.47 0.45 0.684055787561 0.4125338
TCGA-50-5933-01 0.32 0.32 0.513552641923 0.2888663
TCGA-55-1592-01 0.72 0.47 0.742653740834 0.9208164
TCGA-MP-A4TI-01 0.27 0.23 0.403550941108 0.2078553
TCGA-86-8585-01 0.43 0.3 0.648428079462 0.4213129
TCGA-05-5425-01 0.35 0.55 0.59743765427 0.3619449
TCGA-44-3396-01 0.27 0.3 0.491459347758 0.2121682
TCGA-50-6673-01 0.48 0.33 0.732188469313 0.5489166
TCGA-55-7574-01 0.24 0.26 0.486682192478 0.1938507
TCGA-55-8505-01 0.28 0.34 0.81083847384 0.2940145
TCGA-35-5375-01 0.62 0.41 0.702547461604 0.539078080827808
TCGA-55-A492-01 0.46 0.63 0.82773462175 0.4399954
TCGA-44-6774-01 0.33 0.43 0.496556344848 0.3491695
TCGA-44-2661-01 0.35 0.31 0.433365547908 0.5035872
TCGA-55-7727-01 0.33 0.31 0.734929056011 0.3975075
TCGA-49-6743-01 0.28 0.25 0.712386956491 0.2941152
TCGA-55-7914-01 0.4 0.56 0.743727781119 0.5049578
TCGA-97-A4M1-01 0.4 0.23 0.694709261151 0.2245837
TCGA-50-6592-01 0.43 0.24 0.631322099592 0.3361079
TCGA-97-8174-01 0.29 0.47 0.628810082637 0.3457269
TCGA-95-7948-01 0.82 0.58 0.828747019523 0.4265481
TCGA-91-8496-01 0.44 0.3 0.630314262773 0.4873399
TCGA-55-7910-01 0.59 0.59 0.838021968556 0.4686676
TCGA-38-4630-01 0.72 0.74 0.858055351243 0.6855742
TCGA-86-8281-01 0.65 0.49 0.812351858737 0.5010362
TCGA-91-7771-01 0.46 0.34 0.566125302554 0.2491692
TCGA-MP-A5C7-01 0.71 0.81 0.919488336336 0.8027945
TCGA-L4-A4E5-01 0.88 0.64 0.849305550565 0.805572473178765
TCGA-50-5931-01 0.76 0.72 0.897413155837 0.8314248
TCGA-55-A4DG-01 0.52 0.38 0.758422059151 0.513799710063147
TCGA-64-1677-01 0.32 0.33 0.776527103906 0.4639425
TCGA-49-4506-01 0.34 0.22 0.696359207324 0.3244752
TCGA-44-7667-01 0.48 0.552717474253102 0.85792691381 0.8352873
TCGA-05-4389-01 0.43 0.42 0.692481932191 0.7087634
TCGA-05-4420-01 0.52 0.54 0.833515686614 0.619204089254296
TCGA-75-6203-01 0.38 0.24 0.500279932157 0.1653046
TCGA-MP-A4SW-01 0.41 0.41 0.681835397275 0.3152387
TCGA-62-8395-01 0.4 0.58 0.75928066434 0.5405737
TCGA-38-4629-01 0.62 0.48 0.521077324539 0.6911641
TCGA-NJ-A55A-01 0.26 0.307743124208035 0.638764139416 0.1592477
TCGA-44-A47G-01 0.21 0.253787304461161 0.49533812153 0.1644759
TCGA-78-7166-01 0.41 0.59 0.85220899418 0.5527567
TCGA-97-A4M3-01 0.49 0.62 0.812830972248 0.6406773
TCGA-55-7725-01 0.4 0.61 0.668992873521 0.5393018
TCGA-05-4244-01 0.4 0.45 0.75868105226 0.5022582
TCGA-55-A493-01 0.2 0.23 0.632955363673 0.2289801
TCGA-78-7148-01 0.45 0.59 0.799939924062 0.6655512
TCGA-44-7662-01 0.4 0.42 0.584868761805 0.4280178
TCGA-NJ-A4YF-01 0.52 0.55 0.861979918671 0.636631429210482
TCGA-97-A4LX-01 0.23 0.25 0.449257030888 0.1900823
TCGA-55-A48X-01 0.21 0.27 0.644083540323 0.2511707
TCGA-50-5051-01 0.65 0.5 0.85975406961 0.7317056
TCGA-44-6144-01 0.36 0.49 0.692653027045128 0.4949564
TCGA-MP-A4TD-01 0.24 0.26 0.647684176814 0.3439301
TCGA-78-7159-01 0.39 0.441487279117732 0.789802832287 0.4651915
TCGA-NJ-A4YP-01 0.45 0.45 0.660888376628 0.3458058
TCGA-62-A46O-01 0.77 0.74 0.970931790957 0.7810288
TCGA-44-3398-01 0.21 0.37 0.491843739643 0.163244
TCGA-MP-A4T9-01 0.23 0.311619657731009 0.669466418445 0.1703242
TCGA-73-4666-01 0.42 0.44 0.631957341858 0.7304644
TCGA-38-4631-01 0.52 0.37 0.823317880435 0.538944730466524
TCGA-44-7661-01 0.23 0.33 0.552278160566 0.2490727
TCGA-91-6828-01 0.58 0.434475638192975 0.596847428043 0.486798691436308
TCGA-55-7281-01 0.43 0.35 0.575755224551 0.4901932
TCGA-78-7539-01 0.45 0.53 0.676105148681 0.4705571
TCGA-55-8085-01 0.67 0.53 0.692203801728 0.60643976162636
TCGA-50-6590-01 0.41 0.24 0.595069621611 0.6332867
TCGA-55-8615-01 0.64 0.55 0.872451034288 0.5524614
TCGA-49-AARO-01 0.34 0.337255835057237 0.571357952397 0.3204806
TCGA-86-8075-01 0.34 0.28 0.611962158619 0.3564469
TCGA-62-A46Y-01 0.37 0.46 0.684332672062 0.3387081
TCGA-44-2662-01 0.45 0.25 0.563755384622 0.6952087
TCGA-J2-8192-01 0.33 0.36 0.490876139663 0.3713718
TCGA-55-8301-01 0.43 0.26 0.514284385784 0.3737676
TCGA-49-4488-01 0.59 0.42 0.74256154127 0.5742473
TCGA-95-7562-01 0.56 0.47 0.744656295815 0.562516665509942
TCGA-49-4514-01 0.33 0.35 0.786549048337 0.3060081
TCGA-55-6543-01 0.25 0.59 0.705254157165 0.5797916
TCGA-50-5049-01 0.28 0.22 0.322296181371 0.2592505
TCGA-50-8459-01 0.39 0.31 0.408427151159 0.2747683
TCGA-78-7146-01 0.62 0.62 0.834986768523 0.9605483
TCGA-99-8033-01 0.46 0.3 0.723462470395 0.3403615
TCGA-44-8117-01 0.6 0.57 0.76499941885 0.9264372
TCGA-50-5946-02 0.81 0.546104177604779 0.675610366593 0.658415898192099
TCGA-86-8076-01 0.31 0.29 0.601903273459 0.2248882
TCGA-95-8494-01 0.42 0.44 0.765413629346 0.323429
TCGA-86-7954-01 0.5 0.31 0.607799645127 0.2628118
TCGA-93-7347-01 0.31 0.36 0.484467031069 0.223538
TCGA-05-5420-01 0.23 0.27 0.472490595793 0.1721653
TCGA-71-8520-01 0.486810694261512 0.47 0.74203161203 0.533936385788167
TCGA-97-7937-01 0.53 0.37 0.828321393109 0.4969408
TCGA-05-5423-01 0.58 0.58 0.614631345831 0.559631504925853
TCGA-73-4677-01 0.52 0.43 0.774113173105 0.7158694
TCGA-55-6983-01 0.21 0.23 0.62663842304 0.2954628
TCGA-35-3615-01 0.53 0.6 0.781119217723 0.6129309
TCGA-75-6211-01 0.37 0.39 0.812820228724 0.4377991
TCGA-55-6980-01 0.27 0.27 0.572739930103 0.1901974
TCGA-44-6145-01 0.2 0.39 0.538062711027 0.2948009
TCGA-44-A4SU-01 0.35 0.5 0.762199182697 0.3874875
TCGA-53-7626-01 0.29 0.27 0.524513764783 0.3549832
TCGA-05-4434-01 0.42 0.29 0.554234116327 0.2264398
TCGA-95-7039-01 0.77 0.59 0.771408355413 0.4601627
TCGA-78-8662-01 0.74 0.67 0.899064900534 0.789225315510928
TCGA-J2-A4AD-01 0.4 0.36 0.860470350268 0.5218384
TCGA-NJ-A4YQ-01 0.23 0.33 0.605095636681 0.2666749
TCGA-97-8552-01 0.25 0.38 0.667315476478 0.3125977
TCGA-86-8671-01 0.22 0.200322390999131 0.339944334633 0.1127783
TCGA-44-7660-01 0.95 0.66 0.830139719571 0.9270149
TCGA-86-8073-01 0.33 0.39 0.7221897374 0.3354876
TCGA-49-AAR2-01 0.49 0.497051827854819 0.788458845628 0.6344297
TCGA-50-5942-01 0.36 0.71 0.75998975699 0.5628889
TCGA-49-AARN-01 0.21 0.33920429143294 0.771215213148 0.181974
TCGA-91-A4BC-01 0.24 0.25 0.479192349716 0.3093514
TCGA-44-3919-01 0.76 0.5 0.591794592099 0.4500295
TCGA-44-7669-01 0.52 0.48 0.749864264943 0.8554213
TCGA-69-8254-01 0.27 0.26 0.756238217598 0.3976834
TCGA-75-5126-01 0.2 0.29 0.530722918786 0.2645608
TCGA-50-6593-01 0.35 0.31 0.628070951818 0.3035088
TCGA-86-8074-01 0.74 0.39 0.662062973523 0.3372422
TCGA-05-4424-01 0.29 0.343025132231563 0.646643608798 0.2966825
TCGA-86-A4D0-01 0.65 0.56 0.887209799455 0.6647051
TCGA-97-A4M0-01 0.52 0.5 0.684902396752 0.6244525
TCGA-MP-A4T4-01 0.26 0.29 0.532167820223 0.2408355
TCGA-MP-A4T7-01 0.34 0.26 0.782162869941 0.406158
TCGA-49-4501-01 0.59 0.42 0.6386500355 0.2019752
TCGA-69-7761-01 0.37 0.24 0.576033876849 0.2086006
TCGA-55-8507-01 0.52 0.5 0.800275086264 0.586255926948916
TCGA-73-4676-01 0.64 0.51 0.770645206255 0.930883
TCGA-05-4418-01 0.28 0.47 0.682426776125 0.9381075
TCGA-62-A46V-01 0.4 0.5 0.700795529981152 0.4756754
TCGA-50-5939-01 0.4 0.38 0.627671428789 0.3015674
TCGA-4B-A93V-01 0.63 0.549212149299374 0.830745740755 0.663194079683257
TCGA-64-1676-01 0.51 0.35 0.579863148039 0.9094101
TCGA-55-8094-01 0.74 0.7 0.96988922131 0.834864128729808
TCGA-91-6848-01 0.36 0.27 0.539686171485 0.460136
TCGA-78-7150-01 0.43 0.44 0.833830753487 0.541198742791315
TCGA-55-8621-01 0.2 0.257149469822103 0.483738439544 0.214178249917765
TCGA-73-7498-01 0.38 0.62 0.713781028931 0.5479534
TCGA-55-6971-01 0.4 0.25 0.519304942791 0.3164691
TCGA-50-6597-01 0.53 0.59 0.718211292701 0.4673043
TCGA-91-6847-01 0.707282593784406 0.71 0.968674807349 0.826516786134992
TCGA-62-A470-01 0.53 0.52 0.836672462552 0.9286025
TCGA-L9-A443-01 0.52 0.51 0.732014569955 0.489748
TCGA-55-7573-01 0.38 0.3 0.664121211422 0.3803835
TCGA-49-4494-01 0.28 0.28 0.739833510874 0.4020387
TCGA-05-4382-01 0.3 0.371974509898431 0.521025691137 0.6397457
TCGA-55-8511-01 0.38 0.36 0.614273124878 0.3233268
TCGA-69-7974-01 0.28 0.29 0.606829791393 0.8499779
TCGA-05-4402-01 0.42 0.4 0.699299564252 0.4807313
TCGA-55-6968-01 0.45 0.59 0.705640725113 0.5687976
TCGA-50-6594-01 0.63 0.58 0.794774703562 0.660484467322262
TCGA-55-7227-01 0.379824979020307 0.41 0.576981326102 0.391959456009809
TCGA-50-5044-01 0.39 0.4 0.687822410684 0.198398
TCGA-49-AAR0-01 0.33 0.3587983926086 0.689423634645 0.260503
TCGA-53-7624-01 0.94 0.61 0.859677441556 0.8194079875458
TCGA-05-4426-01 0.64 0.65 0.780749008486 0.6105465
TCGA-05-4398-01 0.59 0.31 0.628971939906 0.449827188571005
TCGA-93-A4JP-01 0.421043248691206 0.408366585267002 0.664707551387 0.446658752691211
TCGA-73-4662-01 0.47 0.48 0.659978872542 0.7683581
TCGA-86-8056-01 0.35 0.53 0.704371835130183 0.5159001
TCGA-35-4122-01 0.25 0.22 0.496761320923 0.2209603
TCGA-55-8508-01 0.35 0.35 0.735340475236 0.4459109
TCGA-86-A4P8-01 0.3 0.29 0.437931400651 0.209191
TCGA-69-7979-01 0.607146017703663 0.64 0.827690827558 0.693629104836533
TCGA-50-5936-01 0.51 0.42 0.732567089844 0.5286874
TCGA-44-6146-01 0.68 0.64 0.91794721441 0.6283835
TCGA-99-AA5R-01 0.2 0.231578036011937 0.467452500395 0.10295716
TCGA-73-A9RS-01 0.76 0.576240382214178 0.879943738512 0.5591304
TCGA-44-2665-01 0.353000656647868 0.349632900412526 0.579795948811 0.356361853794993
TCGA-44-6777-01 0.44 0.25 0.341759263628 0.2440372
TCGA-78-7160-01 0.28 0.3 0.582606331407 0.2432796
TCGA-L4-A4E6-01 0.26 0.38 0.466233758196 0.11400059
TCGA-50-6591-01 0.79 0.8 0.954067407211 0.890832567938976
TCGA-L9-A444-01 0.37 0.42 0.515538407439 0.665369
TCGA-69-7760-01 0.72 0.56 0.881037992289 0.724598549581797
TCGA-49-4490-01 0.37 0.24 0.749250324739 0.2536791
TCGA-55-8513-01 0.38 0.33 0.587780480095 0.11436543
TCGA-50-5055-01 0.38 0.258619881262873 0.387832228518 0.1393004
TCGA-95-7567-01 0.46 0.51 0.724280611752 0.3478109
TCGA-75-7027-01 0.8 0.52 0.7781831002 0.9465327
TCGA-55-8091-01 0.37 0.5 0.569972484828 0.5579219
TCGA-64-5781-01 0.27 0.25 0.655890103533 0.3785686
TCGA-55-A490-01 0.51 0.5 0.738135684467 0.9622932
TCGA-44-6779-01 0.46 0.4 0.543399575206 0.5936116
TCGA-86-8672-01 0.43 0.33 0.615655049618 0.3190451
TCGA-97-7546-01 0.38 0.55 0.606658353799 0.4687729
TCGA-86-7953-01 0.46 0.53 0.67039277527 0.2690013
TCGA-64-1679-01 0.35 0.23 0.615257635642 0.3522676
TCGA-62-A472-01 0.4 0.38 0.767897070699 0.4774712
TCGA-55-7815-01 0.24 0.27 0.589715001897 0.3001526
TCGA-86-8278-01 0.28 0.54 0.697771639545 0.2190433
TCGA-55-6987-01 0.23 0.21 0.476296521476 0.1907075
TCGA-75-7031-01 0.65 0.45 0.758494369757 0.4760718
TCGA-97-8175-01 0.36 0.45 0.723841514348 0.3697612
TCGA-67-3770-01 0.49 0.48 0.691109287151 0.516356572820443
TCGA-MN-A4N5-01 0.45 0.39 0.767858228583 0.4153359
TCGA-86-8358-01 0.74 0.56 0.864142624903 0.724377130836456
TCGA-86-8055-01 0.71 0.24 0.59648764094 0.5488959
TCGA-05-4384-01 0.29 0.47 0.733959049071 0.4491016
TCGA-95-7944-01 0.42 0.4 0.612140078261 0.3819859
TCGA-50-5066-02 0.5 0.38 0.766635518111 0.510062162195964
TCGA-62-8398-01 0.41 0.43 0.755597846628 0.493593892643629
TCGA-78-7162-01 0.26 0.29 0.663348326976 0.2109026
TCGA-44-5645-01 0.59 0.51 0.613770601992 0.540732
TCGA-73-4670-01 0.77 0.59 0.785090215661 0.9682617
TCGA-78-7537-01 0.42 0.52 0.772613551173 0.6834059
TCGA-05-4249-01 0.4 0.45 0.708238100250779 0.5982048
TCGA-55-7995-01 0.47 0.49 0.614994073533 0.9405797
TCGA-44-A47B-01 0.48 0.56 0.749259158601 0.5246472
TCGA-55-A4DF-01 0.45 0.37 0.721998566658 0.8623878
TCGA-49-6744-01 0.2 0.36 0.492150456238 0.1964988
TCGA-55-7570-01 0.53 0.58 0.904969812506 0.673319141580718
TCGA-44-2656-01 0.34 0.26 0.501261953943 0.275816953832169
TCGA-69-7763-01 0.52 0.37 0.682822850119 0.3123002
TCGA-62-8394-01 0.56 0.43 0.804108404677 0.2470822
TCGA-49-4486-01 0.65 0.71 0.912243752673 0.7027477
TCGA-91-6835-01 0.22 0.22 0.456263310045 0.1710236
TCGA-69-7765-01 0.27 0.41 0.580545199908 0.3087833
TCGA-95-7947-01 0.86 0.65 0.810028993759 0.78462698504412
TCGA-86-A4JF-01 0.26 0.39 0.72642727063 0.321374
TCGA-MN-A4N1-01 0.598091734206483 0.5 0.869954889081 0.8020776
TCGA-93-A4JN-01 0.23 0.31 0.718843261892 0.3152009
TCGA-75-6205-01 0.36 0.2 0.390254982715 0.1622765
TCGA-75-6206-01 0.89 0.57 0.733275127176 0.542943
TCGA-49-AAR9-01 0.621760969448609 0.581624114141934 0.900233230336 0.7368977
TCGA-55-8204-01 0.32 0.23 0.729657776621 0.3023575
TCGA-MP-A4TJ-01 0.22 0.33 0.449288316238 0.2313473
TCGA-44-A4SS-01 0.33 0.3 0.588781945707 0.2551535
TCGA-49-6767-01 0.51 0.32 0.733916254693 0.4449984
TCGA-91-6829-01 0.43 0.36 0.677813243026 0.8584728
TCGA-62-A46S-01 0.56 0.48 0.773615589712 0.5269068
TCGA-97-8177-01 0.42 0.39 0.546360879188 0.4796531
TCGA-78-8648-01 0.2 0.3 0.312604958406 0.10390714
TCGA-62-A46P-01 0.53 0.64 0.833510779082 0.6540002
TCGA-97-7547-01 0.55 0.57 0.742913677219 0.5172894
TCGA-05-4425-01 0.44 0.61 0.606426654726 0.4996334
TCGA-97-7553-01 0.24 0.28 0.470872121133 0.2880553
TCGA-86-8054-01 0.74 0.66 0.890929989899 0.781068184455348
TCGA-80-5608-01 0.54 0.41 0.826366419318 0.5656081564539
TCGA-64-1678-01 0.65 0.55 0.896549410691 0.701034036913963
TCGA-55-6979-01 0.25 0.34 0.457758544584 0.2317362
TCGA-50-8457-01 0.3 0.41 0.567873903738 0.2887299
TCGA-55-6985-01 0.26 0.24 0.616508744583 0.3148887
TCGA-86-8359-01 0.39 0.37 0.70953893808 0.7835618
TCGA-67-3771-01 0.56 0.44 0.674353984363 0.517115889527087
TCGA-55-1594-01 0.56 0.51 0.805395673433 0.9299027
TCGA-91-A4BD-01 0.32 0.56 0.718930222441 0.4665118
TCGA-55-7911-01 0.24 0.24 0.663156300602 0.3035227
TCGA-L9-A8F4-01 0.42 0.390051063689539 0.646479068117 0.3788594
TCGA-55-7907-01 0.41 0.42 0.667160727312 0.4621894
TCGA-67-6217-01 0.44 0.52 0.672994439943 0.7058934
TCGA-99-7458-01 0.3 0.34 0.566032875572 0.316599
TCGA-50-8460-01 0.22 0.26 0.639025883058 0.3218265
TCGA-44-7670-01 0.553268248932758 0.47 0.900554863602 0.5907281
TCGA-73-4658-01 0.21 0.2 0.464899120236 0.1885786
TCGA-49-AAQV-01 0.24 0.344162181585365 0.767673229113 0.1749017
TCGA-55-6969-01 0.29 0.24 0.55805546492 0.2892769
TCGA-55-8510-01 0.27 0.35 0.563950144654 0.3638097
TCGA-O1-A52J-01 0.51 0.48 0.717802672043 0.698964
TCGA-55-7994-01 0.57 0.49 0.676427425684 0.544040815334777
TCGA-50-5941-01 0.49 0.25 0.522667883974 0.2385397
TCGA-78-8655-01 0.49 0.6 0.672528810323 0.6210484
TCGA-55-7903-01 0.55 0.65 0.767672447842 0.6105878
TCGA-71-6725-01 0.59 0.57 0.862157618413 0.898614
TCGA-44-7659-01 0.72 0.4 0.787788611945 0.610915112843133
TCGA-MP-A4TE-01 0.56 0.65 0.928381816427 0.726352585743388
TCGA-50-5932-01 0.84 0.79 0.855510485884 0.8005822
TCGA-86-A4P7-01 0.23 0.289933893553976 0.600864731485 0.1635827
TCGA-44-2659-01 0.49 0.44 0.613363244374 0.6570837
TCGA-55-A48Z-01 0.41 0.43 0.666588686314 0.3692719
TCGA-49-AARQ-01 0.46 0.48195592639091 0.817926172661 0.5456463
TCGA-05-4430-01 0.37 0.29 0.560866138048 0.2316549
TCGA-05-4433-01 0.72 0.53 0.687830489669 0.4918956
TCGA-64-5774-01 0.72 0.7 0.885147010463 0.788738620157055
TCGA-62-A471-01 0.43 0.41 0.903339454265 0.6868494
TCGA-97-A4M7-01 0.25 0.26 0.60247540203 0.30718
TCGA-MP-A4SY-01 0.28 0.34 0.720060315992 0.2065093
TCGA-NJ-A4YI-01 0.57 0.5 0.718866222104 0.6183293
TCGA-05-4397-01 0.75 0.66 0.816733146394 0.8012799
TCGA-50-5944-01 0.49 0.59 0.691728162861 0.8668485
TCGA-55-8614-01 0.44 0.3 0.771417241479 0.4069464
TCGA-50-5930-01 0.4 0.381188309593526 0.636208940028 0.3739353
TCGA-86-A456-01 0.2 0.35 0.666290124534 0.2803355
TCGA-75-5122-01 0.51 0.31 0.390352556705 0.2006843
TCGA-49-6742-01 0.53 0.47 0.886115935866 0.688366
TCGA-78-8640-01 0.44 0.31 0.814126466258 0.3909823
TCGA-86-8669-01 0.5 0.52 0.757997197036 0.568389422037794
TCGA-93-A4JO-01 0.2 0.275484188247545 0.576178116476 0.1648299
TCGA-78-7158-01 0.5 0.83 0.850557325304 0.7992967
TCGA-05-4390-01 0.62 0.54 0.778711443881 0.631627754430908
TCGA-97-8547-01 0.48 0.48 0.637822014233 0.4629978
TCGA-44-7671-01 0.55 0.56 0.811650509362 0.9217423
TCGA-L9-A50W-01 0.55 0.499328938897525 0.77335433908 0.5921052
TCGA-38-4632-01 0.4 0.35 0.642095356661 0.4031865
TCGA-55-8089-01 0.41 0.31 0.481979847241 0.2841208
TCGA-55-A57B-01 0.29 0.360983265402299 0.695089138361 0.3156346
TCGA-L9-A743-01 0.25 0.272836650795065 0.539949726537 0.142953
TCGA-78-7220-01 0.56 0.4 0.892521361709 0.598810239096139
TCGA-44-7672-01 0.47 0.32 0.483320063384 0.2549175
TCGA-73-4659-01 0.33 0.34 0.702904008216 0.4481368
TCGA-55-6982-01 0.35 0.22 0.615060936026 0.2186724
TCGA-55-8207-01 0.7 0.55 0.594488600416 0.582000989474305
TCGA-38-4628-01 0.61 0.47 0.70418532829 0.2322951
TCGA-67-3772-01 0.36 0.43 0.602691992015 0.3621936
TCGA-97-A4M2-01 0.2 0.266251764612527 0.558931541729 0.1428429
TCGA-64-5779-01 0.51 0.47 0.704340008463 0.5043116
TCGA-44-A47F-01 0.35 0.38 0.641990676495634 0.3761221
TCGA-MP-A4T8-01 0.52 0.52 0.826204734248 0.5479678
TCGA-73-4668-01 0.52 0.47 0.788157027993 0.8117665
TCGA-69-A59K-01 0.45 0.38 0.759850107388 0.8546965
TCGA-49-4507-01 0.58 0.38 0.684232503457 0.3510809
TCGA-05-4396-01 0.74 0.67 0.874076775468 0.75325
TCGA-55-8514-01 0.51 0.5 0.783852139651 0.8644779
TCGA-95-A4VP-01 0.46 0.35 0.68184186755 0.6479731
TCGA-MP-A4SV-01 0.31 0.27 0.690201253729 0.5854664
TCGA-55-8203-01 0.33 0.53 0.708218859857 0.484027
TCGA-55-A48Y-01 0.31 0.36 0.704372584664 0.3016598
TCGA-50-7109-01 0.52 0.44 0.717898637001 0.8120239
TCGA-69-8253-01 0.45 0.3 0.812879585358 0.3992052
TCGA-J2-A4AG-01 0.26 0.320732466238104 0.625031024809 0.2509192
TCGA-MP-A4TF-01 0.34 0.28 0.868899415381 0.3608933
TCGA-55-7724-01 0.2 0.89 0.581073337818 0.159496
TCGA-MP-A4T2-01 0.3 0.51 0.657303401741647 0.3307386
TCGA-05-5429-01 0.34 0.59 0.828573714676 0.328589
TCGA-50-5946-01 0.42 0.569894794749345 0.915951728672 0.913427
TCGA-05-5715-01 0.7 0.72 0.675709916008 0.611064
TCGA-80-5607-01 0.34 0.34 0.716092458377 0.5082938
TCGA-38-4627-01 0.28 0.252589372957892 0.427927027786 0.1739934
TCGA-78-7155-01 0.78 0.75 0.930863113579 0.854271933633961
TCGA-55-8299-01 0.2 0.47 0.45107372823 0.293950249604813
TCGA-55-5899-01 0.64 0.64 0.727841525432 0.660389841011262
TCGA-64-5778-01 0.43 0.41 0.659336549851 0.5617302
TCGA-55-7728-01 0.29 0.45 0.585874893591 0.2792617
TCGA-50-5045-01 0.24 0.26 0.409155154356 0.2503539
TCGA-55-8097-01 0.36 0.57 0.737478855711 0.601934
TCGA-49-6761-01 0.29 0.27 0.707704079658 0.3015779
TCGA-05-4405-01 0.45 0.29 0.643102578699 0.5245973
TCGA-55-8206-01 0.41 0.4 0.585721268797 0.2867752
TCGA-67-3773-01 0.63 0.48 0.593981395291 0.524446375471165
TCGA-50-5068-01 0.27 0.41 0.529091412466 0.2499572
TCGA-86-7701-01 0.43 0.43 0.59078610171 0.7739284
TCGA-99-8032-01 0.41 0.3 0.713652447144 0.5128693
TCGA-97-7554-01 0.36 0.27 0.618436182462 0.5869546
TCGA-86-7955-01 0.69 0.68 0.966874901098 0.80588714849535
TCGA-55-8087-01 0.46 0.74 0.799830943148 0.7506601
TCGA-69-7973-01 0.64 0.54 0.827895971872 0.6380972
TCGA-44-6775-01 0.29 0.41 0.519915420633 0.4141367
TCGA-55-6981-01 0.41 0.24 0.778888920509 0.1782318
TCGA-44-6776-01 0.49 0.61 0.878568908865 0.566381
TCGA-95-8039-01 0.27 0.27 0.667267608724 0.4291372
TCGA-62-8402-01 0.55 0.37 0.748695935568 0.9552177
TCGA-05-4250-01 0.47 0.44 0.657217735034 0.8229918
TCGA-55-A491-01 0.44 0.25 0.679545076864 0.4348994
TCGA-38-4625-01 0.38 0.454778358062416 0.710549312302 0.6763285
TCGA-55-6642-01 0.38 0.29 0.558895590374 0.3515788
TCGA-55-7726-01 0.25 0.26 0.648288330268 0.2907189
TCGA-78-7542-01 0.45 0.34 0.868107455729 0.8471555
TCGA-44-5643-01 0.69 0.58 0.844204458503 0.705473230697931
TCGA-05-4415-01 0.63 0.59 0.874206146984 0.7077653
TCGA-NJ-A55R-01 0.32 0.39 0.846890310424 0.3715018
TCGA-05-4422-01 0.6 0.61 0.722190801657 0.629504509633786
TCGA-50-5072-01 0.29 0.38 0.797700893859 0.4777153
TCGA-73-4675-01 0.63 0.55 0.743490837872 0.19340328
TCGA-80-5611-01 0.6 0.52 0.6883140379 0.5338511
TCGA-MP-A4TC-01 0.3 0.341848704064295 0.589128047529 0.3691885
TCGA-38-4626-01 0.2 0.248021038079281 0.503127093532 0.1341905
TCGA-97-8179-01 0.57 0.34 0.791130458649 0.52963166763911
TCGA-44-6147-01 0.33 0.37 0.550952930571 0.5588401
TCGA-75-5147-01 0.62 0.41 0.677026286083 0.3369978
TCGA-78-7167-01 0.73 0.71 0.88122846857 0.4422589
TCGA-L9-A7SV-01 0.82 0.640932148487912 0.894624980542 0.804203987609329
TCGA-99-8025-01 0.43 0.38 0.786475907862 0.492919265092964
TCGA-55-8096-01 0.31 0.23 0.604216096776 0.2996799
TCGA-75-5125-01 0.35 0.39 0.628808990685 0.3340653
TCGA-78-7156-01 0.82 0.76 0.877602506887 0.7467247
TCGA-55-7284-01 0.27 0.25 0.671874854161 0.3036609
TCGA-44-6148-01 0.29 0.341034658824983 0.695135638262 0.2084868
TCGA-75-7030-01 0.23 0.28 0.588861000246 0.1040414
TCGA-MP-A4T6-01 0.62 0.48 0.816233020896 0.2904078
TCGA-86-8673-01 0.38 0.37 0.751890589054 0.3828173
TCGA-62-8397-01 0.67 0.47 0.73459313392 0.6790598
TCGA-55-8302-01 0.28 0.4 0.767855965523 0.7458696
TCGA-99-8028-01 0.2 0.214148890680829 0.382574205744 0.1450802
TCGA-95-A4VN-01 0.24 0.28 0.611085185373 0.2688956
TCGA-05-4410-01 0.35 0.21 0.668860994101 0.3540018
TCGA-69-8255-01 0.38 0.38 0.755274465687 0.4478514
TCGA-78-7145-01 0.59 0.61 0.763085825679 0.6277043
TCGA-55-6978-01 0.35 0.3 0.423681745643 0.2242713
TCGA-44-8120-01 0.38 0.53 0.709108532421 0.4719857
TCGA-55-6970-01 0.4 0.29 0.6986990085 0.6986752
TCGA-44-4112-01 0.69 0.39 0.678075736864 0.5677661
TCGA-49-6745-01 0.41 0.33 0.583425431713 0.2460404
TCGA-44-3918-01 0.322965511779261 0.323706863789058 0.542314538891 0.316503283477649
TCGA-78-7152-01 0.31 0.56 0.725678949371 0.5047228
TCGA-49-AARE-01 0.43 0.441756662561634 0.771050518246 0.4441516
TCGA-49-4510-01 0.68 0.61 0.802991618163 0.2862981
TCGA-38-A44F-01 0.2 0.271426158248601 0.566500131165 0.1585183
TCGA-05-4403-01 0.41 0.46 0.664639591869 0.439262
TCGA-55-8506-01 0.45 0.4 0.734856359713 0.6083739
TCGA-05-4417-01 0.41 0.36 0.496031564867 0.4022885
TCGA-78-7535-01 0.75 0.55 0.70332938273 0.5989045
TCGA-50-6595-01 0.39 0.25 0.577617440397 0.1935138
TCGA-78-7540-01 0.43 0.55 0.830792062688 0.5243772
TCGA-78-7149-01 0.53 0.54 0.822934523319 0.8332788
TCGA-55-6972-01 0.73 0.66 0.964438883924 0.9139998
TCGA-64-1681-01 0.41 0.36 0.695965891715 0.8229223
TCGA-78-7633-01 0.57 0.7 0.876125489197 0.6832583
TCGA-97-8171-01 0.71 0.61 0.914087862112 0.8467983
TCGA-MP-A4TA-01 0.25 0.369550833650943 0.77295438266 0.2896177
TCGA-73-7499-01 0.36 0.49 0.63647081784 0.2641261
TCGA-97-8172-01 0.38 0.33 0.551887472584 0.4018714
TCGA-05-4427-01 0.45 0.42 0.715333389824 0.9733022
TCGA-44-A479-01 0.28 0.2 0.48912945444 0.267723
TCGA-93-7348-01 0.24 0.23 0.686928968798 0.2227821
TCGA-93-A4JQ-01 0.2 0.267521683518763 0.53424028052 0.1891268
TCGA-91-6830-01 0.2 0.3 0.623065696595 0.1759599
TCGA-75-6207-01 0.6 0.66 0.830369211192 0.6398251
TCGA-55-6984-01 0.49 0.468584979312931 0.838977311872 0.4008838
TCGA-35-4123-01 0.25 0.39 0.523539291478 0.3570445
