abscnseq ascat estimate purbayes
TCGA-24-1435-01 0.6588082 0.605084466666667 0.5260091 0.754869
TCGA-24-0966-01 0.933693633333333 0.8821402 0.824781033333333 0.699623263127163
TCGA-24-0970-01 0.480387533333333 0.620588914557946 0.748000459430213 0.635735266666667
TCGA-04-1644-01 0.713435482180717 0.773662426516531 0.733959266666667 0.78035688804541
TCGA-61-1899-01 0.587637666666667 0.7094613 0.674028796130193 0.664875748292003
TCGA-13-0791-01 0.773662426516531 0.759589166666667 0.766129633333333 0.882248933333333
TCGA-04-1335-01 0.747374609494679 0.7094613 0.7345736 0.807470933333333
TCGA-13-0924-01 0.502421066666667 0.384202166666667 0.508122566666667 0.5260091
TCGA-61-2003-01 0.533276166666667 0.401586866666667 0.428435766666667 0.328701533333333
TCGA-24-2298-01 0.673916533333333 0.595341075845338 0.713656650107884 0.428435766666667
TCGA-13-0883-01 0.612610206442128 0.544404566666667 0.5272954 0.646979766666667
TCGA-42-2591-01 0.7920091 0.7966809 0.786945516972556 0.846639266666667
TCGA-61-2104-01 0.684510608394545 0.634091766666667 0.669363495878516 0.664789003650692
TCGA-25-1313-01 0.891914233333333 0.486831733333333 0.5268183 0.483267766666667
TCGA-10-0927-01 0.8352892 0.6792022 0.877208166666667 0.4198038
TCGA-24-1104-01 0.587637666666667 0.4682388 0.6266227 0.668686333333333
TCGA-29-1783-01 0.644026550719526 0.605084466666667 0.563433633333333 0.3274499
TCGA-61-2611-02 0.3597525 0.239901033333333 0.427668333333333 0.492637531766947
TCGA-29-1699-01 0.622871976094083 0.9273936 0.536258460499791 0.685408565525231
TCGA-24-1927-01 0.9108544 0.773662426516531 0.767536080761813 0.635042866666667
TCGA-61-2000-01 0.9190008 0.786945516972556 0.69680583906932 0.9303323
TCGA-23-1117-01 0.713435482180717 0.577603857996692 0.6588082 0.65778871348462
TCGA-13-0726-01 0.622871976094083 0.694231766666667 0.765935776141964 0.733122866666667
TCGA-13-1501-01 0.578178233333333 0.587637666666667 0.721461249375222 0.5886259
TCGA-30-1862-01 0.70344394180725 0.664789003650692 0.68040849058667 0.726263933333333
TCGA-23-2643-01 0.765935776141964 0.742995633333333 0.705790433333333 0.580201066666667
TCGA-61-1907-01 0.786206961112523 0.6792022 0.618651711972367 0.686663584139113
TCGA-13-0913-01 0.777241233333333 0.8821402 0.797326262877627 0.860037666903614
TCGA-57-1586-01 0.933693633333333 0.6792022 0.865674 0.845549166666667
TCGA-29-1695-01 0.5260091 0.587637666666667 0.437041333333333 0.513304933333333
TCGA-24-1844-01 0.4682388 0.759589166666667 0.9135051 0.705152614622587
TCGA-04-1646-01 0.692262778061468 0.8608011 0.742995633333333 0.726054128392655
TCGA-04-1516-01 0.634091766666667 0.595341075845338 0.634821854693015 0.659820933333333
TCGA-13-1405-01 0.4907774 0.620588914557946 0.620588914557946 0.578178233333333
TCGA-61-1904-01 0.8352892 0.498217433333333 0.6863419 0.735156417137024
TCGA-59-2350-01 0.732342145343562 0.742995633333333 0.823186666666667 0.762490366666667
TCGA-13-0805-01 0.8647504 0.742995633333333 0.778374466666667 0.773662426516531
TCGA-04-1342-01 0.752429966666667 0.6792022 0.679422101354697 0.515802933333333
TCGA-13-0760-01 0.765935776141964 0.759589166666667 0.674710555993063 0.9273936
TCGA-23-2649-01 0.622871976094083 0.634091766666667 0.646284536964731 0.649377671828193
TCGA-29-1771-01 0.668686333333333 0.786945516972556 0.752825780838078 0.9135051
TCGA-23-2078-01 0.442772766666667 0.544404566666667 0.544659866666667 0.893070533333333
TCGA-24-2038-01 0.3274499 0.65778871348462 0.869069533333333 0.8238392
TCGA-13-0888-01 0.587637666666667 0.694231766666667 0.945940766666667 0.5395551
TCGA-61-2008-01 0.713435482180717 0.6792022 0.728349188450613 0.589806333333333
TCGA-13-0723-01 0.533276166666667 0.605084466666667 0.679642733333333 0.9190008
TCGA-25-1316-01 0.945940766666667 0.945940766666667 0.831166066666667 0.811133971694167
TCGA-13-2071-01 0.4682388 0.577603857996692 0.571102825423422 0.614523037304135
TCGA-13-1504-01 0.578178233333333 0.425696133333333 0.5699366 0.742995633333333
TCGA-13-0800-01 0.6588082 0.694231766666667 0.646979766666667 0.5288477
TCGA-29-1694-01 0.673916533333333 0.569572133333333 0.6866727 0.540391166666667
TCGA-13-0891-01 0.713435482180717 0.773662426516531 0.831457133333333 0.922438266666667
TCGA-61-2009-01 0.502421066666667 0.425696133333333 0.491432166666667 0.937248533333333
TCGA-29-2434-01 0.8866037 0.822175166666667 0.8075216 0.767536080761813
TCGA-04-1361-01 0.689043640687744 0.634091766666667 0.7054264 0.674710555993063
TCGA-13-1403-01 0.796976673990693 0.8821402 0.8253149 0.792756966666667
TCGA-36-2539-01 0.559973162535785 0.522471633333333 0.5530105 0.522471633333333
TCGA-13-0807-01 0.559973162535785 0.664789003650692 0.671592809327968 0.759589166666667
TCGA-10-0937-01 0.875184266666667 0.822175166666667 0.698764464439719 0.680460866666667
TCGA-61-2610-02 0.732342145343562 0.806025033333333 0.743016066666667 0.726229367087113
TCGA-13-1483-01 0.548635766666667 0.65778871348462 0.682595318915165 0.7094613
TCGA-29-A5NZ-01 0.634091766666667 0.692262778061468 0.788417333333333 0.698058408585003
TCGA-04-1357-01 0.548635766666667 0.4731543 0.3886512 0.553416782154294
TCGA-29-1710-01 0.4907774 0.437041333333333 0.3597525 0.486831733333333
TCGA-23-1124-01 0.622871976094083 0.6792022 0.635042866666667 0.555484651304061
TCGA-29-1762-01 0.747374609494679 0.839948466666667 0.876352433333333 0.777526466666667
TCGA-59-2351-01 0.533276166666667 0.425696133333333 0.548706333333333 0.425696133333333
TCGA-24-2024-01 0.786206961112523 0.869069533333333 0.752023422087954 0.767131066666667
TCGA-23-2081-01 0.716048836751389 0.587637666666667 0.864961566666667 0.6589341
TCGA-10-0928-01 0.78035688804541 0.8821402 0.9190008 0.563433633333333
TCGA-04-1343-01 0.442772766666667 0.552951233333333 0.637827666666667 0.563846266666667
TCGA-25-1319-01 0.732342145343562 0.806025033333333 0.733122866666667 0.5900051
TCGA-61-1903-01 0.8647504 0.8608011 0.799184165688531 0.735467268941634
TCGA-13-1477-01 0.692262778061468 0.806025033333333 0.864810766666667 0.634091766666667
TCGA-13-2065-01 0.725934837663502 0.563433633333333 0.634091766666667 0.588657666666667
TCGA-13-0889-01 0.452354533333333 0.725934837663502 0.569572133333333 0.384202166666667
TCGA-61-1998-01 0.452354533333333 0.605084466666667 0.569645533333333 0.613874311379078
TCGA-25-2408-01 0.239901033333333 0.5391372 0.502421066666667 0.6133753
TCGA-09-2043-01 0.4907774 0.742995633333333 0.648192512778793 0.65071731366615
TCGA-25-2398-01 0.384202166666667 0.508122566666667 0.5403814 0.74406187294757
TCGA-25-1320-01 0.596890539498168 0.56704358741006 0.580201066666667 0.444500233333333
TCGA-04-1542-01 0.818626966666667 0.806025033333333 0.933693633333333 0.694231766666667
TCGA-13-1488-01 0.533276166666667 0.759589166666667 0.716048836751389 0.953071733333333
TCGA-13-A5FT-01 0.713435482180717 0.786206961112523 0.9273936 0.788207366666667
TCGA-30-1891-01 0.786206961112523 0.65778871348462 0.49453849 0.7058526
TCGA-24-1434-01 0.8647504 0.587637666666667 0.3694056 0.824781033333333
TCGA-36-2537-01 0.692262778061468 0.7094613 0.698058408585003 0.660260533333333
TCGA-36-2538-01 0.548635766666667 0.605084466666667 0.623206433333333 0.685134733333333
TCGA-36-2543-01 0.587637666666667 0.4682388 0.563846266666667 0.627414850642612
TCGA-13-1487-01 0.765935776141964 0.725934837663502 0.786206961112523 0.726542994224857
TCGA-23-1809-01 0.692262778061468 0.7094613 0.899512133333333 0.675267733333333
TCGA-09-1673-01 0.747374609494679 0.786945516972556 0.815277366666667 0.8110292
TCGA-61-1738-01 0.732342145343562 0.742995633333333 0.813637566666667 0.861170666666667
TCGA-13-0904-01 0.9108544 0.786945516972556 0.768983503288468 0.634226366666667
TCGA-13-0893-01 0.644026550719526 0.6792022 0.695446233333333 0.674028796130193
TCGA-24-1470-01 0.705152614622587 0.806025033333333 0.5288477 0.680364144819071
TCGA-61-2012-01 0.480387533333333 0.4731543 0.5918025 0.595341075845338
TCGA-23-1121-01 0.780201120126204 0.8821402 0.779812223374833 0.753666725608239
TCGA-10-0926-01 0.634091766666667 0.742995633333333 0.8453423 0.692262778061468
TCGA-29-1711-01 0.705152614622587 0.806025033333333 0.595651633333333 0.694774832357533
TCGA-13-0921-01 0.634091766666667 0.759589166666667 0.715823594787878 0.8293659
TCGA-13-0912-01 0.933693633333333 0.906418633333333 0.864899833333333 0.865674
TCGA-04-1649-01 0.634091766666667 0.65778871348462 0.659852295731797 0.659347335554326
TCGA-42-2589-01 0.725934837663502 0.773662426516531 0.725934837663502 0.71507454431158
TCGA-24-1424-01 0.67284070556438 0.646284536964731 0.754458380114651 0.491603
TCGA-09-2051-01 0.644026550719526 0.620588914557946 0.732342145343562 0.669363495878516
TCGA-61-1895-01 0.4907774 0.605084466666667 0.5889958 0.589810366666667
TCGA-24-2019-01 0.829043733333333 0.742995633333333 0.7787757 0.433450466666667
TCGA-13-2057-01 0.5260091 0.595341075845338 0.559973162535785 0.4685999
TCGA-13-0794-01 0.622871976094083 0.937248533333333 0.7345706 0.695592466666667
TCGA-13-2066-01 0.599540933333333 0.6792022 0.659347335554326 0.658919616771132
TCGA-13-0887-01 0.725934837663502 0.70344394180725 0.787667433333333 0.869069533333333
TCGA-29-1776-01 0.8453423 0.8821402 0.732364669394683 0.855113915519911
TCGA-24-2281-01 0.578178233333333 0.425696133333333 0.582296921209643 0.6142497
TCGA-25-2393-01 0.8453423 0.725934837663502 0.801513766666667 0.579028266666667
TCGA-29-1778-01 0.720540745728844 0.646284536964731 0.7058526 0.825083766666667
TCGA-04-1332-01 0.3886512 0.401586866666667 0.647512313906864 0.303778466666667
TCGA-61-2101-01 0.7920091 0.646284536964731 0.7667723 0.714957215667234
TCGA-20-1686-01 0.721461249375222 0.7094613 0.813175966666667 0.579917966666667
TCGA-25-2399-01 0.777241233333333 0.742995633333333 0.614523037304135 0.747600866666667
TCGA-59-2354-01 0.4102951 0.569572133333333 0.45943 0.582296921209643
TCGA-20-1685-01 0.705152614622587 0.587637666666667 0.673916533333333 0.902516966666667
TCGA-24-1845-01 0.829043733333333 0.759589166666667 0.806025033333333 0.748000459430213
TCGA-24-1428-01 0.9108544 0.7094613 0.6135092 0.725934837663502
TCGA-61-2094-01 0.3597525 0.508122566666667 0.425696133333333 0.444739233333333
TCGA-61-1737-01 0.4682388 0.70344394180725 0.527904933333333 0.533276166666667
TCGA-59-2352-01 0.4907774 0.569572133333333 0.726054128392655 0.375459933333333
TCGA-61-1725-01 0.587637666666667 0.773662426516531 0.605084466666667 0.801904066666667
TCGA-61-1995-01 0.599540933333333 0.577603857996692 0.6792022 0.7544521
TCGA-25-1329-01 0.578178233333333 0.6792022 0.694231766666667 0.646578466666667
TCGA-24-1847-01 0.705152614622587 0.508122566666667 0.580384337816965 0.496384640240184
TCGA-13-0910-01 0.533276166666667 0.7094613 0.65071731366615 0.651145032449344
TCGA-24-1416-01 0.644026550719526 0.5391372 0.8352892 0.7328658
TCGA-04-1648-01 0.533276166666667 0.786945516972556 0.8293659 0.813851966666667
TCGA-13-0916-01 0.8108977 0.759589166666667 0.787784866666667 0.829043733333333
TCGA-25-2404-01 0.612610206442128 0.569572133333333 0.6363302 0.6466905
TCGA-23-2077-01 0.480387533333333 0.508122566666667 0.668686333333333 0.4907774
TCGA-24-1471-01 0.777241233333333 0.839948466666667 0.792756966666667 0.4731543
TCGA-04-1371-01 0.875184266666667 0.563433633333333 0.661162597299027 0.468638233333333
TCGA-61-1900-01 0.8647504 0.906418633333333 0.922438266666667 0.9236874
TCGA-24-2030-01 0.899512133333333 0.7094613 0.777340766666667 0.753253499621271
TCGA-23-1114-01 0.502421066666667 0.65778871348462 0.902516966666667 0.928494133333333
TCGA-24-1550-01 0.644026550719526 0.725934837663502 0.442772766666667 0.636632542874372
TCGA-13-1499-01 0.559973162535785 0.3597525 0.401765166666667 0.6248971
TCGA-24-1430-01 0.801283365451015 0.839948466666667 0.915279033333333 0.768983503288468
TCGA-61-2096-01 0.8108977 0.7966809 0.788637 0.864899833333333
TCGA-23-1123-01 0.8108977 0.694231766666667 0.595899357725387 0.600995033333333
TCGA-13-0920-01 0.6588082 0.646284536964731 0.891914233333333 0.8405636
TCGA-29-1784-01 0.533276166666667 0.620588914557946 0.570309939654177 0.7054264
TCGA-13-2061-01 0.6588082 0.552951233333333 0.635735266666667 0.727598933333333
TCGA-23-1031-01 0.777241233333333 0.4198038 0.596890539498168 0.623206433333333
TCGA-09-0365-01 0.673916533333333 0.7966809 0.692262778061468 0.543767664960013
TCGA-13-1484-01 0.587637666666667 0.437041333333333 0.514195833333333 0.481305266666667
TCGA-29-1690-01 0.612610206442128 0.65778871348462 0.452354533333333 0.620588914557946
TCGA-61-1730-01 0.5260091 0.694231766666667 0.624450066666667 0.605353866666667
TCGA-13-1411-01 0.3962362 0.3274499 0.239901033333333 0.637412766666667
TCGA-09-1674-01 0.705152614622587 0.839948466666667 0.74185223602363 0.722657111679007
TCGA-36-2547-01 0.739253772870848 0.70344394180725 0.70750190361471 0.70344394180725
TCGA-25-1323-01 0.671592809327968 0.644026550719526 0.8405636 0.3886512
TCGA-04-1346-01 0.4907774 0.45943 0.600995033333333 0.915279033333333
TCGA-24-1419-01 0.8453423 0.906418633333333 0.938472133333333 0.799184165688531
TCGA-61-1740-01 0.559973162535785 0.725934837663502 0.526158666666667 0.599540933333333
TCGA-04-1369-01 0.622871976094083 0.620588914557946 0.637055766666667 0.648192512778793
TCGA-24-2293-01 0.3694056 0.303778466666667 0.328701533333333 0.815277366666667
TCGA-09-2044-01 0.786206961112523 0.822175166666667 0.659820933333333 0.8222514
TCGA-29-1769-01 0.739253772870848 0.725934837663502 0.6483253 0.933693633333333
TCGA-25-2392-01 0.673916533333333 0.486831733333333 0.492637531766947 0.6266227
TCGA-09-1670-01 0.725934837663502 0.664789003650692 0.726229367087113 0.49453849
TCGA-23-1118-01 0.4102951 0.4198038 0.699623263127163 0.5918025
TCGA-24-1103-01 0.8866037 0.8608011 0.923774933333333 0.8995342
TCGA-30-1857-01 0.634091766666667 0.6792022 0.444739233333333 0.571102825423422
TCGA-42-2588-01 0.599540933333333 0.544404566666667 0.590728279674255 0.623512549128925
TCGA-13-0720-01 0.725934837663502 0.8608011 0.915084233333333 0.813637566666667
TCGA-24-1849-01 0.3274499 0.3274499 0.268716066666667 0.498217433333333
TCGA-29-1777-01 0.713435482180717 0.786945516972556 0.513304933333333 0.733959266666667
TCGA-04-1353-01 0.9108544 0.786945516972556 0.825083766666667 0.864961566666667
TCGA-30-1718-01 0.502421066666667 0.4731543 0.578178233333333 0.618651711972367
TCGA-61-2612-01 0.4102951 0.486831733333333 0.515802933333333 0.577603857996692
TCGA-59-2348-01 0.634091766666667 0.544404566666667 0.754869 0.5889958
TCGA-24-1417-01 0.818626966666667 0.544404566666667 0.4685999 0.637611762546291
TCGA-13-0765-01 0.699623263127163 0.587637666666667 0.788207366666667 0.684510608394545
TCGA-24-1616-01 0.818626966666667 0.725934837663502 0.887084066666667 0.624450066666667
TCGA-24-0980-01 0.752429966666667 0.646284536964731 0.70532274391199 0.70750190361471
TCGA-29-1774-01 0.752429966666667 0.664789003650692 0.9389444 0.7920091
TCGA-23-1030-01 0.765935776141964 0.773662426516531 0.753666725608239 0.548945066666667
TCGA-24-1551-01 0.752429966666667 0.742995633333333 0.599540933333333 0.69463225808266
TCGA-13-1500-01 0.502421066666667 0.552951233333333 0.584161866789607 0.659996
TCGA-24-1426-01 0.752429966666667 0.8608011 0.850308433333333 0.949389266666667
TCGA-24-2288-01 0.577603857996692 0.437041333333333 0.553416782154294 0.6231081
TCGA-OY-A56Q-01 0.584161866789607 0.559973162535785 0.548635766666667 0.452354533333333
TCGA-29-1768-01 0.7920091 0.522471633333333 0.289758333333333 0.806025033333333
TCGA-30-1714-01 0.818626966666667 0.869069533333333 0.882248933333333 0.595651633333333
TCGA-25-1315-01 0.7920091 0.922438266666667 0.796976673990693 0.777241233333333
TCGA-24-0975-01 0.587637666666667 0.3597525 0.56704358741006 0.580384337816965
TCGA-36-2533-01 0.6588082 0.605084466666667 0.622871976094083 0.548635766666667
TCGA-23-1113-01 0.875184266666667 0.8821402 0.839948466666667 0.8609789
TCGA-23-1027-01 0.777241233333333 0.742995633333333 0.612610206442128 0.733077066666667
TCGA-31-1950-01 0.268716066666667 0.401586866666667 0.78035688804541 0.6363302
TCGA-61-1722-01 0.599540933333333 0.522471633333333 0.589810366666667 0.644026550719526
TCGA-13-0908-01 0.933693633333333 0.595341075845338 0.493864033333333 0.684697803929457
TCGA-24-1843-01 0.752429966666667 0.7094613 0.589806333333333 0.5530105
TCGA-13-0897-01 0.9190008 0.742995633333333 0.644026550719526 0.7931816
TCGA-09-0366-01 0.684510608394545 0.577603857996692 0.522471633333333 0.480387533333333
TCGA-04-1349-01 0.618651711972367 0.65778871348462 0.5886259 0.401586866666667
TCGA-30-1856-01 0.732342145343562 0.584161866789607 0.5900051 0.3694056
TCGA-25-2397-01 0.818626966666667 0.822175166666667 0.846639266666667 0.8694122
TCGA-24-1425-01 0.578178233333333 0.634091766666667 0.443937566666667 0.569645533333333
TCGA-61-1911-01 0.612610206442128 0.664789003650692 0.508641156266697 0.714477666666667
TCGA-23-2645-01 0.682675500822169 0.634091766666667 0.67284070556438 0.661162597299027
TCGA-61-1919-01 0.622871976094083 0.536258460499791 0.401586866666667 0.491432166666667
TCGA-31-1953-01 0.548635766666667 0.563433633333333 0.375459933333333 0.787667433333333
TCGA-13-1511-01 0.818626966666667 0.839948466666667 0.787249333333333 0.766129633333333
TCGA-04-1367-01 0.818626966666667 0.8821402 0.811133971694167 0.829848366666667
TCGA-24-1422-01 0.599540933333333 0.577603857996692 0.444500233333333 0.9067147
TCGA-61-2109-01 0.860037666903614 0.6792022 0.8222514 0.743117792558243
TCGA-24-1469-01 0.452354533333333 0.839948466666667 0.875184266666667 0.787351966666667
TCGA-13-0764-01 0.612610206442128 0.6792022 0.660947866666667 0.659852295731797
TCGA-04-1356-01 0.728349188450613 0.646284536964731 0.809452887787499 0.70532274391199
TCGA-61-2614-01 0.634091766666667 0.552951233333333 0.588375166666667 0.5268183
TCGA-04-1655-01 0.713435482180717 0.773662426516531 0.6142497 0.239901033333333
TCGA-24-2289-01 0.587637666666667 0.5391372 0.4682388 0.596890539498168
TCGA-61-2613-01 0.533276166666667 0.65778871348462 0.6346261 0.682595318915165
TCGA-WR-A838-01 0.692262778061468 0.614523037304135 0.6231081 0.508122566666667
TCGA-04-1347-01 0.732342145343562 0.664789003650692 0.902639933333333 0.552951233333333
TCGA-61-1914-01 0.673916533333333 0.5391372 0.668803333333333 0.752023422087954
TCGA-29-2429-01 0.548635766666667 0.4731543 0.544404566666667 0.578365466666667
TCGA-59-2349-01 0.4102951 0.945940766666667 0.726263933333333 0.865698466666667
TCGA-57-1993-01 0.668686333333333 0.822175166666667 0.813851966666667 0.902639933333333
TCGA-29-1781-01 0.752429966666667 0.70344394180725 0.476331766666667 0.6588082
TCGA-29-1698-01 0.644026550719526 0.618651711972367 0.69463225808266 0.526158666666667
TCGA-24-1562-01 0.713435482180717 0.786945516972556 0.658919616771132 0.809452887787499
TCGA-23-1116-01 0.3962362 0.268716066666667 0.384202166666667 0.49949186942428
TCGA-61-1913-01 0.8647504 0.869069533333333 0.829848366666667 0.8455761
TCGA-36-2545-01 0.899512133333333 0.544404566666667 0.7094613 0.70425253885252
TCGA-42-2590-01 0.668686333333333 0.6792022 0.686663584139113 0.7142304
TCGA-3P-A9WA-01 0.8352892 0.855113915519911 0.9134418 0.853083166666667
TCGA-20-0990-01 0.875184266666667 0.742995633333333 0.773662426516531 0.752825780838078
TCGA-13-1410-01 0.739253772870848 0.742995633333333 0.70344394180725 0.6483253
TCGA-24-1474-01 0.6588082 0.773662426516531 0.752429966666667 0.5391372
TCGA-24-1436-01 0.673916533333333 0.664789003650692 0.685408565525231 0.815217333333333
TCGA-13-0894-01 0.49949186942428 0.338420466666667 0.486831733333333 0.544972520228041
TCGA-42-2582-01 0.8647504 0.646284536964731 0.718085774940206 0.6346261
TCGA-13-0751-01 0.799184165688531 0.869069533333333 0.806744533333333 0.861033333333333
TCGA-24-1467-01 0.684510608394545 0.759589166666667 0.869494133333333 0.786206961112523
TCGA-13-0911-01 0.4102951 0.4731543 0.4544801 0.891914233333333
TCGA-20-1683-01 0.752023422087954 0.822175166666667 0.841374 0.6229858
TCGA-23-2641-01 0.850306433333333 0.869069533333333 0.818626966666667 0.823186666666667
TCGA-13-0886-01 0.5260091 0.375459933333333 0.4198038 0.536258460499791
TCGA-09-2045-01 0.860037666903614 0.822175166666667 0.8110292 0.864810766666667
TCGA-36-2552-01 0.634091766666667 0.7966809 0.705687082157197 0.69680583906932
TCGA-13-0804-01 0.818626966666667 0.822175166666667 0.6248971 0.831457133333333
TCGA-29-1705-01 0.70425253885252 0.742995633333333 0.6229858 0.686399733333333
TCGA-13-2059-01 0.6588082 0.620588914557946 0.627414850642612 0.569572133333333
TCGA-61-1736-01 0.777241233333333 0.725934837663502 0.714477666666667 0.787249333333333
TCGA-04-1331-01 0.684510608394545 0.742995633333333 0.8694122 0.850863333333333
TCGA-36-2530-01 0.899512133333333 0.839948466666667 0.850306433333333 0.887084066666667
TCGA-59-A5PD-01 0.644026550719526 0.722657111679007 0.8821402 0.715823594787878
TCGA-29-1697-01 0.949389266666667 0.806025033333333 0.953071733333333 0.9134418
TCGA-13-1507-01 0.684510608394545 0.620588914557946 0.433450466666667 0.923774933333333
TCGA-29-1770-01 0.722657111679007 0.664789003650692 0.681005946178785 0.8453423
TCGA-61-1733-01 0.829043733333333 0.7966809 0.735156417137024 0.637827666666667
TCGA-09-2049-01 0.735467268941634 0.759589166666667 0.722657111679007 0.71493669991791
TCGA-61-1915-01 0.739253772870848 0.664789003650692 0.680364144819071 0.564130433333333
TCGA-24-2035-01 0.4907774 0.522471633333333 0.3274499 0.556270970676012
TCGA-04-1336-01 0.8647504 0.725934837663502 0.762490366666667 0.747374609494679
TCGA-13-0757-01 0.599540933333333 0.634091766666667 0.634226366666667 0.647512313906864
TCGA-29-2431-01 0.587637666666667 0.839948466666667 0.685134733333333 0.578585533333333
TCGA-36-2534-01 0.850306433333333 0.8608011 0.801283365451015 0.766175683017955
TCGA-57-1992-01 0.6588082 0.822175166666667 0.752467 0.877208166666667
TCGA-13-0795-01 0.3274499 0.452354533333333 0.481305266666667 0.841374
TCGA-10-0934-01 0.548635766666667 0.822175166666667 0.71493669991791 0.835369933333333
TCGA-61-2092-01 0.442772766666667 0.9273936 0.709973850357096 0.796976673990693
TCGA-04-1341-01 0.732342145343562 0.646284536964731 0.829043733333333 0.713656650107884
TCGA-13-0890-01 0.578178233333333 0.508122566666667 0.544972520228041 0.6792022
TCGA-09-2050-01 0.891914233333333 0.937248533333333 0.877307 0.906418633333333
TCGA-09-2053-01 0.559973162535785 0.725934837663502 0.675267733333333 0.587637666666667
TCGA-13-1512-01 0.732342145343562 0.773662426516531 0.664875748292003 0.822175166666667
TCGA-23-2079-01 0.752429966666667 0.70344394180725 0.714281233333333 0.709546131573903
TCGA-61-2018-01 0.480387533333333 0.65778871348462 0.613874311379078 0.634821854693015
TCGA-59-2355-01 0.5260091 0.646284536964731 0.715884001220777 0.649963803164724
TCGA-13-1498-01 0.801283365451015 0.839948466666667 0.6342146 0.818626966666667
TCGA-10-0933-01 0.9190008 0.806025033333333 0.887449266666667 0.875184266666667
TCGA-10-0930-01 0.69680583906932 0.522471633333333 0.689043640687744 0.9389444
TCGA-13-1497-01 0.777241233333333 0.7094613 0.7544521 0.588375166666667
TCGA-24-2260-01 0.9190008 0.664789003650692 0.735467268941634 0.602693335600163
TCGA-20-0996-01 0.2191035 0.384202166666667 0.49949186942428 0.8647504
TCGA-61-2088-01 0.933693633333333 0.806025033333333 0.949389266666667 0.777350733333333
TCGA-13-1505-01 0.673916533333333 0.6792022 0.709546131573903 0.681005946178785
TCGA-13-0884-01 0.622871976094083 0.508122566666667 0.605353866666667 0.4102951
TCGA-13-0714-01 0.725934837663502 0.694231766666667 0.617563890868019 0.3613492
TCGA-36-2548-01 0.786206961112523 0.6792022 0.71507454431158 0.709973850357096
TCGA-13-0725-01 0.684510608394545 0.725934837663502 0.602693335600163 0.705790433333333
TCGA-04-1360-01 0.752429966666667 0.7966809 0.74855976854408 0.728349188450613
TCGA-29-1763-01 0.559973162535785 0.634091766666667 0.733077066666667 0.338420466666667
TCGA-23-1122-01 0.502421066666667 0.664789003650692 0.801963564322944 0.544404566666667
TCGA-29-2436-01 0.559973162535785 0.65778871348462 0.637412766666667 0.671592809327968
TCGA-20-1684-01 0.6588082 0.8821402 0.928494133333333 0.754458380114651
TCGA-57-1994-01 0.705152614622587 0.569572133333333 0.649377671828193 0.876352433333333
TCGA-29-1696-01 0.850306433333333 0.922438266666667 0.8647504 0.8608011
TCGA-23-1029-01 0.732342145343562 0.806025033333333 0.861170666666667 0.743936847124834
TCGA-13-0797-01 0.8108977 0.906418633333333 0.778595004226392 0.6342146
TCGA-13-1482-01 0.713435482180717 0.822175166666667 0.747600866666667 0.752467
TCGA-24-1423-01 0.801283365451015 0.70344394180725 0.806638533333333 0.732364669394683
TCGA-13-1481-01 0.289758333333333 0.496384640240184 0.684510608394545 0.289758333333333
TCGA-25-1321-01 0.797326262877627 0.8821402 0.8524865 0.765935776141964
TCGA-24-2295-01 0.638839173178246 0.6792022 0.61371812409725 0.437041333333333
TCGA-24-0979-01 0.502421066666667 0.694231766666667 0.887062033333333 0.887062033333333
TCGA-61-1901-01 0.739253772870848 0.634091766666667 0.694774832357533 0.698764464439719
TCGA-24-1552-01 0.860037666903614 0.906418633333333 0.865698466666667 0.786945516972556
TCGA-61-2087-01 0.875184266666667 0.725934837663502 0.787351966666667 0.806744533333333
TCGA-24-1549-01 0.801283365451015 0.725934837663502 0.767131066666667 0.7787757
TCGA-36-2542-01 0.587637666666667 0.65778871348462 0.649963803164724 0.6863419
TCGA-61-1910-01 0.949389266666667 0.9527258 0.853083166666667 0.9527258
TCGA-61-2102-01 0.850306433333333 0.634091766666667 0.65778871348462 0.8517246
TCGA-29-2427-01 0.555484651304061 0.620588914557946 0.303778466666667 0.660947866666667
TCGA-24-2261-01 0.587637666666667 0.634091766666667 0.483267766666667 0.938472133333333
TCGA-13-0768-01 0.8108977 0.2191035 0.2191035 0.508641156266697
TCGA-30-1855-01 0.6588082 0.646284536964731 0.588657666666667 0.4544801
TCGA-29-2432-01 0.578178233333333 0.522471633333333 0.577603857996692 0.612610206442128
TCGA-61-2111-01 0.502421066666667 0.602693335600163 0.759589166666667 0.502421066666667
TCGA-09-1672-01 0.6588082 0.587637666666667 0.595341075845338 0.493864033333333
TCGA-04-1362-01 0.829043733333333 0.806025033333333 0.831830066666667 0.760169482572931
TCGA-13-1495-01 0.673916533333333 0.646284536964731 0.815217333333333 0.682675500822169
TCGA-24-2036-01 0.899512133333333 0.8608011 0.906418633333333 0.915084233333333
TCGA-13-0923-01 0.634091766666667 0.65778871348462 0.801904066666667 0.5403814
TCGA-13-1409-01 0.684510608394545 0.9273936 0.937248533333333 0.2191035
TCGA-29-1703-01 0.899512133333333 0.839948466666667 0.8224998 0.647857633333333
TCGA-24-2254-01 0.765935776141964 0.725934837663502 0.695592466666667 0.713435482180717
TCGA-04-1652-01 0.818626966666667 0.822175166666667 0.739253772870848 0.559973162535785
TCGA-23-1022-01 0.8108977 0.759589166666667 0.9108544 0.760645401598888
TCGA-29-1693-01 0.644026550719526 0.664789003650692 0.664789003650692 0.750796536085554
TCGA-13-1404-01 0.801283365451015 0.869069533333333 0.7142304 0.8253149
TCGA-29-1766-01 0.4907774 0.486831733333333 0.578365466666667 0.595899357725387
TCGA-29-1785-01 0.850306433333333 0.6792022 0.491603 0.831166066666667
TCGA-24-1846-01 0.8352892 0.906418633333333 0.607313517887286 0.8821402
TCGA-25-2391-01 0.765935776141964 0.839948466666667 0.8108977 0.788637
TCGA-31-1959-01 0.627414850642612 0.620588914557946 0.4102951 0.7687361
TCGA-29-1707-01 0.779812223374833 0.8608011 0.777526466666667 0.779812223374833
TCGA-24-1463-01 0.705152614622587 0.806025033333333 0.623344623640498 0.801513766666667
TCGA-24-1850-01 0.786206961112523 0.7094613 0.646578466666667 0.3597525
TCGA-29-1688-01 0.9190008 0.65778871348462 0.480387533333333 0.8224998
TCGA-13-1506-01 0.875184266666667 0.8608011 0.8866037 0.780201120126204
TCGA-29-1691-01 0.6588082 0.786945516972556 0.7931816 0.715884001220777
TCGA-20-1687-01 0.801283365451015 0.7094613 0.6466905 0.806638533333333
TCGA-25-2042-01 0.289758333333333 0.268716066666667 0.3613492 0.427668333333333
TCGA-24-1842-01 0.634091766666667 0.595341075845338 0.543767664960013 0.268716066666667
TCGA-13-1509-01 0.578178233333333 0.694231766666667 0.647857633333333 0.720540745728844
TCGA-24-2290-01 0.673916533333333 0.6792022 0.659996 0.9108544
TCGA-24-2280-01 0.433450466666667 0.486831733333333 0.578585533333333 0.476331766666667
TCGA-13-0903-01 0.644026550719526 0.822175166666667 0.714957215667234 0.721461249375222
TCGA-61-2110-01 0.533276166666667 0.7966809 0.8609789 0.714281233333333
TCGA-25-1322-01 0.698764464439719 0.70344394180725 0.682675500822169 0.659293666666667
TCGA-13-2060-01 0.559973162535785 0.552951233333333 0.6133753 0.623344623640498
TCGA-29-1702-01 0.765935776141964 0.8821402 0.8995342 0.442772766666667
TCGA-61-1727-01 0.644026550719526 0.498217433333333 0.651145032449344 0.899512133333333
TCGA-24-2033-01 0.786206961112523 0.694231766666667 0.743936847124834 0.716048836751389
TCGA-24-2271-01 0.8866037 0.595341075845338 0.540391166666667 0.5272954
TCGA-30-1853-01 0.809452887787499 0.9527258 0.822175166666667 0.777264520512903
TCGA-29-1764-01 0.599540933333333 0.486831733333333 0.5146167 0.3962362
TCGA-61-2002-01 0.4682388 0.634091766666667 0.4144641 0.617563890868019
TCGA-13-1496-01 0.752429966666667 0.634091766666667 0.623512549128925 0.544659866666667
TCGA-23-1110-01 0.9190008 0.906418633333333 0.8517246 0.797326262877627
TCGA-13-0803-01 0.433450466666667 0.587637666666667 0.564130433333333 0.607313517887286
TCGA-10-0935-01 0.8647504 0.742995633333333 0.7687361 0.74855976854408
TCGA-29-1701-01 0.587637666666667 0.605084466666667 0.556270970676012 0.548706333333333
TCGA-61-1741-01 0.673916533333333 0.725934837663502 0.777264520512903 0.887449266666667
TCGA-13-1485-01 0.692262778061468 0.7094613 0.660260533333333 0.345502966666667
TCGA-24-1431-01 0.829043733333333 0.7966809 0.7328658 0.739253772870848
TCGA-09-0369-01 0.801283365451015 0.822175166666667 0.780201120126204 0.443937566666667
TCGA-13-0758-01 0.6588082 0.577603857996692 0.637611762546291 0.6866727
TCGA-09-2055-01 0.673916533333333 0.725934837663502 0.70425253885252 0.689043640687744
TCGA-25-2409-01 0.612610206442128 0.587637666666667 0.555484651304061 0.777340766666667
TCGA-25-1328-01 0.65778871348462 0.617563890868019 0.579028266666667 0.646284536964731
TCGA-23-2072-01 0.634091766666667 0.725934837663502 0.6589341 0.540417566666667
TCGA-13-1492-01 0.899512133333333 0.9273936 0.9236874 0.8108977
TCGA-61-1906-01 0.786206961112523 0.725934837663502 0.6863873 0.45943
TCGA-23-2084-01 0.739253772870848 0.577603857996692 0.6647943 0.813175966666667
TCGA-24-1563-01 0.698058408585003 0.806025033333333 0.496384640240184 0.7345706
TCGA-20-0991-01 0.571102825423422 0.4682388 0.345502966666667 0.877307
TCGA-13-1489-01 0.8453423 0.742995633333333 0.933776666666667 0.752429966666667
TCGA-OY-A56P-01 0.9190008 0.74185223602363 0.747374609494679 0.527904933333333
TCGA-61-2097-01 0.533276166666667 0.522471633333333 0.636632542874372 0.695446233333333
TCGA-13-1412-01 0.6588082 0.634091766666667 0.659293666666667 0.658842375376854
TCGA-13-1491-01 0.765935776141964 0.869069533333333 0.7966809 0.869494133333333
TCGA-23-1032-01 0.634091766666667 0.486831733333333 0.579917966666667 0.61371812409725
TCGA-61-2095-01 0.533276166666667 0.5391372 0.5391372 0.605561556697025
TCGA-61-1728-01 0.735156417137024 0.742995633333333 0.8455761 0.5699366
TCGA-25-1314-01 0.8108977 0.786945516972556 0.766175683017955 0.74185223602363
TCGA-36-2544-01 0.850306433333333 0.839948466666667 0.8238392 0.8866037
TCGA-13-0899-01 0.684510608394545 0.620588914557946 0.753253499621271 0.68040849058667
TCGA-20-1682-01 0.718085774940206 0.759589166666667 0.552951233333333 0.8524865
TCGA-24-1466-01 0.612610206442128 0.6792022 0.658842375376854 0.638839173178246
TCGA-29-1761-01 0.5260091 0.773662426516531 0.684697803929457 0.839948466666667
TCGA-61-2113-01 0.612610206442128 0.345502966666667 0.5395551 0.933776666666667
TCGA-24-1565-01 0.684510608394545 0.773662426516531 0.726542994224857 0.6863873
TCGA-04-1651-01 0.8108977 0.922438266666667 0.8959287 0.850306433333333
TCGA-13-0905-01 0.850306433333333 0.906418633333333 0.869797533333333 0.831830066666667
TCGA-59-2372-01 0.8866037 0.806025033333333 0.760169482572931 0.584161866789607
TCGA-24-2267-01 0.4102951 0.437041333333333 0.4731543 0.4682388
TCGA-24-1427-01 0.4102951 0.498217433333333 0.4907774 0.570309939654177
TCGA-09-1675-01 0.9108544 0.9273936 0.8608011 0.801963564322944
TCGA-23-1111-01 0.705152614622587 0.786945516972556 0.9067147 0.514195833333333
TCGA-20-0987-01 0.559973162535785 0.452354533333333 0.420077 0.5146167
TCGA-04-1638-01 0.949389266666667 0.869069533333333 0.850863333333333 0.778374466666667
TCGA-13-1494-01 0.801283365451015 0.577603857996692 0.705152614622587 0.743016066666667
TCGA-24-2262-01 0.682595318915165 0.620588914557946 0.680460866666667 0.668803333333333
TCGA-VG-A8LO-01 0.8647504 0.860037666903614 0.9303323 0.7966809
TCGA-5X-AA5U-01 0.644026550719526 0.70750190361471 0.9527258 0.56704358741006
TCGA-10-0931-01 0.8647504 0.806025033333333 0.835369933333333 0.8075216
TCGA-61-2016-01 0.622871976094083 0.605084466666667 0.743117792558243 0.7345736
TCGA-25-2400-01 0.750796536085554 0.7094613 0.860037666903614 0.732342145343562
TCGA-42-2587-01 0.442772766666667 0.401586866666667 0.548945066666667 0.850308433333333
TCGA-25-1312-01 0.860037666903614 0.773662426516531 0.7920091 0.6135092
TCGA-04-1348-01 0.644026550719526 0.7094613 0.605561556697025 0.67284070556438
TCGA-36-2532-01 0.713435482180717 0.70344394180725 0.720540745728844 0.8074986
TCGA-24-1464-01 0.705152614622587 0.7094613 0.750796536085554 0.718085774940206
TCGA-29-1775-01 0.644026550719526 0.822175166666667 0.713435482180717 0.705687082157197
TCGA-36-2540-01 0.3694056 0.646284536964731 0.587637666666667 0.673916533333333
TCGA-59-2363-01 0.829043733333333 0.8821402 0.893070533333333 0.778595004226392
TCGA-25-2401-01 0.3962362 0.522471633333333 0.338420466666667 0.605084466666667
TCGA-42-2593-01 0.777241233333333 0.725934837663502 0.777241233333333 0.945940766666667
TCGA-09-0367-01 0.747374609494679 0.806025033333333 0.760645401598888 0.732749492258954
TCGA-09-0364-01 0.74406187294757 0.839948466666667 0.732749492258954 0.637055766666667
TCGA-25-2396-01 0.6588082 0.742995633333333 0.638839173178246 0.679422101354697
TCGA-13-0755-01 0.752429966666667 0.759589166666667 0.74406187294757 0.7667723
TCGA-13-0717-01 0.891914233333333 0.937248533333333 0.855113915519911 0.801283365451015
TCGA-24-1603-01 0.801283365451015 0.634091766666667 0.861033333333333 0.679642733333333
TCGA-25-1326-01 0.620588914557946 0.582296921209643 0.498217433333333 0.622871976094083
TCGA-09-1664-01 0.786206961112523 0.8821402 0.807470933333333 0.869797533333333
TCGA-24-1413-01 0.8352892 0.7094613 0.845549166666667 0.8959287
TCGA-13-0885-01 0.4682388 0.384202166666667 0.468638233333333 0.420077
TCGA-13-0724-01 0.801283365451015 0.587637666666667 0.777350733333333 0.788417333333333
TCGA-23-2647-01 0.587637666666667 0.437041333333333 0.540417566666667 0.590728279674255
TCGA-09-2056-01 0.860037666903614 0.8608011 0.686399733333333 0.787784866666667
TCGA-24-1564-01 0.3274499 0.3597525 0.3962362 0.401765166666667
TCGA-24-1418-01 0.705152614622587 0.605084466666667 0.727598933333333 0.6647943
TCGA-13-1510-01 0.752429966666667 0.822175166666667 0.8074986 0.8352892
TCGA-13-A5FU-01 0.556270970676012 0.543767664960013 0.533276166666667 0.4144641
