abscnseq ascat estimate purbayes
TCGA-L5-A893-01 0.234081966666667 0.392938575681001 0.460558985911115 0.4183356
TCGA-LN-A49P-01 0.5109732 0.3497364 0.306968833333333 0.482189240604575
TCGA-L5-A8NF-01 0.595993146700511 0.622815988300509 0.691652201530103 0.62262841785656
TCGA-L5-A8NI-01 0.481215131468246 0.531778072318531 0.525051828439661 0.61482352185487
TCGA-L5-A4OO-01 0.306968833333333 0.401207033333333 0.316974966666667 0.386609687658058
TCGA-VR-A8Q7-01 0.435629842810493 0.502724726460243 0.529792057760456 0.54689265371071
TCGA-2H-A9GO-01 0.385450966666667 0.515151105634306 0.760999333333333 0.525433233868412
TCGA-VR-A8EY-01 0.727890613172199 0.689723427272334 0.675395784053279 0.728746935791275
TCGA-L5-A4OH-01 0.584340044602426 0.632303166666667 0.727890613172199 0.481215131468246
TCGA-R6-A6KZ-01 0.363101766666667 0.271172066666667 0.500094427320052 0.513825233333333
TCGA-JY-A93C-01 0.611949880482555 0.592129508607503 0.546119751145524 0.584340044602426
TCGA-X8-AAAR-01 0.9332649 0.728746935791275 0.463030064795935 0.719231574321456
TCGA-JY-A6FG-01 0.435629842810493 0.580267951444562 0.670461882444382 0.680536966620068
TCGA-VR-A8EZ-01 0.611949880482555 0.71744901381292 0.7001207 0.846776433333333
TCGA-S8-A6BW-01 0.5109732 0.536467966666667 0.471945599374582 0.484273724425239
TCGA-2H-A9GH-01 0.584340044602426 0.611949880482555 0.525433233868412 0.657880139064276
TCGA-R6-A6XQ-01 0.689723427272334 0.584340044602426 0.537597966591785 0.486403533333333
TCGA-IG-A3QL-01 0.71744901381292 0.860768033333333 0.689723427272334 0.708083080701371
TCGA-IG-A3I8-01 0.481215131468246 0.708083080701371 0.7122118 0.44428871604507
TCGA-L5-A4OW-01 0.404775566666667 0.5109732 0.538977534292593 0.4220447
TCGA-IG-A4P3-01 0.536467966666667 0.306968833333333 0.409305 0.404775566666667
TCGA-L5-A43C-01 0.329381366666667 0.329381366666667 0.271172066666667 0.366581555224282
TCGA-2H-A9GM-01 0.905712866666667 0.783153902199351 0.556238485820466 0.73680323114586
TCGA-LN-A9FO-01 0.742057664208132 0.664014996791614 0.486403533333333 0.676849560476343
TCGA-L5-A4OJ-01 0.727890613172199 0.647917188156588 0.670178164477521 0.682715185576152
TCGA-2H-A9GJ-01 0.708083080701371 0.727890613172199 0.807646666666667 0.798233666666667
TCGA-R6-A6L4-01 0.760999333333333 0.430177933333333 0.905712866666667 0.750005781475741
TCGA-JY-A6FD-01 0.250201466666667 0.437563728899627 0.567062197668513 0.464461469699248
TCGA-LN-A9FP-01 0.385450966666667 0.334702493421621 0.321337966666667 0.261196933333333
TCGA-L5-A88Z-01 0.601157760431001 0.661586661281975 0.624344324234934 0.742057664208132
TCGA-VR-A8EX-01 0.481215131468246 0.482189240604575 0.676849560476343 0.352343669254616
TCGA-VR-A8EW-01 0.556238485820466 0.516434870812237 0.700348617303451 0.389743742006606
TCGA-IG-A3YA-01 0.344981366666667 0.234081966666667 0.297746909148517 0.300240166666667
TCGA-R6-A8WG-01 0.520907330505071 0.525051828439661 0.541489999717088 0.558131633333333
TCGA-LN-A7HX-01 0.494918374369048 0.494918374369048 0.520907330505071 0.468685933333333
TCGA-L5-A43M-01 0.481215131468246 0.617536133333333 0.536467966666667 0.471045092803243
TCGA-L5-A8NS-01 0.190729207080358 0.366581555224282 0.385450966666667 0.386220883881449
TCGA-IC-A6RF-01 0.306968833333333 0.483848741982087 0.569628720879792 0.556238485820466
TCGA-JY-A6FB-01 0.584340044602426 0.603640529076232 0.63552022234357 0.601157760431001
TCGA-LN-A49W-01 0.494918374369048 0.3203185 0.2788351 0.430177933333333
TCGA-LN-A8I1-01 0.643806274008704 0.595993146700511 0.488390566666667 0.590000670926023
TCGA-Z6-A8JE-01 0.584340044602426 0.563158809483547 0.513825233333333 0.567062197668513
TCGA-ZR-A9CJ-01 0.459549543922409 0.445851031311784 0.4183356 0.414163242391778
TCGA-JY-A939-01 0.344981366666667 0.337280827893599 0.3497364 0.2788351
TCGA-L5-A4OQ-01 0.689723427272334 0.558131633333333 0.468685933333333 0.529792057760456
TCGA-JY-A93D-01 0.529792057760456 0.352343669254616 0.261196933333333 0.3757172
TCGA-LN-A49K-01 0.529792057760456 0.468685933333333 0.504451319838552 0.807646666666667
TCGA-LN-A7HW-01 0.62923571752373 0.590000670926023 0.515757302174752 0.586130515430034
TCGA-LN-A4A3-01 0.404775566666667 0.484273724425239 0.654891306369891 0.445851031311784
TCGA-LN-A49U-01 0.71744901381292 0.829660766666667 0.7085995 0.727890613172199
TCGA-IG-A3YC-01 0.459549543922409 0.271172066666667 0.289235833333333 0.455919074893802
TCGA-JY-A6FA-01 0.750005781475741 0.750005781475741 0.783153902199351 0.783153902199351
TCGA-XP-A8T7-01 0.62923571752373 0.63552022234357 0.590000670926023 0.6653232
TCGA-KH-A6WC-01 0.385450966666667 0.40000449777693 0.661586661281975 0.250201466666667
TCGA-Q9-A6FW-01 0.344981366666667 0.401207033333333 0.515151105634306 0.3497364
TCGA-L7-A56G-01 0.5109732 0.5109732 0.640128940467718 0.829660766666667
TCGA-VR-A8EQ-01 0.4220447 0.473832934134884 0.516434870812237 0.460558985911115
TCGA-R6-A8W8-01 0.661586661281975 0.620639868595345 0.595993146700511 0.596385618242263
TCGA-JY-A93F-01 0.5109732 0.597810984875907 0.7217641 0.643806274008704
TCGA-R6-A6Y0-01 0.363101766666667 0.429796129409524 0.592129508607503 0.363101766666667
TCGA-L5-A891-01 0.563158809483547 0.573534378297191 0.643806274008704 0.522447833333333
TCGA-IG-A50L-01 0.404775566666667 0.3757172 0.476851532548322 0.515151105634306
TCGA-XP-A8T8-01 0.611949880482555 0.62923571752373 0.719231574321456 0.617536133333333
TCGA-R6-A6XG-01 0.674632215132726 0.670461882444382 0.829660766666667 0.654363854653584
TCGA-L5-A8NW-01 0.573534378297191 0.569628720879792 0.436510753378731 0.633662666666667
TCGA-V5-A7RE-01 0.573534378297191 0.624344324234934 0.8057689 0.62923571752373
TCGA-L5-A8NG-01 0.459549543922409 0.471045092803243 0.437563728899627 0.451413966666667
TCGA-L5-A8NM-01 0.306968833333333 0.412861584960101 0.455919074893802 0.412861584960101
TCGA-IG-A8O2-01 0.607609587156789 0.61482352185487 0.607609587156789 0.613453171750315
TCGA-L5-A43I-01 0.62923571752373 0.6653232 0.73680323114586 0.558810466666667
TCGA-JY-A938-01 0.481215131468246 0.436510753378731 0.401207033333333 0.412734174694219
TCGA-L5-A8NU-01 0.344981366666667 0.297746909148517 0.250201466666667 0.3203185
TCGA-L5-A8NE-01 0.611949880482555 0.680536966620068 0.71744901381292 0.760999333333333
TCGA-VR-AA7D-01 0.536467966666667 0.529792057760456 0.410465301872041 0.640128940467718
TCGA-IG-A7DP-01 0.261196933333333 0.190729207080358 0.190729207080358 0.190729207080358
TCGA-LN-A49Y-01 0.860768033333333 0.9332649 0.62923571752373 0.8057689
TCGA-LN-A49O-01 0.661586661281975 0.588155 0.424483266310946 0.675395784053279
TCGA-L5-A4ON-01 0.661586661281975 0.7001207 0.632303166666667 0.647917188156588
TCGA-IC-A6RE-01 0.404775566666667 0.424483266310946 0.459549543922409 0.401207033333333
TCGA-L5-A4OF-01 0.40000449777693 0.5109732 0.692542121602567 0.374783786647572
TCGA-L5-A4OI-01 0.468685933333333 0.905712866666667 0.682715185576152 0.7118515
TCGA-2H-A9GK-01 0.404775566666667 0.414163242391778 0.352343669254616 0.483848741982087
TCGA-LN-A49M-01 0.55102700595373 0.8057689 0.62262841785656 0.603640529076232
TCGA-IG-A3Y9-01 0.404775566666667 0.250201466666667 0.404775566666667 0.306968833333333
TCGA-V5-A7RC-01 0.563158809483547 0.564247386129664 0.674632215132726 0.496193102861425
TCGA-L5-A8NJ-01 0.760999333333333 0.719231574321456 0.798233666666667 0.700348617303451
TCGA-LN-A4A5-01 0.385450966666667 0.300240166666667 0.389743742006606 0.329381366666667
TCGA-LN-A5U5-01 0.682715185576152 0.708083080701371 0.588155 0.755884733333333
TCGA-V5-AASW-01 0.689723427272334 0.674632215132726 0.750005781475741 0.654891306369891
TCGA-L5-A4OX-01 0.536467966666667 0.670178164477521 0.634614937780768 0.536467966666667
TCGA-L5-A4OM-01 0.680536966620068 0.755884733333333 0.728746935791275 0.683815615941416
TCGA-LN-A49R-01 0.755884733333333 0.73680323114586 0.3757172 0.7085995
TCGA-IG-A97I-01 0.595993146700511 0.682715185576152 0.558131633333333 0.905712866666667
TCGA-LN-A49X-01 0.404775566666667 0.261196933333333 0.412734174694219 0.344981366666667
TCGA-IG-A6QS-01 0.643806274008704 0.613453171750315 0.435629842810493 0.670461882444382
TCGA-S8-A6BV-01 0.363101766666667 0.401207033333333 0.440038290756884 0.376025066666667
TCGA-JY-A6FE-01 0.682715185576152 0.546119751145524 0.386609687658058 0.563158809483547
TCGA-LN-A5U7-01 0.798233666666667 0.829660766666667 0.647917188156588 0.7217641
TCGA-IG-A51D-01 0.404775566666667 0.3497364 0.44428871604507 0.379358904391644
TCGA-L5-A43J-01 0.611949880482555 0.7001207 0.5109732 0.624344324234934
TCGA-Z6-A9VB-01 0.829660766666667 0.676849560476343 0.708083080701371 0.541924247900339
TCGA-L5-A8NK-01 0.2788351 0.440038290756884 0.601157760431001 0.435629842810493
TCGA-L5-A8NV-01 0.404775566666667 0.455919074893802 0.40000449777693 0.5109732
TCGA-LN-A4A8-01 0.661586661281975 0.798233666666667 0.613453171750315 0.538977534292593
TCGA-2H-A9GQ-01 0.73680323114586 0.691652201530103 0.755884733333333 0.689723427272334
TCGA-2H-A9GI-01 0.546119751145524 0.538977534292593 0.61482352185487 0.520907330505071
TCGA-R6-A6DN-01 0.8057689 0.829660766666667 0.564247386129664 0.619327733333333
TCGA-R6-A6DQ-01 0.363101766666667 0.385450966666667 0.414988413315326 0.516434870812237
TCGA-LN-A49N-01 0.611949880482555 0.486403533333333 0.366581555224282 0.447090233333333
TCGA-IG-A3YB-01 0.5109732 0.486403533333333 0.412861584960101 0.488586824431934
TCGA-LN-A49S-01 0.2788351 0.3757172 0.617536133333333 0.321337966666667
TCGA-R6-A8W5-01 0.363101766666667 0.414988413315326 0.429796129409524 0.410465301872041
TCGA-LN-A4A6-01 0.44428871604507 0.4183356 0.611949880482555 0.634614937780768
TCGA-LN-A8HZ-01 0.481215131468246 0.499313872735315 0.742057664208132 0.392938575681001
TCGA-VR-A8ET-01 0.601157760431001 0.504451319838552 0.6664491 0.297746909148517
TCGA-LN-A5U6-01 0.71744901381292 0.755884733333333 0.502724726460243 0.9332649
TCGA-LN-A4A9-01 0.674632215132726 0.683815615941416 0.329381366666667 0.575356649756936
TCGA-L5-A8NN-01 0.643806274008704 0.596385618242263 0.622815988300509 0.515757302174752
TCGA-VR-AA7B-01 0.5109732 0.515757302174752 0.580267951444562 0.500094427320052
TCGA-L5-A88Y-01 0.520907330505071 0.459549543922409 0.363101766666667 0.473832934134884
TCGA-LN-A7HY-01 0.556238485820466 0.500094427320052 0.405070566666667 0.504451319838552
TCGA-LN-A7HV-01 0.429796129409524 0.537597966591785 0.654363854653584 0.620639868595345
TCGA-JY-A6FH-01 0.689723427272334 0.692542121602567 0.833211966666667 0.7122118
TCGA-L5-A8NR-01 0.611949880482555 0.601157760431001 0.55102700595373 0.595993146700511
TCGA-L5-A8NL-01 0.4220447 0.386609687658058 0.300240166666667 0.409305
TCGA-V5-AASX-01 0.261196933333333 0.379358904391644 0.522447833333333 0.289235833333333
TCGA-LN-A49V-01 0.708083080701371 0.7217641 0.680536966620068 0.670178164477521
TCGA-IG-A5B8-01 0.363101766666667 0.3203185 0.596385618242263 0.424483266310946
TCGA-VR-A8EU-01 0.44428871604507 0.481215131468246 0.447090233333333 0.502724726460243
TCGA-LN-A4MR-01 0.494918374369048 0.344981366666667 0.386220883881449 0.55102700595373
TCGA-IG-A625-01 0.611949880482555 0.522447833333333 0.574773222011099 0.6664491
TCGA-JY-A93E-01 0.44428871604507 0.471945599374582 0.344981366666667 0.607609587156789
TCGA-LN-A8I0-01 0.573534378297191 0.541489999717088 0.578357 0.499313872735315
TCGA-L5-A4OS-01 0.2788351 0.306968833333333 0.337280827893599 0.337280827893599
TCGA-Z6-A8JD-01 0.306968833333333 0.386220883881449 0.464461469699248 0.316974966666667
TCGA-L5-A4OP-01 0.640128940467718 0.8057689 0.584876253882303 0.592129508607503
TCGA-L5-A88T-01 0.708083080701371 0.476851532548322 0.496193102861425 0.234081966666667
TCGA-VR-AA4D-01 0.584340044602426 0.574773222011099 0.531778072318531 0.569628720879792
TCGA-LN-A7HZ-01 0.643806274008704 0.654891306369891 0.379358904391644 0.860768033333333
TCGA-LN-A4A2-01 0.494918374369048 0.558131633333333 0.573534378297191 0.436510753378731
TCGA-L5-A4OE-01 0.385450966666667 0.632303166666667 0.473832934134884 0.531778072318531
TCGA-VR-AA4G-01 0.44428871604507 0.44428871604507 0.4220447 0.414988413315326
TCGA-R6-A6L6-01 0.2788351 0.389743742006606 0.481215131468246 0.349904033333333
TCGA-R6-A8WC-01 0.846776433333333 0.742057664208132 0.9332649 0.692542121602567
TCGA-2H-A9GF-01 0.661586661281975 0.607609587156789 0.558810466666667 0.574773222011099
TCGA-L5-A4OU-01 0.329381366666667 0.289235833333333 0.334702493421621 0.405070566666667
TCGA-XP-A8T6-01 0.435629842810493 0.496193102861425 0.603640529076232 0.476851532548322
TCGA-LN-A9FQ-01 0.674632215132726 0.556238485820466 0.513395266666667 0.463030064795935
TCGA-VR-A8EP-01 0.546119751145524 0.643806274008704 0.846776433333333 0.7001207
TCGA-Q9-A6FU-01 0.833211966666667 0.708083080701371 0.538096727082004 0.494918374369048
TCGA-L5-A4OR-01 0.597810984875907 0.647917188156588 0.620639868595345 0.580267951444562
TCGA-L5-A43E-01 0.611949880482555 0.617536133333333 0.657880139064276 0.622815988300509
TCGA-RE-A7BO-01 0.536467966666667 0.520907330505071 0.499313872735315 0.538096727082004
TCGA-R6-A6Y2-01 0.481215131468246 0.435629842810493 0.2926418 0.525051828439661
TCGA-VR-A8ER-01 0.62923571752373 0.567062197668513 0.482189240604575 0.537597966591785
TCGA-L5-A8NQ-01 0.329381366666667 0.374783786647572 0.430177933333333 0.2926418
TCGA-V5-A7RC-06 0.468685933333333 0.525433233868412 0.649940066666667 0.541489999717088
TCGA-M9-A5M8-01 0.429796129409524 0.6653232 0.619327733333333 0.584876253882303
TCGA-2H-A9GN-01 0.643806274008704 0.640128940467718 0.584340044602426 0.674632215132726
TCGA-LN-A4MQ-01 0.520907330505071 0.447090233333333 0.860768033333333 0.546119751145524
TCGA-IG-A4QT-01 0.468685933333333 0.401207033333333 0.234081966666667 0.271172066666667
TCGA-VR-AA7I-01 0.494918374369048 0.464461469699248 0.374783786647572 0.513395266666667
TCGA-L5-A4OT-01 0.536467966666667 0.4183356 0.376025066666667 0.471945599374582
TCGA-LN-A4A1-01 0.556238485820466 0.486403533333333 0.494918374369048 0.691652201530103
TCGA-L5-A88W-01 0.459549543922409 0.54689265371071 0.597810984875907 0.632303166666667
TCGA-IG-A97H-01 0.563158809483547 0.538096727082004 0.445851031311784 0.588155
TCGA-L5-A8NT-01 0.536467966666667 0.584876253882303 0.349904033333333 0.833211966666667
TCGA-L7-A6VZ-01 0.661586661281975 0.657880139064276 0.683815615941416 0.649940066666667
TCGA-L5-A88S-01 0.520907330505071 0.410465301872041 0.3203185 0.385450966666667
TCGA-L5-A43H-01 0.2788351 0.289235833333333 0.563158809483547 0.40000449777693
TCGA-LN-A49L-01 0.584340044602426 0.578357 0.488586824431934 0.71744901381292
TCGA-LN-A9FR-01 0.468685933333333 0.463030064795935 0.392938575681001 0.488390566666667
TCGA-IG-A4QS-01 0.689723427272334 0.708083080701371 0.541924247900339 0.440038290756884
TCGA-2H-A9GL-01 0.62923571752373 0.55102700595373 0.414163242391778 0.564247386129664
TCGA-IG-A5S3-01 0.494918374369048 0.447090233333333 0.633662666666667 0.429796129409524
TCGA-L5-A8NH-01 0.573534378297191 0.575356649756936 0.54689265371071 0.573534378297191
TCGA-L5-A4OG-01 0.44428871604507 0.363101766666667 0.471045092803243 0.459549543922409
TCGA-Z6-AAPN-01 0.435629842810493 0.460558985911115 0.451413966666667 0.437563728899627
TCGA-LN-A4A4-01 0.643806274008704 0.647917188156588 0.586130515430034 0.661586661281975
TCGA-VR-A8EO-01 0.563158809483547 0.586130515430034 0.575356649756936 0.611949880482555
TCGA-2H-A9GR-01 0.40000449777693 0.412734174694219 0.484273724425239 0.334702493421621
TCGA-JY-A6F8-01 0.573534378297191 0.62262841785656 0.7118515 0.63552022234357
TCGA-L5-A88V-01 0.8057689 0.675395784053279 0.664014996791614 0.597810984875907
TCGA-V5-A7RB-01 0.468685933333333 0.541924247900339 0.6653232 0.578357
TCGA-V5-AASV-01 0.708083080701371 0.634614937780768 0.483848741982087 0.664014996791614
