abscnseq ascat estimate purbayes
TCGA-FS-A1ZN-01 0.89 0.84 0.930007982211 0.907742890194429
TCGA-D3-A3C7-06 0.63 0.74 0.692672493077 0.7322281
TCGA-WE-A8K1-06 0.43 0.583214246993415 0.705580401762 0.8683686
TCGA-EB-A5UL-06 0.39 0.44 0.800503203521 0.546628210079287
TCGA-D3-A51T-06 0.69 0.78 0.837299186497 0.766653
TCGA-FR-A44A-06 0.29 0.41 0.511262171081 0.3478902
TCGA-D3-A5GL-06 0.75 0.75 0.909753564985 0.821828392919067
TCGA-WE-AAA3-06 0.59 0.605120649704364 0.677416327916 0.8309472
TCGA-EE-A2M6-06 0.82 0.68 0.805167012026 0.772092882978113
TCGA-DA-A1I7-06 0.54 0.54 0.775359380531 0.620040453671244
TCGA-D9-A6E9-06 0.35 0.28 0.540194129341 0.4400618
TCGA-EB-A6QZ-01 0.77 0.85 0.911575436964 0.866777251148964
TCGA-DA-A960-01 0.79 0.760057613245626 0.936317435277 0.849291478623611
TCGA-D3-A51F-06 0.2 0.36 0.337651035448 0.1560159
TCGA-DA-A1IA-06 0.91 0.76 0.929748437091 0.883364995343225
TCGA-EE-A2MF-06 0.73 0.69 0.853810408012 0.8275674
TCGA-FS-A1ZY-06 0.85 0.8 0.944341363108 0.886353140952578
TCGA-EB-A1NK-01 0.51 0.62 0.823304402679 0.66169908912049
TCGA-D3-A2JK-06 0.46 0.64 0.766742464257 0.6327866
TCGA-EB-A553-01 0.74 0.54 0.775770189479 0.681714800586402
TCGA-EB-A41B-01 0.8 0.77 0.924742739611 0.851205877516896
TCGA-EB-A4IQ-01 0.41 0.43 0.932469645128 0.605309024636264
TCGA-D9-A4Z5-01 0.8 0.69 0.829030610421 0.779931859087749
TCGA-FS-A4F8-06 0.23 0.26 0.488192063721 0.3064306
TCGA-EB-A3XE-01 0.44 0.42 0.780352939727 0.545797082395096
TCGA-WE-A8ZR-06 0.733538360532871 0.716197644023278 0.897217086935 0.798552602074506
TCGA-D3-A3C1-06 0.48 0.48 0.806067499299 0.3972467
TCGA-BF-A1PU-01 0.74 0.8 0.931173010715 0.846907473054133
TCGA-RP-A690-06 0.35 0.78 0.912621452133 0.8661985
TCGA-RP-A694-06 0.47 0.66 0.815533776327 0.661290714264502
TCGA-ER-A199-06 0.35 0.22 0.626129240635 0.3276322
TCGA-D3-A8GS-06 0.36 0.453606729783179 0.723163019073 0.4487563
TCGA-EB-A4XL-01 0.94 0.63 0.798838596617 0.78728021193676
TCGA-EE-A3JA-06 0.69 0.73 0.713787021292 0.712121427839468
TCGA-FS-A1Z7-06 0.47 0.59 0.67728788007 0.575662262066277
TCGA-XV-AB01-06 0.49 0.60055521267109 0.740806285435 0.826115
TCGA-GN-A265-06 0.38 0.27 0.436237635922 0.2309091
TCGA-EB-A5VU-01 0.49 0.61 0.88087635364 0.676323034098499
TCGA-D3-A51E-06 0.73 0.72 0.760187376854 0.7106026
TCGA-EE-A2ME-06 0.2 0.183048157992787 0.35047268008 0.1300626
TCGA-EE-A29T-06 0.35 0.35 0.682479667797 0.39956
TCGA-EB-A3XF-01 0.56 0.7 0.81383589078 0.703448973615346
TCGA-EE-A2M7-06 0.48 0.43 0.755549015226 0.8538854
TCGA-D3-A2JP-06 0.63 0.55 0.675058955506 0.6695887
TCGA-ER-A19W-06 0.38 0.24 0.479387612148 0.3428404
TCGA-ER-A3EV-06 0.67 0.64 0.841898605673 0.726439907349175
TCGA-FS-A1ZP-06 0.75 0.78 0.730639280158 0.7571122
TCGA-GN-A4U8-06 0.37 0.52 0.696541835745 0.952814
TCGA-GF-A6C8-06 0.47 0.65 0.78843447423 0.6479662
TCGA-EE-A2A0-06 0.23 0.23 0.428471969971 0.3466816
TCGA-ER-A3ET-06 0.58 0.58 0.681708379181 0.5558345
TCGA-W3-A828-06 0.62 0.553960561246904 0.663400782351 0.6379969
TCGA-ER-A19P-06 0.2 0.235675580017405 0.407292955682 0.242666446269996
TCGA-D9-A3Z3-06 0.57 0.59 0.684806505627 0.5829826
TCGA-FR-A3YO-06 0.34 0.33 0.790420007387 0.9424775
TCGA-FS-A1ZW-06 0.36 0.53 0.695728537342 0.526896908100924
TCGA-D9-A4Z2-01 0.76 0.79 0.8979747753504 0.835083742352124
TCGA-XV-AAZW-01 0.72 0.713656810664078 0.902322783785 0.795613269639256
TCGA-D3-A2JN-06 0.36 0.32 0.65932844553 0.4116338
TCGA-W3-A825-06 0.71 0.595946348081082 0.69537162451 0.659441340305264
TCGA-ER-A19T-01 0.88 0.79 0.953910357923 0.895860618407477
TCGA-YD-A9TB-06 0.58 0.634229865111795 0.737285493352 0.8650119
TCGA-ER-A2ND-06 0.69 0.68 0.861715423786 0.756257589916239
TCGA-RP-A6K9-06 0.47 0.433880763595897 0.741086018518 0.24915
TCGA-EB-A85J-01 0.36 0.482858623077519 0.741746735414 0.528617169200938
TCGA-GN-A26C-01 0.29 0.35 0.559086835664 0.378605225538586
TCGA-EB-A3Y7-01 0.36 0.55 0.897766039955 0.620745712648943
TCGA-W3-AA1V-06 0.69 0.617365593907977 0.748747194498 0.684219936575504
TCGA-EB-A3XC-01 0.59 0.57 0.838675939752 0.673849766687992
TCGA-D9-A3Z1-06 0.34 0.42 0.669204186504 0.3185455
TCGA-EE-A2GH-06 0.2 0.21 0.481417549976 0.4669014
TCGA-ER-A195-06 0.44 0.56 0.549160649389 0.5349994
TCGA-YG-AA3N-01 0.49 0.519480303639294 0.714729438876 0.570982518789416
TCGA-DA-A1I2-06 0.58 0.71 0.818470098543 0.715379219706282
TCGA-D9-A6EG-06 0.81 0.84 0.911541249101 0.8737276
TCGA-EB-A3XD-01 0.2 0.23 0.639508708009 0.339635188287249
TCGA-EB-A4IS-01 0.37 0.41 0.611999702414 0.44860469539056
TCGA-DA-A1I1-06 0.56 0.55 0.659357364172 0.6135045
TCGA-FS-A1ZH-06 0.43 0.46 0.565561088259 0.3763933
TCGA-BF-A5ER-01 0.66 0.61 0.889423840725 0.732245869772032
TCGA-ER-A2NG-06 0.33 0.34 0.619821270693 0.8832195
TCGA-BF-AAP4-01 0.59 0.578421619141318 0.749929231136 0.63916806893739
TCGA-BF-AAP7-01 0.26 0.372639998514596 0.613256424715 0.401112082346913
TCGA-EE-A3AF-06 0.81 0.73 0.739576585722 0.7061764
TCGA-EE-A20I-06 0.79 0.71 0.801531211625 0.7563683
TCGA-EE-A2A5-06 0.75 0.69 0.866226925605 0.780435252683699
TCGA-WE-A8K6-06 0.74 0.705103998618804 0.872355545863 0.785719052151029
TCGA-D3-A2J7-06 0.27 0.44 0.725045901845 0.4053949
TCGA-EE-A29W-06 0.75 0.689357318826229 0.834453181447 0.7702265
TCGA-D3-A1Q4-06 0.36 0.51 0.679460831825 0.4933455
TCGA-BF-A1PV-01 0.83 0.7 0.949254459426 0.844279265500436
TCGA-GN-A4U9-06 0.77 0.78 0.882508486887 0.82775445114079
TCGA-EE-A2MT-06 0.77 0.81 0.920095819002 0.808751
TCGA-EE-A2GK-06 0.32 0.37 0.38549282848 0.321331556872014
TCGA-D3-A3C3-06 0.51 0.53 0.786537329621 0.8528708
TCGA-FR-A729-06 0.45 0.458310998845302 0.632255726183 0.500219546093221
TCGA-EB-A3XB-01 0.4 0.56 0.823998999508 0.605358403557903
TCGA-GF-A2C7-01 0.78 0.75 0.931781331823 0.840456321090867
TCGA-FS-A1ZC-06 0.84 0.8 0.927126182759 0.875929479095303
TCGA-EE-A2MJ-06 0.28 0.27 0.594624576214 0.2664868
TCGA-Z2-A8RT-06 0.78 0.651545764134458 0.746101620259 0.723760854371342
TCGA-BF-AAOU-01 0.5 0.577566930812882 0.813204965975 0.638179333050126
TCGA-D3-A5GO-06 0.67 0.58 0.743962123657 0.661820620587093
TCGA-D3-A8GV-06 0.85 0.790896330913148 0.900931708488 0.9491055
TCGA-D3-A51K-06 0.81 0.73 0.793907555745 0.8913724
TCGA-EE-A2MS-06 0.77 0.72 0.835059865272 0.784687118706876
TCGA-BF-A3DL-01 0.47 0.5 0.854284723255 0.616998485294957
TCGA-FS-A4FB-06 0.85 0.76 0.919400458924 0.8532684
TCGA-EE-A2MG-06 0.28 0.23 0.487513736554 0.2779034
TCGA-ER-A19N-06 0.37 0.4 0.501942234038 0.3547558
TCGA-D3-A51H-06 0.22 0.32688556057123 0.558796546661999 0.348181612500636
TCGA-BF-A1Q0-01 0.45 0.37 0.855055004304 0.561749774722504
TCGA-D3-A3C8-06 0.25 0.42 0.374811779794 0.1891952
TCGA-D9-A148-06 0.62 0.6 0.834114607675 0.692533875205467
TCGA-DA-A95W-06 0.82 0.745070453457707 0.870326292728 0.8546932
TCGA-EB-A97M-01 0.71 0.652179696897567 0.797678831357 0.72449421184464
TCGA-DA-A1I0-06 0.35 0.33 0.725315467994 0.4947055
TCGA-RP-A695-06 0.77 0.6 0.870172444381 0.7310102
TCGA-ER-A197-06 0.49 0.31 0.60748827344 0.2379641
TCGA-EB-A5UM-01 0.64 0.69 0.780269252686 0.709917717229472
TCGA-EE-A2GN-06 0.8 0.69 0.850971629034 0.7922703
TCGA-ER-A19A-06 0.41 0.25388977607471 0.289159021758 0.263737319359481
TCGA-YD-A89C-06 0.75 0.724458397861184 0.94667499326 0.7465733
TCGA-XV-A9W5-01 0.51 0.595564066054501 0.838744343444 0.658999101952215
TCGA-ER-A19Q-06 0.79 0.6 0.616427012293 0.651882838941628
TCGA-EE-A29M-06 0.39 0.29 0.809525710166 0.5515084
TCGA-HR-A2OG-06 0.45 0.421706983215421 0.61052248188 0.3982653
TCGA-GN-A269-01 0.21 0.21 0.511675060576999 0.280537082292207
TCGA-WE-A8ZQ-06 0.64 0.699193395945689 0.933636297992 0.778881442716292
TCGA-GN-A8LN-01 0.86 0.745165499208379 0.858799839486 0.832063716062709
TCGA-FR-A726-01 0.61 0.65 0.908005742208 0.740011754410689
TCGA-EB-A44P-01 0.88 0.74 0.882382399608 0.846316568496342
TCGA-EB-A4P0-01 0.79 0.71 0.842633704976 0.790267967179287
TCGA-3N-A9WB-06 0.87 0.782878076941949 0.953520591766 0.8314266
TCGA-D3-A3C6-06 0.74 0.83 0.888358924887 0.8042105
TCGA-FS-A1YX-06 0.83 0.59 0.806016138508 0.5821754
TCGA-WE-A8JZ-06 0.79 0.742095081394648 0.899181286381 0.8344321
TCGA-D3-A2JO-06 0.38 0.35 0.635219137874 0.4376554
TCGA-D3-A8GI-06 0.71 0.64811984480742 0.790292607056 0.719797620906207
TCGA-EE-A17Y-06 0.58 0.46 0.899484752966 0.65490914298244
TCGA-FS-A1ZS-06 0.66 0.64 0.788417969343 0.700535465661166
TCGA-BF-AAP0-06 0.29 0.301670760855592 0.533347229374 0.2249144
TCGA-D3-A8GN-06 0.29 0.393621393377829 0.696114667439 0.3372939
TCGA-FS-A4F0-06 0.86 0.88 0.958797650502 0.9129297
TCGA-ER-A196-01 0.4 0.32 0.85986222678 0.529416482065013
TCGA-EE-A29L-06 0.62 0.79 0.978759734344 0.826519492586677
TCGA-D3-A1Q1-06 0.59 0.79 0.941764490598 0.801502337852947
TCGA-D3-A2JD-06 0.35 0.35 0.703525486883 0.3882096
TCGA-EE-A3J3-06 0.85 0.57 0.735857733013 0.709908026950858
TCGA-ER-A2NC-06 0.49 0.52 0.64573526261 0.6600622
TCGA-D3-A2J8-06 0.24 0.23 0.544862981338 0.2364456
TCGA-EE-A3JE-06 0.25 0.229759352698111 0.374313828675 0.2174843
TCGA-FS-A1Z3-06 0.82 0.78 0.89654662344 0.832808
TCGA-EB-A6L9-06 0.61 0.384534544012416 0.566725240877 0.1704537
TCGA-ER-A42H-01 0.83 0.71 0.873659869992 0.81581202663235
TCGA-FS-A4F2-06 0.7 0.68 0.856939040235 0.757293625183412
TCGA-ER-A198-06 0.54 0.73 0.783645398943 0.7384962
TCGA-D3-A51N-06 0.46 0.66 0.709300923634 0.5868211
TCGA-FW-A5DY-06 0.2 0.278684355404389 0.597084970015 0.1442075
TCGA-BF-A5EP-01 0.76 0.69 0.906928741282 0.800884748234283
TCGA-EE-A2GP-06 0.58 0.59 0.704626585708 0.62115688516949
TCGA-ER-A2NE-06 0.91 0.85 0.961187189299 0.8747746
TCGA-XV-A9VZ-01 0.32 0.565937628894635 0.921708784802 0.624726115347419
TCGA-GN-A9SD-06 0.4 0.39444925688475 0.601199983553 0.3610837
TCGA-DA-A1IC-06 0.75 0.74 0.825545284967 0.782079943568536
TCGA-WE-A8ZT-06 0.54 0.66966095315976 0.927714361632 0.7769074
TCGA-EB-A431-01 0.62 0.59 0.918895098449 0.724922336414336
TCGA-D3-A2JG-06 0.75 0.73 0.886826737974 0.804437276805497
TCGA-EE-A29C-06 0.41 0.53 0.765412907947 0.5760913
TCGA-FS-A1Z0-06 0.61 0.56 0.704568829456 0.6719039
TCGA-D3-A8GD-06 0.32 0.347847359016962 0.569135661152 0.3136934
TCGA-D3-A2JB-06 0.32 0.339174141111033 0.597955779821 0.2443988
TCGA-ER-A2NH-06 0.35 0.5 0.472862673039 0.4413462
TCGA-D3-A5GS-06 0.67 0.59 0.729573665184 0.7797209
TCGA-D3-A1Q3-06 0.62 0.58 0.760202225969 0.5706445
TCGA-EB-A44R-06 0.53 0.49 0.800450859706 0.547991
TCGA-EE-A29P-06 0.43 0.48 0.564881147011 0.5324566
TCGA-IH-A3EA-01 0.6 0.72 0.868433097036 0.746659147479208
TCGA-EE-A2GT-06 0.49 0.44 0.663195721872 0.4285284
TCGA-BF-AAP1-01 0.85 0.779125550880966 0.927787904908 0.871349992363575
TCGA-EE-A3JH-06 0.23 0.26 0.416935684233 0.2350271
TCGA-FR-A728-01 0.35 0.23 0.672454300375 0.399823042141996
TCGA-EE-A29H-06 0.81 0.76 0.809004817933 0.7794283
TCGA-FS-A1ZE-06 0.9 0.84 0.926845385732 0.8885202
TCGA-FS-A1ZD-06 0.79 0.71 0.841478156328 0.789774693519285
TCGA-EB-A5KH-06 0.84 0.85 0.896406199288 0.8654714
TCGA-GN-A4U7-06 0.85 0.78 0.952168385934 0.8548507
TCGA-EB-A44Q-06 0.62 0.59 0.699923241443 0.4735054
TCGA-EE-A2MQ-06 0.66 0.73 0.806055625708 0.7768185
TCGA-ER-A2NF-06 0.61 0.77 0.84299506627 0.7462598
TCGA-ER-A19J-06 0.79 0.77 0.795063202455 0.792774107132146
TCGA-FR-A7U8-06 0.75 0.746612878113121 0.933077758727 0.8438261
TCGA-ER-A19K-01 0.38 0.56 0.84419571289 0.607829956822942
TCGA-DA-A1IB-06 0.52 0.29719723979888 0.422615471269 0.1359152
TCGA-D9-A1X3-06 0.87 0.807792990212263 0.942046033832 0.9357254
TCGA-D3-A1Q7-06 0.26 0.24 0.462248567829 0.3587023
TCGA-EB-A550-01 0.34 0.47 0.888131144697 0.58006592804076
TCGA-ER-A193-06 0.47 0.6 0.636688746601 0.6086514
TCGA-EE-A20C-06 0.86 0.78 0.943227877233 0.881348521930098
TCGA-FS-A1ZM-06 0.52 0.31 0.600780936325 0.9450941
TCGA-EE-A2GO-06 0.66 0.67 0.912636965593 0.764967699052054
TCGA-D3-A5GR-06 0.29 0.45 0.655557487586 0.445253
TCGA-GF-A769-01 0.81 0.8 0.926195670163 0.866307419983154
TCGA-QB-AA9O-06 0.49 0.546514040351588 0.763912817634 0.60225617114317
TCGA-EE-A185-06 0.81 0.85 0.972966395919 0.9053052
TCGA-BF-A3DN-01 0.58 0.71 0.846990406901 0.727553797481511
TCGA-DA-A3F8-06 0.23 0.25 0.507820439911 0.3587417
TCGA-D3-A5GT-01 0.84 0.65 0.937616273187 0.823375550614515
TCGA-FS-A1ZZ-06 0.92 0.82 0.947274415274 0.9346291
TCGA-EE-A29B-06 0.86 0.82 0.868185868131 0.8962276
TCGA-HR-A2OH-06 0.31 0.349178610459473 0.496017460063 0.4251779
TCGA-EE-A2GD-06 0.24 0.42 0.642454389638 0.3727587
TCGA-ER-A1A1-06 0.2 0.266460034121576 0.463300139675 0.278279070813911
TCGA-EE-A181-06 0.53 0.48 0.726159155712 0.4761487
TCGA-BF-A1PX-01 0.24 0.29 0.581622825291 0.350037757407202
TCGA-ER-A194-01 0.44 0.59 0.700356777739 0.576284926929874
TCGA-DA-A1I5-06 0.46 0.56 0.566862486149 0.5798241
TCGA-EB-A5SF-01 0.56 0.6 0.838772713413 0.676072604401258
TCGA-BF-AAP8-01 0.72 0.700311462312285 0.87804314647 0.780174864311297
TCGA-EB-A57M-01 0.55 0.544810660709271 0.717593337032 0.600285636942619
TCGA-FS-A1YY-06 0.655558379058077 0.68 0.832086772783 0.6782108
TCGA-D3-A51G-06 0.68 0.6 0.81788738473 0.704056590806859
TCGA-EE-A2GS-06 0.75 0.82 0.804193718846 0.8367482
TCGA-D9-A3Z4-01 0.72 0.57 0.761011229113 0.680671061030065
TCGA-EB-A3Y6-01 0.7 0.37 0.795628716188 0.613255967183236
TCGA-EB-A51B-01 0.710574040532908 0.65 0.918293322312 0.775329170925824
TCGA-DA-A3F5-06 0.45 0.41 0.870227673917 0.9138262
TCGA-FR-A2OS-01 0.68 0.55 0.890212785334 0.715919797942299
TCGA-ER-A3PL-06 0.55 0.6 0.804177836327 0.658230002083083
TCGA-EE-A3AB-06 0.46 0.47 0.661295076577 0.520134900917471
TCGA-EB-A5SH-06 0.56 0.71 0.845754254953 0.449053
TCGA-W3-AA1W-06 0.23 0.315147200645211 0.527559621963 0.3382014
TCGA-WE-AA9Y-06 0.33 0.366820726155847 0.659604092178 0.2517288
TCGA-EB-A551-01 0.3 0.29 0.60541500196 0.378643713729655
TCGA-ER-A3ES-06 0.86 0.88 0.972249223232 0.927411
TCGA-D3-A1Q6-06 0.55 0.46 0.88488841748 0.5264964
TCGA-GN-A26D-06 0.83 0.67 0.905163542323 0.6306987
TCGA-EE-A29R-06 0.79 0.63 0.893505384486 0.9691197
TCGA-DA-A3F2-06 0.48 0.33 0.249461308188 0.29725392582617
TCGA-D3-A2JE-06 0.75 0.756051093411644 0.957841883603 0.844656584462664
TCGA-FR-A8YD-06 0.68 0.670868828667809 0.895785554118 0.6896495
TCGA-EE-A2GB-06 0.75 0.71 0.887054269797 0.796930154193036
TCGA-EE-A29D-06 0.9 0.69 0.923977667189 0.851211779514558
TCGA-BF-AAP2-01 0.66 0.663019863329234 0.853417762002 0.737034527674771
TCGA-D3-A2JL-06 0.41 0.39 0.721577177997 0.5136999
TCGA-FR-A7U9-06 0.27 0.371772278307475 0.578197829815 0.435023
TCGA-ER-A19D-06 0.72 0.66 0.602824378719 0.64736433444325
TCGA-3N-A9WC-06 0.54 0.498708210837084 0.648746093011 0.5365549
TCGA-D3-A1Q9-06 0.58 0.62 0.815701323311 0.6238631
TCGA-FS-A1Z4-06 0.54 0.3 0.587696760835 0.2862363
TCGA-D3-A5GU-06 0.637258385867632 0.66 0.788510668515 0.701186280640273
TCGA-EE-A3AG-06 0.81 0.71 0.943200707748 0.839347303066193
TCGA-GN-A267-06 0.57 0.67 0.790795985283 0.685282411385925
TCGA-EB-A44N-01 0.22 0.44262498773128 0.769396093025 0.482073373271542
TCGA-YG-AA3P-06 0.96 0.820157370200007 0.946274522995 0.8881573
TCGA-FR-A69P-06 0.77 0.74 0.846983705874 0.797381346129249
TCGA-D3-A8GP-06 0.9 0.805905115063133 0.940491804762 0.902329608290561
TCGA-GF-A6C9-06 0.23 0.2 0.532089853718 0.2401293
TCGA-W3-AA21-06 0.63 0.715804148247143 0.917197368606 0.8696661
TCGA-EE-A3AH-06 0.86 0.84 0.892034108445 0.9260157
TCGA-D9-A6EC-06 0.9 0.81 0.926284234484 0.897821893270178
TCGA-YD-A9TA-06 0.67 0.60973420020632 0.749269967172 0.675391650788001
TCGA-EB-A3HV-01 0.69 0.73 0.773282370459 0.737518444821399
TCGA-BF-A5EO-01 0.41 0.55 0.798376562849 0.593693675980751
TCGA-GN-A8LL-06 0.87 0.790035786190589 0.912867875088 0.9110268
TCGA-EE-A2GJ-06 0.54 0.68 0.724436676077 0.651532625932312
TCGA-ER-A19T-06 0.55 0.62 0.770725296168 0.4250936
TCGA-ER-A42K-06 0.66 0.76 0.866852571837 0.779642657420699
TCGA-LH-A9QB-06 0.79 0.748337519363204 0.898456037489 0.8577078
TCGA-EE-A180-06 0.86 0.86 0.885908953017 0.887297564263958
TCGA-D3-A8GB-06 0.42 0.351412424536138 0.522219262355 0.293061
TCGA-EE-A29Q-06 0.7 0.73 0.925245451801 0.8095952
TCGA-D3-A3MU-06 0.73 0.82 0.757738348518 0.7186859
TCGA-GF-A4EO-06 0.29 0.4 0.505744322335 0.2662962
TCGA-FS-A1ZK-06 0.86 0.79 0.955007389764 0.836867
TCGA-EE-A2MD-06 0.48 0.6 0.842996885239 0.65327620017128
TCGA-ER-A19G-06 0.57 0.61 0.694872568079 0.621522449628771
TCGA-ER-A19C-06 0.73 0.71 0.839945838322 0.7409924
TCGA-ER-A2NB-01 0.26 0.29 0.719797363867 0.415170772091451
TCGA-DA-A1HW-06 0.49 0.47 0.678481177514 0.5974537
TCGA-D3-A5GN-06 0.5 0.49 0.774603327002 0.588407292360755
TCGA-3N-A9WD-06 0.28 0.447662708503455 0.772613058714 0.4383763
TCGA-EE-A20F-06 0.5 0.63 0.767607792974 0.6436101
TCGA-D3-A51J-06 0.41 0.53 0.59623824671 0.5225681
TCGA-XV-AAZV-01 0.41 0.451392831829171 0.648482917689 0.49221634799707
TCGA-BF-A5ES-01 0.51 0.66 0.780755760584 0.658744680632687
TCGA-EE-A2MI-06 0.62 0.63 0.681110825647 0.5823231
TCGA-EE-A2MM-06 0.87 0.76 0.868732287443 0.8740588
TCGA-EE-A183-06 0.24 0.38 0.663761524705 0.3354515
TCGA-EB-A24D-01 0.72 0.65 0.86435839017 0.755204275962783
TCGA-DA-A3F3-06 0.83 0.89 0.88562822892 0.8684308
TCGA-WE-A8K5-06 0.68 0.65169947011395 0.773320369861 0.7838574
TCGA-D9-A149-06 0.45 0.51 0.75220262557 0.6404336
TCGA-GN-A4U4-06 0.82 0.72 0.929559356525 0.840401239242011
TCGA-EB-A24C-01 0.88 0.55 0.895352527884 0.779612803604367
TCGA-DA-A95V-06 0.65 0.610693315997964 0.765421740255 0.676501192326934
TCGA-D3-A3MO-06 0.82 0.7 0.89986577869 0.9665249
TCGA-QB-A6FS-06 0.69 0.46 0.653693258798 0.4454075
TCGA-GN-A4U5-01 0.34 0.46 0.703440572704 0.497424201965198
TCGA-D3-A51R-06 0.87 0.86 0.975123246302 0.9191355
TCGA-DA-A95Y-06 0.74 0.729743788885507 0.917183538016 0.81422329642444
TCGA-EB-A6QY-01 0.46 0.4 0.918102699231 0.603144519913549
TCGA-BF-AAP6-01 0.8 0.74493456743862 0.901600162828 0.831796565429345
TCGA-FW-A3TU-06 0.68 0.77 0.867392931885 0.7876413
TCGA-WE-A8ZY-06 0.77 0.712042567785163 0.863368883538 0.793745852228671
TCGA-EE-A2M5-06 0.32 0.57 0.786667012771 0.568624881199908
TCGA-FS-A1ZU-06 0.68 0.81 0.899819556885 0.704654
TCGA-GN-A264-06 0.72 0.72 0.820537675354 0.5566574
TCGA-EE-A2MN-06 0.636652692694395 0.67 0.739170864123 0.752971
TCGA-EE-A2GE-06 0.28 0.24 0.431233472234 0.3509924
TCGA-XV-AAZY-01 0.45 0.511457339045124 0.728946635304 0.561701248936312
TCGA-EE-A2GL-06 0.28 0.345039182745278 0.639972213395 0.2478189
TCGA-EE-A2A2-06 0.63 0.61 0.837051592103 0.700664671639366
TCGA-WE-A8ZN-06 0.5 0.462274337530774 0.615080033553 0.4893502
TCGA-EE-A2ML-06 0.52 0.65 0.781310395816 0.6099574
TCGA-D3-A8GR-06 0.77 0.72696631013126 0.905271327848 0.7914089
TCGA-EE-A2GC-06 0.71 0.57 0.67100370635 0.7099437
TCGA-D9-A4Z6-06 0.65 0.687831840575983 0.90317683175 0.7691728
TCGA-D3-A2J6-06 0.87 0.69 0.817863713673 0.719013
TCGA-FS-A1ZT-06 0.45 0.47 0.726395486841 0.6745294
TCGA-EE-A17X-06 0.76 0.84 0.897851704691 0.8807873
TCGA-EE-A2M8-06 0.3 0.25 0.366906097428 0.3071302
TCGA-D3-A8GO-06 0.41 0.475831423974174 0.745045179486 0.4512601
TCGA-EB-A42Y-01 0.82 0.81 0.854018158583 0.84237379192986
TCGA-EE-A2A6-06 0.4 0.55 0.73988790402 0.547898
TCGA-D9-A4Z3-01 0.7 0.76 0.870168856064 0.79335808954711
TCGA-ER-A19F-06 0.73 0.81 0.880841423111 0.867558
TCGA-EE-A2A1-06 0.27 0.34 0.544967016156 0.3016638
TCGA-EE-A3J8-06 0.9 0.79 0.966794030712 0.8950461
TCGA-EB-A44O-01 0.94 0.76 0.925899587683 0.890946869135381
TCGA-FS-A4F9-06 0.8 0.86 0.925219839902 0.851288
TCGA-BF-A9VF-01 0.9 0.808402853757718 0.945036024067 0.905219087182669
TCGA-GN-A8LK-06 0.93 0.834144061011213 0.979110709261 0.9232329
TCGA-EE-A3AE-06 0.7 0.66 0.777873426722 0.715938321379569
TCGA-ER-A19E-06 0.73 0.67 0.84508961074 0.757658134430823
TCGA-FR-A3YN-06 0.71 0.59 0.82259149602 0.711487376029013
TCGA-D9-A1JX-06 0.64 0.72 0.73506146671 0.7895705
TCGA-OD-A75X-06 0.78 0.69 0.891831767335 0.8600979
TCGA-EE-A29N-06 0.23 0.37 0.677842045831 0.3724707
TCGA-D3-A8GL-06 0.85 0.801459062305742 0.968420007051 0.89718624576688
TCGA-GN-A26A-06 0.53 0.47 0.663532517807 0.5262008
TCGA-FR-A8YE-06 0.32 0.285917240665757 0.492264345068 0.1944814
TCGA-EE-A2MK-06 0.74 0.69 0.684228207893 0.699669785032432
TCGA-D3-A3CB-06 0.26 0.26 0.493977647034 0.2906166
TCGA-D3-A2JF-06 0.55 0.61 0.686185405826 0.611664227705047
TCGA-FR-A7UA-06 0.22 0.211308719936974 0.374155885477 0.1804613
TCGA-D9-A1JW-06 0.55 0.56 0.709554918962 0.602629439908138
TCGA-D3-A8GE-06 0.21 0.407486900431087 0.609815246351 0.5780934
TCGA-EE-A3AA-06 0.2 0.360265911805084 0.730607808527 0.2583837
TCGA-EE-A29E-06 0.68 0.76 0.934736857938 0.8290622
TCGA-WE-AAA0-06 0.4 0.547910305310784 0.831283786857 0.603871423425618
TCGA-FS-A1ZJ-06 0.83 0.81 0.893835676441 0.8568412
TCGA-D3-A3ML-06 0.83 0.84 0.974664314368 0.9119712
TCGA-W3-AA1O-06 0.71 0.690212464132803 0.899087999251 0.7256861
TCGA-D3-A8GJ-06 0.31 0.523286480951549 0.601878382441 0.9068217
TCGA-D3-A3CC-06 0.55 0.57 0.828109616519 0.4754907
TCGA-EE-A2GU-06 0.41 0.59 0.79340557142 0.5620888
TCGA-EE-A182-06 0.77 0.61 0.734888591156 0.5745754
TCGA-EB-A41A-01 0.72 0.79 0.915307642246 0.83018293659982
TCGA-D3-A2JC-06 0.61 0.42 0.730894525902 0.5620282
TCGA-EB-A5UN-06 0.27 0.42 0.865651643461 0.849195
TCGA-ER-A19L-06 0.83 0.79 0.826525039367 0.798637
TCGA-FR-A8YC-06 0.46 0.595238929024133 0.874169865145 0.658622971099005
TCGA-DA-A1HV-06 0.59 0.49 0.704556401795 0.586180624499683
TCGA-DA-A1I8-06 0.65 0.6 0.84218983369 0.8364616
TCGA-FW-A3R5-06 0.58615906467365 0.55 0.802239031541 0.649510395288793
TCGA-D3-A1QA-06 0.83 0.76 0.88596666952 0.8767542
TCGA-FS-A1ZA-06 0.86 0.57 0.828013508653 0.7564786
TCGA-EE-A3JD-06 0.2 0.256577567179746 0.51514616826 0.1740674
TCGA-D3-A1Q5-06 0.87 0.8 0.917470547074 0.881032586870413
TCGA-EE-A2GR-06 0.82 0.82 0.952787327085 0.9343658
TCGA-D3-A3MR-06 0.24 0.26 0.579466801664 0.2993212
TCGA-BF-A3DJ-01 0.63 0.75 0.754555285334 0.718678894356445
TCGA-EE-A3J4-06 0.771811325604559 0.83 0.835021170851 0.8690267
TCGA-FS-A1ZF-06 0.86 0.81 0.862529124362 0.8398268
TCGA-WE-A8ZO-06 0.67 0.622989077960155 0.773385008311 0.69072539629557
TCGA-GN-A268-06 0.93 0.86 0.946955435018 0.9159515
TCGA-BF-A3DM-01 0.78 0.72 0.929130224224 0.827918257172969
TCGA-ER-A19M-06 0.35 0.45 0.627458096017 0.464262083252282
TCGA-EE-A2GI-06 0.47 0.58 0.7391892981 0.598284242245188
TCGA-EE-A20H-06 0.88 0.75 0.948758227585 0.878452807923648
TCGA-D3-A8GK-06 0.88 0.816420551738554 0.973234098521 0.9155503
TCGA-W3-A824-06 0.73 0.681383195188419 0.844471496349452 0.7475558
TCGA-EE-A29X-06 0.76 0.5 0.719789828732 0.708886
TCGA-FS-A1ZB-06 0.6 0.47 0.63791251556 0.4977595
TCGA-EE-A29S-06 0.59 0.61 0.75982639755 0.6440922
TCGA-FS-A1YW-06 0.81 0.79 0.875275446571 0.8160636
TCGA-DA-A1I4-06 0.35 0.49 0.615344169833 0.474299463327015
TCGA-BF-A5EQ-01 0.51 0.5 0.7130589017 0.56901265225448
TCGA-EB-A5FP-01 0.72 0.67 0.95578762184 0.801837286758648
TCGA-EE-A184-06 0.79 0.61 0.824652620866 0.7256345
TCGA-D3-A3BZ-06 0.52 0.333510973402684 0.48909062044 0.1773816
TCGA-RP-A693-06 0.35 0.51 0.714043771946 0.452018
TCGA-WE-A8ZX-06 0.63 0.589748570189744 0.74172308745 0.652271515681968
TCGA-WE-A8K4-01 0.34 0.488335382328496 0.766117607903 0.534952892103883
TCGA-D3-A3MV-06 0.59 0.69 0.886593862691 0.739930181737383
TCGA-EE-A3AC-06 0.62 0.76 0.815123245831 0.7894585
TCGA-D3-A1QB-06 0.49 0.43 0.617596685407 0.4114577
TCGA-EE-A3JI-06 0.82 0.79 0.887515653706 0.849068751240586
TCGA-GN-A4U3-06 0.81 0.72 0.915272936982 0.8864445
TCGA-W3-AA1Q-06 0.36 0.54009221640056 0.799688013759 0.6561955
TCGA-WE-AAA4-06 0.21 0.296232269541192 0.492577430729 0.3362197
TCGA-FW-A3TV-06 0.48 0.56 0.817341897806 0.611477
TCGA-ER-A19B-06 0.68 0.69 0.876170415166 0.6460853
TCGA-EB-A6R0-01 0.77 0.68 0.804296940424 0.756346726228017
TCGA-EE-A2MC-06 0.22 0.4 0.55387813702 0.3774931
TCGA-EE-A20B-06 0.56 0.53 0.713466070262 0.6162403
TCGA-FR-A3R1-01 0.51 0.68 0.844684146815 0.693638295855441
TCGA-EB-A5SE-01 0.83 0.82 0.913032604256 0.874442597896996
TCGA-ER-A19S-06 0.2 0.22 0.535521414811 0.2643333
TCGA-GN-A263-01 0.32 0.49 0.750003255891 0.522557076959084
TCGA-DA-A95Z-06 0.76 0.73006801532515 0.903366592253 0.81459837387175
TCGA-ER-A42L-06 0.23 0.268610252802002 0.509008320178 0.1965165
TCGA-EB-A82B-01 0.56 0.571929506549997 0.759728146797 0.631657746765388
TCGA-EB-A299-01 0.47 0.66 0.808203593906 0.658161650059765
TCGA-D3-A8GQ-06 0.41 0.57675314207826 0.876555110809 0.637237911364814
TCGA-FS-A1ZQ-06 0.63 0.73 0.869991096793 0.7125914
TCGA-FS-A4F5-06 0.79 0.7 0.902155095822 0.8108946
TCGA-EE-A3AD-06 0.95 0.77 0.952937221343 0.9610451
TCGA-YG-AA3O-06 0.68 0.665242535424523 0.852916504029 0.7265014
TCGA-FW-A5DX-01 0.94 0.71 0.932135652382 0.874598257871496
TCGA-FW-A3I3-06 0.77 0.67 0.951800288505 0.815509943690686
TCGA-EE-A2GM-06 0.79 0.74 0.90326131492 0.827554691878651
TCGA-D3-A1Q8-06 0.42 0.51 0.650825670613 0.4593388
TCGA-FS-A1ZG-06 0.91 0.84 0.947133286596 0.8435259
TCGA-FS-A4FC-06 0.45 0.58 0.833801197899 0.5505051
TCGA-Z2-AA3V-06 0.29 0.382632881337553 0.593523016063 0.4343355
TCGA-ER-A19O-06 0.37 0.5 0.471987459792 0.423056236108469
TCGA-FS-A1ZR-06 0.67 0.62 0.828365075621 0.7620267
TCGA-EB-A42Z-01 0.745714024543558 0.81 0.83371821769 0.810865646608031
TCGA-Z2-AA3S-06 0.79 0.74492876407725 0.880539437132 0.8693305
TCGA-EE-A3J7-06 0.76 0.78 0.932679913791 0.846096379077018
TCGA-D3-A2JA-06 0.49 0.48 0.584238648973 0.500268488848731
TCGA-D3-A8GM-06 0.49 0.569201527074091 0.805188918841 0.62850191660156
TCGA-EB-A430-01 0.57 0.63 0.885680550614 0.710577664154831
TCGA-D3-A8GC-06 0.82 0.742643533131396 0.883025185971 0.829146210015398
TCGA-EE-A17Z-06 0.91 0.85 0.95239332051 0.8987515
TCGA-ER-A2NF-01 0.34 0.56 0.682888036009 0.52667210880332
TCGA-FS-A4FD-06 0.76 0.76 0.839835255403 0.7945243
TCGA-EB-A85I-01 0.5 0.551273629841784 0.765368686654 0.607762244855698
TCGA-WE-A8ZM-06 0.91 0.763482230575729 0.920097823507 0.7682253
TCGA-HR-A5NC-01 0.71 0.77 0.861114612344 0.796370142597318
TCGA-EE-A2MR-06 0.2 0.2609906996314 0.493757084466 0.2182615
TCGA-EE-A29A-06 0.59 0.69 0.889146643785 0.8211005
TCGA-GF-A3OT-06 0.28 0.3 0.710599025829 0.8498402
TCGA-EB-A5SG-06 0.21 0.240829323454458 0.44114166333 0.2065403
TCGA-EE-A2MU-06 0.35 0.32 0.583410366615 0.4013456
TCGA-EB-A4OZ-01 0.33 0.27 0.651881641624 0.400099710984105
TCGA-EB-A5VV-06 0.72 0.38 0.362291438863 0.7230042
TCGA-EB-A82C-01 0.82 0.77453171462875 0.941040418019 0.866035668285818
TCGA-EE-A2MP-06 0.62 0.56 0.750363429567 0.6235422
TCGA-D3-A3CF-06 0.45 0.43 0.602079215166 0.3358704
TCGA-BF-AAOX-01 0.48 0.636934938006669 0.935621983084 0.70685849633684
TCGA-D3-A2J9-06 0.29 0.26 0.454344111831 0.2125809
TCGA-D3-A2JH-06 0.25 0.337735387837432 0.613885195802 0.2850904
TCGA-DA-A95X-06 0.74 0.694247590503403 0.817383879502 0.8199576
TCGA-GN-A262-06 0.94 0.86 0.979229170446 0.9381713
TCGA-EE-A29V-06 0.56 0.65 0.908327439176 0.6710692
TCGA-EE-A2MH-06 0.55 0.43 0.691886206026 0.9085255
TCGA-EE-A3J5-06 0.41 0.61 0.712386617486 0.579799555140858
TCGA-EB-A4OY-01 0.46 0.53 0.84487106906 0.621311467065369
TCGA-BF-A1PZ-01 0.77 0.78 0.907983284897 0.838628979767476
TCGA-W3-AA1R-06 0.66 0.695238304019416 0.90284367004 0.7865166
TCGA-D9-A6EA-06 0.776419587446379 0.76 0.928877107362 0.841917666696425
TCGA-FS-A4F4-06 0.92 0.56 0.686509767857 0.7810808
TCGA-EE-A29G-06 0.24 0.37 0.790082612053 0.3075114
TCGA-D3-A3CE-06 0.51 0.53 0.670390976855 0.938731
TCGA-XV-A9W2-01 0.52 0.638219909077863 0.909146130332 0.70834499962689
TCGA-DA-A1HY-06 0.56 0.71 0.845246919032 0.720659649535275
TCGA-EE-A3JB-06 0.49 0.49 0.706432623343 0.7715938
TCGA-GN-A266-06 0.47 0.51 0.525272505334 0.480353852658838
TCGA-ER-A19H-06 0.95 0.64 0.728793467443 0.764256842465615
