abscnseq ascat estimate purbayes
TCGA-32-1986-01 0.484187433333333 0.504905766666667 0.471571333333333 0.4599783
TCGA-06-2566-01 0.657227025711824 0.471571333333333 0.6711031 0.889655833333333
TCGA-02-0047-01 0.450941866666667 0.665546066666667 0.593503017491772 0.5541298
TCGA-06-0174-01 0.811357733333333 0.9303682 0.858164333333333 0.852944413114788
TCGA-06-A5U1-01 0.698402133333333 0.61490742671506 0.621465666666667 0.545196666666667
TCGA-74-6577-01 0.508983118935309 0.536573474750301 0.525615240356145 0.519640784475934
TCGA-32-1976-01 0.576482833333333 0.644378666666667 0.657952466666667 0.756562233333333
TCGA-12-1602-01 0.762344533333333 0.679869366666667 0.780365636179198 0.8860411
TCGA-06-2562-01 0.685376981593959 0.6891667 0.6362605 0.657952466666667
TCGA-41-2571-01 0.639793333333333 0.6891667 0.857715133333333 0.6010923
TCGA-12-1088-01 0.621248633333333 0.4599783 0.610404668914439 0.756923033333333
TCGA-28-1752-01 0.73570091693685 0.504905766666667 0.487238462144632 0.2862116
TCGA-19-5950-01 0.720118033333333 0.724462733333333 0.738861366666667 0.728832066666667
TCGA-06-0168-01 0.576482833333333 0.599921766666667 0.4641522 0.5543888
TCGA-06-0646-01 0.698402133333333 0.7381236 0.5633674 0.7295574
TCGA-76-6662-01 0.467555947596143 0.536573474750301 0.461386573325215 0.422126933333333
TCGA-14-0790-01 0.8030838 0.851954256151858 0.890665266666667 0.829787226740465
TCGA-02-0055-01 0.504905766666667 0.4599783 0.225626301545889 0.577509266666667
TCGA-06-0240-01 0.432576366666667 0.653643366666667 0.599921766666667 0.6899881
TCGA-28-5208-01 0.834540066666667 0.766396266666667 0.6899881 0.826642433333333
TCGA-06-0213-01 0.4407076 0.563303198458881 0.520652106358691 0.520849833333333
TCGA-12-0670-01 0.450941866666667 0.8308634 0.698701366666667 0.776706466666667
TCGA-76-6286-01 0.843597729155076 0.868065 0.8308634 0.8200663
TCGA-32-2638-01 0.639793333333333 0.776706466666667 0.7164567 0.689702933333333
TCGA-14-1037-01 0.519640784475934 0.4886598 0.551841281633955 0.6617121
TCGA-14-0787-01 0.751672966666667 0.8030838 0.7474987 0.782546666666667
TCGA-32-2632-01 0.630394766666667 0.697372532673741 0.491214133333333 0.545656366666667
TCGA-14-1794-01 0.720118033333333 0.445398792628176 0.577509266666667 0.576755959678247
TCGA-14-1795-01 0.7119443 0.625306684719087 0.6749362 0.648774697856352
TCGA-74-6575-01 0.476921733333333 0.599921766666667 0.53104716554682 0.524909333333333
TCGA-14-0813-01 0.576482833333333 0.703190266666667 0.6467759645355 0.625306684719087
TCGA-06-5412-01 0.407026695500259 0.340984415375288 0.258016733333333 0.2292327
TCGA-12-0827-01 0.4960465 0.468994445734501 0.445398792628176 0.4123342
TCGA-06-1800-01 0.605075366666667 0.6084521 0.601388133333333 0.593503017491772
TCGA-76-6664-01 0.58327543408797 0.665546066666667 0.615198768459392 0.5883388
TCGA-19-1790-01 0.567383449338342 0.504905766666667 0.527331796194018 0.525615240356145
TCGA-19-1389-02 0.508983118935309 0.587413166666667 0.2862116 0.472651210576274
TCGA-14-3476-01 0.697372532673741 0.6891667 0.7036943 0.675258312412788
TCGA-14-0781-01 0.300973466666667 0.396979766666667 0.450941866666667 0.262306833333333
TCGA-14-1451-01 0.605075366666667 0.724462733333333 0.697372532673741 0.699446666666667
TCGA-19-2620-01 0.484187433333333 0.625306684719087 0.768697066666667 0.487238462144632
TCGA-14-1821-01 0.889655833333333 0.9497097 0.871910733333333 0.9017509304474
TCGA-06-6693-01 0.8816933 0.8030838 0.8353124 0.8256822
TCGA-26-5136-01 0.9303682 0.7381236 0.5684382 0.6449197
TCGA-4W-AA9R-01 0.751672966666667 0.713991875049123 0.745742900245081 0.7292839
TCGA-06-0879-01 0.530988109308801 0.703190266666667 0.640386302280374 0.649060366666667
TCGA-76-6660-01 0.639793333333333 0.635241633333333 0.7292839 0.890665266666667
TCGA-14-1034-02 0.889655833333333 0.8860411 0.9210183 0.908863403417966
TCGA-28-2509-01 0.749278691146252 0.816654 0.760336598539614 0.767222019993919
TCGA-27-1832-01 0.8200663 0.571901507339737 0.456012166666667 0.4211357
TCGA-28-2499-01 0.732095596589954 0.715276680225646 0.7806052 0.73068837534893
TCGA-19-1388-01 0.657227025711824 0.571901507339737 0.5541298 0.456530966666667
TCGA-06-5858-01 0.6749362 0.679869366666667 0.671506133333333 0.657227025711824
TCGA-14-1396-01 0.9497097 0.703190266666667 0.834540066666667 0.83590042851791
TCGA-28-2506-01 0.6749362 0.4886598 0.576755959678247 0.576578357921608
TCGA-06-6697-01 0.3184521 0.258016733333333 0.3309746 0.386532933333333
TCGA-12-0819-01 0.605075366666667 0.635241633333333 0.644378666666667 0.658006666666667
TCGA-06-0139-01 0.125987414882676 0.125987414882676 0.175660366666667 0.225626301545889
TCGA-14-4157-01 0.73570091693685 0.868065 0.811357733333333 0.84572843316737
TCGA-06-A7TK-01 0.504905766666667 0.559824059248329 0.5543888 0.6089475
TCGA-19-1788-01 0.527331796194018 0.4363696 0.472468256803732 0.480178660781709
TCGA-26-1439-01 0.811357733333333 0.599921766666667 0.7119443 0.6705055
TCGA-32-4213-01 0.450941866666667 0.635241633333333 0.364627266666667 0.576981833333333
TCGA-12-0829-01 0.7119443 0.410337866666667 0.545196666666667 0.537631054585929
TCGA-06-6694-01 0.6749362 0.563303198458881 0.665546066666667 0.751672966666667
TCGA-28-1751-01 0.698402133333333 0.382680366666667 0.611686866666667 0.825208433333333
TCGA-12-0826-01 0.551841281633955 0.471571333333333 0.508983118935309 0.490928266666667
TCGA-06-0209-01 0.605075366666667 0.551841281633955 0.514290466666667 0.374984733333333
TCGA-14-1823-01 0.7119443 0.456012166666667 0.4725739 0.59939472472599
TCGA-06-0214-01 0.3184521 0.587413166666667 0.519640784475934 0.547291166666667
TCGA-06-0650-01 0.3184521 0.360292754294351 0.278028733333333 0.2498999
TCGA-19-5956-01 0.639793333333333 0.7903969 0.762344533333333 0.8772417
TCGA-12-0662-01 0.698402133333333 0.665546066666667 0.6914392 0.669131448540773
TCGA-02-2483-01 0.630394766666667 0.551841281633955 0.73068837534893 0.670759533333333
TCGA-19-2621-01 0.786598533333333 0.703190266666667 0.757338336772703 0.747537399505695
TCGA-OX-A56R-01 0.856875366666667 0.794343539037296 0.8200663 0.786665333333333
TCGA-12-1093-01 0.3184521 0.396979766666667 0.497163766666667 0.746631457674773
TCGA-14-2554-01 0.605075366666667 0.7381236 0.587710933333333 0.554984666666667
TCGA-12-3649-01 0.605075366666667 0.703190266666667 0.689702933333333 0.697372532673741
TCGA-06-0152-01 0.786598533333333 0.4599783 0.6617121 0.712260366666667
TCGA-06-0648-01 0.839333966666667 0.7381236 0.803204433333333 0.791094966666667
TCGA-14-0871-01 0.786598533333333 0.84619035220173 0.907371266666667 0.851954256151858
TCGA-41-3392-01 0.825208433333333 0.816654 0.804371666666667 0.7474987
TCGA-14-3477-01 0.698402133333333 0.816654 0.6444359 0.401646083829539
TCGA-28-5204-01 0.772273633333333 0.8308634 0.786598533333333 0.766396266666667
TCGA-16-1045-01 0.407026695500259 0.364627266666667 0.305530466666667 0.527198766666667
TCGA-27-1833-01 0.8200663 0.896345733333333 0.812683433333333 0.756101333333333
TCGA-76-4935-01 0.73570091693685 0.851954256151858 0.786918750330366 0.7829599
TCGA-14-1455-01 0.685376981593959 0.816654 0.7733228 0.8217769
TCGA-19-1387-01 0.786598533333333 0.724462733333333 0.763737151651837 0.757338336772703
TCGA-28-5207-01 0.728832066666667 0.7164567 0.715276680225646 0.679869366666667
TCGA-06-2557-01 0.728832066666667 0.39180432739423 0.4123342 0.61490742671506
TCGA-19-4065-01 0.545196666666667 0.382680366666667 0.407026695500259 0.9094257
TCGA-26-5134-01 0.889655833333333 0.653643366666667 0.829787226740465 0.811357733333333
TCGA-06-1084-01 0.386532933333333 0.471571333333333 0.4517041 0.497683033333333
TCGA-19-5954-01 0.7119443 0.587413166666667 0.6713509 0.6914392
TCGA-06-0171-01 0.530988109308801 0.571901507339737 0.536882 0.5106663
TCGA-19-2619-01 0.843597729155076 0.703190266666667 0.83590042851791 0.716493533333333
TCGA-06-0130-01 0.351206608758723 0.275371659425702 0.1880725 0.3372756
TCGA-26-6174-01 0.3110735 0.275371659425702 0.3372756 0.396979766666667
TCGA-12-1089-01 0.698402133333333 0.7164567 0.720218207071289 0.69030045837496
TCGA-14-0736-01 0.630394766666667 0.524909333333333 0.567383449338342 0.5633674
TCGA-28-5219-01 0.657227025711824 0.703190266666667 0.670044833333333 0.610553966666667
TCGA-19-5960-01 0.86165 0.851954256151858 0.9497097 0.8122302
TCGA-15-1444-01 0.519640784475934 0.524909333333333 0.630892766666667 0.3792301
TCGA-27-2523-01 0.8030838 0.868065 0.8635719 0.858164333333333
TCGA-06-A6S0-01 0.707061066666667 0.700040348127999 0.73570091693685 0.762344533333333
TCGA-28-2513-01 0.1977165 0.175660366666667 0.340984415375288 0.3226118
TCGA-41-4097-01 0.386532933333333 0.587413166666667 0.4960465 0.410337866666667
TCGA-19-2624-01 0.6690209 0.868065 0.9303682 0.8118323
TCGA-32-1979-01 0.6690209 0.410337866666667 0.5369576 0.5647775
TCGA-06-0644-01 0.5541298 0.4363696 0.392638834966169 0.467555947596143
TCGA-06-6389-01 0.630394766666667 0.6084521 0.650063926447816 0.724462733333333
TCGA-32-5222-01 0.7474987 0.653643366666667 0.579434721813243 0.6690209
TCGA-26-6173-01 0.484187433333333 0.524909333333333 0.490928266666667 0.471571333333333
TCGA-06-0154-01 0.630394766666667 0.665546066666667 0.623154243836303 0.572226666666667
TCGA-14-1829-01 0.5684382 0.504905766666667 0.478943833333333 0.555943333333333
TCGA-12-0615-01 0.772273633333333 0.8030838 0.7903969 0.772633
TCGA-14-0740-01 0.877026833333333 0.776706466666667 0.826642433333333 0.829319880178078
TCGA-16-0849-01 0.5541298 0.816654 0.720394333333333 0.7666133
TCGA-76-4934-01 0.751672966666667 0.644378666666667 0.738975966666667 0.790570233333333
TCGA-06-5414-01 0.593503017491772 0.4599783 0.605075366666667 0.605075366666667
TCGA-06-A7TL-01 0.851954256151858 0.715842005480928 0.749278691146252 0.6084521
TCGA-14-0812-01 0.593503017491772 0.4363696 0.545656366666667 0.623154243836303
TCGA-16-0848-01 0.73570091693685 0.541154266666667 0.6449197 0.616771967896046
TCGA-27-1830-01 0.698402133333333 0.599921766666667 0.559824059248329 0.600917498672016
TCGA-06-0195-01 0.707061066666667 0.6084521 0.653643366666667 0.631017865331213
TCGA-15-1446-01 0.305530466666667 0.615198768459392 0.541154266666667 0.636248033333333
TCGA-06-0744-01 0.834540066666667 0.8308634 0.821783 0.804721966666667
TCGA-06-0125-02 0.545196666666667 0.571901507339737 0.6705055 0.58327543408797
TCGA-28-2501-01 0.3184521 0.3301669 0.300973466666667 0.278028733333333
TCGA-06-0745-01 0.889655833333333 0.7381236 0.631017865331213 0.760336598539614
TCGA-12-0773-01 0.5541298 0.8030838 0.707485966666667 0.7381236
TCGA-32-1980-01 0.2498999 0.314699166666667 0.441988162490273 0.1880725
TCGA-32-1977-01 0.374635666666667 0.471571333333333 0.401646083829539 0.360292754294351
TCGA-06-0749-01 0.762344533333333 0.551841281633955 0.636248033333333 0.630801057407841
TCGA-76-6192-01 0.407026695500259 0.551841281633955 0.4599783 0.432576366666667
TCGA-28-5215-01 0.593503017491772 0.766396266666667 0.537631054585929 0.611686866666667
TCGA-06-0743-01 0.6690209 0.776706466666667 0.746631457674773 0.713991875049123
TCGA-06-0241-01 0.86165 0.816654 0.829319880178078 0.812503033333333
TCGA-76-4932-01 0.760336598539614 0.776706466666667 0.816654 0.780836810785415
TCGA-28-1746-01 0.825208433333333 0.776706466666667 0.782172133333333 0.703401
TCGA-06-2564-01 0.508983118935309 0.665546066666667 0.679869366666667 0.639793333333333
TCGA-12-0821-01 0.728832066666667 0.851954256151858 0.84572843316737 0.882653066666667
TCGA-06-1805-01 0.720118033333333 0.625306684719087 0.675876959183154 0.650063926447816
TCGA-06-6388-01 0.772273633333333 0.697372532673741 0.730607766666667 0.657281666666667
TCGA-06-0141-01 0.175660366666667 0.432576366666667 0.3184521 0.175660366666667
TCGA-14-1456-01 0.685376981593959 0.571901507339737 0.630394766666667 0.610404668914439
TCGA-12-3646-01 0.907371266666667 0.7381236 0.8520539 0.9303682
TCGA-32-4209-01 0.6467759645355 0.6084521 0.617154166666667 0.601342872980206
TCGA-06-0122-01 0.593503017491772 0.571901507339737 0.59939472472599 0.608911766666667
TCGA-02-0003-01 0.825208433333333 0.8030838 0.8122302 0.8047646
TCGA-32-1991-01 0.476921733333333 0.635241633333333 0.628314755720615 0.7671402
TCGA-06-0137-01 0.519640784475934 0.851954256151858 0.720395633333333 0.768697066666667
TCGA-06-0142-01 0.593503017491772 0.275371659425702 0.419580237301373 0.445398792628176
TCGA-19-4068-01 0.746631457674773 0.7903969 0.772273633333333 0.758413181774443
TCGA-32-2616-01 0.71673907315168 0.703190266666667 0.766396266666667 0.653234231124049
TCGA-19-2629-01 0.593503017491772 0.541154266666667 0.671050283962674 0.635241633333333
TCGA-26-1442-01 0.6690209 0.514084197472949 0.856875366666667 0.6713509
TCGA-06-0221-02 0.751672966666667 0.7381236 0.9094257 0.811842172159614
TCGA-06-6390-01 0.648774697856352 0.615198768459392 0.572226666666667 0.4629624
TCGA-19-1390-01 0.762344533333333 0.665546066666667 0.9017509304474 0.873085166666667
TCGA-06-0190-02 0.2292327 0.4599783 0.205032177808375 0.351206608758723
TCGA-76-4931-01 0.843597729155076 0.896345733333333 0.8816933 0.804371666666667
TCGA-12-1597-01 0.725399562015599 0.679869366666667 0.790647233333333 0.720218207071289
TCGA-19-5958-01 0.720118033333333 0.665546066666667 0.698402133333333 0.6444359
TCGA-12-0657-01 0.698402133333333 0.776706466666667 0.7725117 0.835438366666667
TCGA-06-0875-01 0.576482833333333 0.644378666666667 0.649060366666667 0.720118033333333
TCGA-06-0939-01 0.843597729155076 0.563303198458881 0.653234231124049 0.509074233333333
TCGA-06-2563-01 0.450941866666667 0.776706466666667 0.7767988 0.703190266666667
TCGA-06-0166-01 0.407026695500259 0.4363696 0.422126933333333 0.4407076
TCGA-12-0616-01 0.728832066666667 0.697372532673741 0.747738009409831 0.6749362
TCGA-06-0185-01 0.657227025711824 0.776706466666667 0.728832066666667 0.707937666666667
TCGA-26-5133-01 0.851954256151858 0.851954256151858 0.8860411 0.8635719
TCGA-27-2524-01 0.834540066666667 0.703190266666667 0.625306684719087 0.617154166666667
TCGA-76-6657-01 0.6617121 0.563303198458881 0.616771967896046 0.621465666666667
TCGA-19-0957-02 0.432576366666667 0.524909333333333 0.69030045837496 0.536573474750301
TCGA-14-1453-01 0.728832066666667 0.776706466666667 0.780984166666667 0.834540066666667
TCGA-06-0192-01 0.648774697856352 0.536573474750301 0.554984666666667 0.514290466666667
TCGA-41-6646-01 0.545196666666667 0.625306684719087 0.6084521 0.630394766666667
TCGA-06-0140-01 0.4960465 0.3301669 0.382680366666667 0.364627266666667
TCGA-RR-A6KA-01 0.467555947596143 0.487238462144632 0.467555947596143 0.476921733333333
TCGA-06-0189-01 0.205032177808375 0.1880725 0.2292327 0.1977165
TCGA-14-1043-01 0.374635666666667 0.514084197472949 0.434130559377052 0.3979135
TCGA-76-6191-01 0.744731426803827 0.7557958 0.766587833333333 0.790647233333333
TCGA-27-2528-01 0.728832066666667 0.703190266666667 0.843597729155076 0.601388133333333
TCGA-06-1802-01 0.811357733333333 0.665546066666667 0.756175766666667 0.738469877412738
TCGA-06-2567-01 0.5541298 0.7164567 0.576981833333333 0.665546066666667
TCGA-06-0158-01 0.5684382 0.703190266666667 0.703279133333333 0.715842005480928
TCGA-06-0132-01 0.450941866666667 0.314699166666667 0.3110735 0.213675
TCGA-41-5651-01 0.86165 0.8308634 0.908863403417966 0.720395633333333
TCGA-32-4210-01 0.9017509304474 0.829787226740465 0.835438366666667 0.790597333333333
TCGA-12-3650-01 0.786598533333333 0.8030838 0.812972433333333 0.7806052
TCGA-06-6698-01 0.6690209 0.653643366666667 0.669077233333333 0.640363294132876
TCGA-28-5211-01 0.351206608758723 0.275371659425702 0.314699166666667 0.3301669
TCGA-76-4929-01 0.780303966666667 0.737659655174279 0.790796833333333 0.745742900245081
TCGA-19-5953-01 0.386532933333333 0.514084197472949 0.441052233333333 0.432765666666667
TCGA-06-0211-02 0.467555947596143 0.4211357 0.445539533333333 0.461386573325215
TCGA-76-6283-01 0.786598533333333 0.766396266666667 0.782546666666667 0.7768511
TCGA-28-2514-01 0.576482833333333 0.7903969 0.8437349 0.7725117
TCGA-14-1825-01 0.8816933 0.8308634 0.873085166666667 0.877026833333333
TCGA-19-5959-01 0.799372777215384 0.8030838 0.8030838 0.790796833333333
TCGA-06-5411-01 0.605075366666667 0.587413166666667 0.738469877412738 0.4725739
TCGA-06-6701-01 0.698402133333333 0.724462733333333 0.7381236 0.7557958
TCGA-12-1600-01 0.86165 0.868065 0.851954256151858 0.852032166666667
TCGA-RR-A6KC-01 0.58327543408797 0.623154243836303 0.630801057407841 0.671506133333333
TCGA-32-2491-01 0.563303198458881 0.471571333333333 0.500037751939409 0.4641522
TCGA-06-0876-01 0.648774697856352 0.724462733333333 0.707937666666667 0.708957744355177
TCGA-28-2510-01 0.407026695500259 0.351206608758723 0.790597333333333 0.305530466666667
TCGA-06-0187-01 0.720118033333333 0.8308634 0.685548466666667 0.732095596589954
TCGA-16-0850-01 0.698402133333333 0.8308634 0.758389633333333 0.747738009409831
TCGA-16-0861-01 0.811357733333333 0.7557958 0.767222019993919 0.707485966666667
TCGA-27-2526-01 0.834540066666667 0.766396266666667 0.720118033333333 0.7119443
TCGA-4W-AA9S-01 0.685376981593959 0.653234231124049 0.675258312412788 0.657554566666667
TCGA-41-2573-01 0.825208433333333 0.563303198458881 0.712260366666667 0.685376981593959
TCGA-28-5209-01 0.8030838 0.7557958 0.84619035220173 0.8263819
TCGA-81-5911-01 0.762344533333333 0.7164567 0.725399562015599 0.621248633333333
TCGA-12-1598-01 0.780303966666667 0.8860411 0.799372777215384 0.747505433333333
TCGA-06-A5U0-01 0.8200663 0.799372777215384 0.820189133333333 0.857715133333333
TCGA-19-1787-01 0.907371266666667 0.514084197472949 0.707061066666667 0.700040348127999
TCGA-06-0165-01 0.374635666666667 0.724462733333333 0.576578357921608 0.571901507339737
TCGA-74-6573-01 0.6690209 0.703190266666667 0.707589 0.698701366666667
TCGA-06-5418-01 0.751672966666667 0.7557958 0.657227025711824 0.628314755720615
TCGA-76-6282-01 0.484187433333333 0.551841281633955 0.510469713831333 0.4886598
TCGA-28-5220-01 0.745742900245081 0.8308634 0.732095596589954 0.772777066666667
TCGA-06-2558-01 0.73570091693685 0.7381236 0.720785466666667 0.720338135989541
TCGA-32-4211-01 0.6690209 0.571901507339737 0.584008833333333 0.504905766666667
TCGA-06-1806-01 0.262306833333333 0.3226118 0.332831733333333 0.407026695500259
TCGA-12-0692-01 0.605075366666667 0.776706466666667 0.703401 0.675243848961171
TCGA-26-5139-01 0.386532933333333 0.7381236 0.7295574 0.675451466666667
TCGA-19-5952-01 0.519640784475934 0.4211357 0.505388266666667 0.576482833333333
TCGA-06-0184-01 0.8030838 0.514084197472949 0.432576366666667 0.4517041
TCGA-06-0169-01 0.751672966666667 0.504905766666667 0.555943333333333 0.434130559377052
TCGA-74-6581-01 0.762344533333333 0.8308634 0.8047646 0.8122387
TCGA-06-6700-01 0.3110735 0.4886598 0.386532933333333 0.332831733333333
TCGA-87-5896-01 0.7474987 0.766396266666667 0.756562233333333 0.7036943
TCGA-06-1801-01 0.685376981593959 0.504905766666667 0.589791472497664 0.579434721813243
TCGA-19-1791-01 0.877026833333333 0.896345733333333 0.852944413114788 0.86165
TCGA-28-6450-01 0.648774697856352 0.703190266666667 0.6690209 0.610738
TCGA-26-1799-01 0.780303966666667 0.776706466666667 0.7299834 0.559824059248329
TCGA-28-5216-01 0.720118033333333 0.868065 0.715842005480928 0.74754683601845
TCGA-19-A6J5-01 0.907371266666667 0.894194672454486 0.864522833333333 0.894194672454486
TCGA-06-0219-01 0.4960465 0.6084521 0.6891667 0.531585233333333
TCGA-12-1599-01 0.450941866666667 0.665546066666667 0.576482833333333 0.584008833333333
TCGA-06-5410-01 0.175660366666667 0.205032177808375 0.1977165 0.125987414882676
TCGA-06-0173-01 0.530988109308801 0.916248633333333 0.720338135989541 0.703213466666667
TCGA-32-2634-01 0.780303966666667 0.851954256151858 0.862606366666667 0.871910733333333
TCGA-74-6584-01 0.6617121 0.644378666666667 0.621248633333333 0.536882
TCGA-12-5295-01 0.8030838 0.665546066666667 0.608911766666667 0.644378666666667
TCGA-27-2518-01 0.563303198458881 0.625306684719087 0.563303198458881 0.505388266666667
TCGA-74-6578-01 0.58327543408797 0.665546066666667 0.640554933333333 0.6362605
TCGA-12-0818-01 0.530988109308801 0.665546066666667 0.703213466666667 0.877304833333333
TCGA-26-5135-01 0.916248633333333 0.766396266666667 0.650112785887976 0.7037151
TCGA-08-0386-01 0.7119443 0.763737151651837 0.862547233333333 0.780365636179198
TCGA-28-5213-01 0.351206608758723 0.4886598 0.2498999 0.382680366666667
TCGA-06-A6S1-01 0.508983118935309 0.523690273484082 0.5158805 0.4960465
TCGA-27-2521-01 0.786598533333333 0.851954256151858 0.882653066666667 0.812683433333333
TCGA-06-2569-01 0.7474987 0.7381236 0.877026833333333 0.794343539037296
TCGA-02-2466-01 0.811357733333333 0.896345733333333 0.820612 0.803204433333333
TCGA-06-0881-01 0.205032177808375 0.419580237301373 0.39180432739423 0.441052233333333
TCGA-06-6695-01 0.811357733333333 0.7557958 0.7829599 0.758389633333333
TCGA-28-2502-01 0.432576366666667 0.456012166666667 0.410337866666667 0.374635666666667
TCGA-19-2623-01 0.9210183 0.653643366666667 0.756101333333333 0.587413166666667
TCGA-14-1034-01 0.707061066666667 0.524909333333333 0.594387566666667 0.564254933333333
TCGA-76-4926-01 0.811357733333333 0.7557958 0.839333966666667 0.685548466666667
TCGA-12-5301-01 0.7474987 0.8308634 0.790570233333333 0.7903969
TCGA-06-0128-01 0.484187433333333 0.7164567 0.699446666666667 0.857295666666667
TCGA-06-5408-01 0.780303966666667 0.7381236 0.811842172159614 0.8030838
TCGA-76-6280-01 0.6690209 0.7557958 0.713991875049123 0.670044833333333
TCGA-28-1750-01 0.621248633333333 0.514084197472949 0.675451466666667 0.907371266666667
TCGA-28-1753-01 0.648774697856352 0.571901507339737 0.396979766666667 0.530988109308801
TCGA-12-0822-01 0.275371659425702 0.445398792628176 0.3792301 0.356309
TCGA-12-3648-01 0.8816933 0.916248633333333 0.86165 0.8728069
TCGA-27-1836-01 0.519640784475934 0.644378666666667 0.587413166666667 0.578168501369276
TCGA-19-A6J4-01 0.530988109308801 0.500037751939409 0.480178660781709 0.4363696
TCGA-19-1389-01 0.698402133333333 0.364627266666667 0.509074233333333 0.508983118935309
TCGA-06-1804-01 0.86165 0.776706466666667 0.812503033333333 0.71673907315168
TCGA-19-5955-01 0.205032177808375 0.213675 0.262306833333333 0.3309746
TCGA-28-1747-01 0.386532933333333 0.7164567 0.658006666666667 0.640554933333333
TCGA-02-0033-01 0.605075366666667 0.225626301545889 0.356459666666667 0.3110735
TCGA-06-0152-02 0.605075366666667 0.6891667 0.514084197472949 0.589637018664682
TCGA-27-2519-01 0.7119443 0.679869366666667 0.484187433333333 0.600692433333333
TCGA-12-1092-01 0.432576366666667 0.587413166666667 0.472651210576274 0.419580237301373
TCGA-12-0778-01 0.508983118935309 0.599921766666667 0.545710262943625 0.545710262943625
TCGA-16-0846-01 0.576482833333333 0.4886598 0.610738 0.821783
TCGA-12-0707-01 0.728832066666667 0.766396266666667 0.7557958 0.73570091693685
TCGA-19-1386-01 0.508983118935309 0.816654 0.669131448540773 0.640386302280374
TCGA-06-0649-01 0.467555947596143 0.571901507339737 0.427414966002943 0.545337266666667
TCGA-41-3393-01 0.3184521 0.625306684719087 0.4886598 0.450941866666667
TCGA-06-0171-02 0.351206608758723 0.1880725 0.125987414882676 0.275371659425702
TCGA-76-6663-01 0.450941866666667 0.3792301 0.4211357 0.491214133333333
TCGA-02-2486-01 0.593503017491772 0.635241633333333 0.611516295749264 0.599921766666667
TCGA-12-0618-01 0.851954256151858 0.868065 0.896345733333333 0.9210183
TCGA-16-1460-01 0.508983118935309 0.644378666666667 0.708957744355177 0.9497097
TCGA-76-4927-01 0.628314755720615 0.59939472472599 0.578168501369276 0.588124097982081
TCGA-06-5413-01 0.58327543408797 0.635241633333333 0.505275133333333 0.5684382
TCGA-27-1831-01 0.4407076 0.644378666666667 0.5106663 0.527331796194018
TCGA-14-0786-01 0.786598533333333 0.868065 0.806225190464725 0.766587833333333
TCGA-14-0789-01 0.2498999 0.351206608758723 0.4407076 0.39180432739423
TCGA-32-1970-01 0.780303966666667 0.665546066666667 0.830204699534084 0.653643366666667
TCGA-28-5218-01 0.877026833333333 0.524909333333333 0.213675 0.526236232037177
TCGA-12-0688-01 0.4407076 0.766396266666667 0.648774697856352 0.715276680225646
TCGA-06-0237-01 0.825208433333333 0.8030838 0.8130495 0.8130495
TCGA-76-6285-01 0.772273633333333 0.8030838 0.7671402 0.707589
TCGA-32-4719-01 0.58327543408797 0.615198768459392 0.640363294132876 0.698402133333333
TCGA-06-0882-01 0.467555947596143 0.504905766666667 0.531585233333333 0.427414966002943
TCGA-28-1760-01 0.427414966002943 0.3301669 0.374984733333333 0.392638834966169
TCGA-06-0145-01 0.720118033333333 0.724462733333333 0.737659655174279 0.703279133333333
TCGA-06-0750-01 0.351206608758723 0.665546066666667 0.524909333333333 0.551841281633955
TCGA-06-5417-01 0.806225190464725 0.830204699534084 0.8772417 0.843597729155076
TCGA-14-0866-01 0.685376981593959 0.697372532673741 0.7037151 0.675876959183154
TCGA-26-A7UX-01 0.8200663 0.84572843316737 0.839455833333333 0.916248633333333
TCGA-19-4065-02 0.374635666666667 0.258016733333333 0.530988109308801 0.413598221116176
TCGA-06-0747-01 0.786598533333333 0.8860411 0.889655833333333 0.8351356
TCGA-19-2625-01 0.843597729155076 0.599921766666667 0.8122387 0.497163766666667
TCGA-06-0645-01 0.630394766666667 0.6084521 0.275371659425702 0.567383449338342
TCGA-06-0188-01 0.648774697856352 0.536573474750301 0.670759533333333 0.8308634
TCGA-06-0216-01 0.605075366666667 0.851954256151858 0.716493533333333 0.669077233333333
TCGA-4W-AA9T-01 0.407026695500259 0.434130559377052 0.3979135 0.3703709
TCGA-14-0736-02 0.593503017491772 0.432576366666667 0.368871833333333 0.472468256803732
TCGA-06-1087-01 0.834540066666667 0.8030838 0.58327543408797 0.205032177808375
TCGA-06-0155-01 0.751672966666667 0.7381236 0.747505433333333 0.698499866666667
TCGA-06-0210-01 0.621248633333333 0.275371659425702 0.5647775 0.356459666666667
TCGA-12-0619-01 0.605075366666667 0.599921766666667 0.545337266666667 0.896345733333333
TCGA-76-4925-01 0.856875366666667 0.816654 0.877304833333333 0.8353124
TCGA-27-1835-01 0.751672966666667 0.766396266666667 0.894194672454486 0.720394333333333
TCGA-14-1458-01 0.4960465 0.39180432739423 0.413598221116176 0.441988162490273
TCGA-16-1048-01 0.5684382 0.615198768459392 0.547291166666667 0.478943833333333
TCGA-28-5214-01 0.351206608758723 0.665546066666667 0.5883388 0.6818640715624
TCGA-19-5947-01 0.4407076 0.541154266666667 0.468994445734501 0.445539533333333
TCGA-32-2494-01 0.621248633333333 0.541154266666667 0.536573474750301 0.456012166666667
TCGA-02-2485-01 0.772273633333333 0.7903969 0.844046133333333 0.786598533333333
TCGA-28-1757-01 0.530988109308801 0.524909333333333 0.526236232037177 0.520652106358691
TCGA-06-5415-01 0.811357733333333 0.724462733333333 0.852032166666667 0.730607766666667
TCGA-06-0119-01 0.519640784475934 0.401646083829539 0.351206608758723 0.258016733333333
TCGA-28-1749-01 0.780303966666667 0.851954256151858 0.804721966666667 0.782172133333333
TCGA-14-1395-01 0.86165 0.724462733333333 0.8217769 0.862547233333333
TCGA-06-0129-01 0.772273633333333 0.653643366666667 0.730515 0.868065
TCGA-12-3644-01 0.7119443 0.776706466666667 0.74754683601845 0.730714592058743
TCGA-19-1385-01 0.519640784475934 0.225626301545889 0.527198766666667 0.8816933
TCGA-32-4208-01 0.811357733333333 0.8030838 0.786665333333333 0.720785466666667
TCGA-27-2527-01 0.545196666666667 0.364627266666667 0.374635666666667 0.300973466666667
TCGA-41-2575-01 0.728832066666667 0.766396266666667 0.772633 0.816654
TCGA-06-0126-01 0.685376981593959 0.4211357 0.600917498672016 0.707061066666667
TCGA-15-0742-01 0.871910733333333 0.896345733333333 0.8728069 0.856875366666667
TCGA-76-6661-01 0.6749362 0.766396266666667 0.724462733333333 0.675896933333333
TCGA-12-0775-01 0.4407076 0.2498999 0.476921733333333 0.7767988
TCGA-14-0865-01 0.73570091693685 0.8030838 0.791094966666667 0.84619035220173
TCGA-06-0157-01 0.751672966666667 0.7381236 0.685376981593959 0.738861366666667
TCGA-12-0820-01 0.450941866666667 0.816654 0.657281666666667 0.6891667
TCGA-06-0686-01 0.605075366666667 0.6084521 0.7916982 0.6467759645355
TCGA-19-2631-01 0.825208433333333 0.7381236 0.780836810785415 0.744731426803827
TCGA-06-0125-01 0.772273633333333 0.6891667 0.857295666666667 0.763737151651837
TCGA-12-3652-01 0.839333966666667 0.7164567 0.868065 0.820189133333333
TCGA-06-0167-01 0.6818640715624 0.665546066666667 0.675896933333333 0.650112785887976
TCGA-12-0691-01 0.786598533333333 0.6084521 0.756923033333333 0.862606366666667
TCGA-12-0772-01 0.559824059248329 0.471571333333333 0.520849833333333 0.510469713831333
TCGA-06-2570-01 0.751672966666667 0.8030838 0.6818640715624 0.864522833333333
TCGA-12-0656-01 0.657227025711824 0.615198768459392 0.635241633333333 0.611516295749264
TCGA-06-2561-01 0.856875366666667 0.587413166666667 0.589637018664682 0.671050283962674
TCGA-02-2470-01 0.504905766666667 0.4886598 0.497683033333333 0.500037751939409
TCGA-41-2572-01 0.476921733333333 0.7557958 0.730714592058743 0.7299834
TCGA-06-6391-01 0.275371659425702 0.3301669 0.3226118 0.340984415375288
TCGA-14-1450-01 0.6690209 0.635241633333333 0.600692433333333 0.484187433333333
TCGA-12-3653-01 0.708957744355177 0.816654 0.7768511 0.5158805
TCGA-27-1834-01 0.563303198458881 0.541154266666667 0.610553966666667 0.563303198458881
TCGA-12-5299-01 0.825208433333333 0.653643366666667 0.71673907315168 0.830204699534084
TCGA-14-0862-01 0.467555947596143 0.445398792628176 0.504905766666667 0.587710933333333
TCGA-06-0221-01 0.786598533333333 0.724462733333333 0.758413181774443 0.738975966666667
TCGA-06-0178-01 0.545196666666667 0.275371659425702 0.657554566666667 0.737659655174279
TCGA-32-2495-01 0.6749362 0.7557958 0.747537399505695 0.7916982
TCGA-81-5910-01 0.762344533333333 0.7903969 0.776706466666667 0.756878066666667
TCGA-12-3651-01 0.58327543408797 0.445398792628176 0.523690273484082 0.514084197472949
TCGA-06-0878-01 0.630394766666667 0.697372532673741 0.571901507339737 0.615198768459392
TCGA-06-0877-01 0.639793333333333 0.7164567 0.675243848961171 0.630892766666667
TCGA-76-6656-01 0.6749362 0.776706466666667 0.751672966666667 0.780984166666667
TCGA-06-2559-01 0.871910733333333 0.851954256151858 0.780303966666667 0.756175766666667
TCGA-27-1837-01 0.58327543408797 0.7557958 0.756878066666667 0.725399562015599
TCGA-06-0151-01 0.530988109308801 0.571901507339737 0.595534333333333 0.6711031
TCGA-28-1755-01 0.8200663 0.851954256151858 0.825208433333333 0.839455833333333
TCGA-06-5859-01 0.58327543408797 0.724462733333333 0.639793333333333 0.595534333333333
TCGA-06-5856-01 0.639793333333333 0.587413166666667 0.703190266666667 0.812972433333333
TCGA-41-3915-01 0.593503017491772 0.587413166666667 0.456530966666667 0.541154266666667
TCGA-06-0210-02 0.563303198458881 0.644378666666667 0.360292754294351 0.523690273484082
TCGA-26-5132-01 0.762344533333333 0.73570091693685 0.7666133 0.772273633333333
TCGA-27-1838-01 0.825208433333333 0.7557958 0.794343539037296 0.786918750330366
TCGA-19-A60I-01 0.856875366666667 0.829319880178078 0.8351356 0.844046133333333
TCGA-19-1789-01 0.7474987 0.8308634 0.772777066666667 0.730515
TCGA-19-0957-01 0.576482833333333 0.665546066666667 0.700040348127999 0.820612
TCGA-06-0238-01 0.3184521 0.571901507339737 0.6089475 0.7164567
TCGA-19-1786-01 0.6749362 0.7903969 0.744731426803827 0.749278691146252
TCGA-06-0190-01 0.407026695500259 0.364627266666667 0.3703709 0.468994445734501
TCGA-14-0867-01 0.6690209 0.541154266666667 0.601342872980206 0.589791472497664
TCGA-12-0828-01 0.530988109308801 0.7164567 0.698499866666667 0.806225190464725
TCGA-14-0817-01 0.707061066666667 0.471571333333333 0.432765666666667 0.53104716554682
TCGA-76-4928-01 0.351206608758723 0.524909333333333 0.61490742671506 0.368871833333333
TCGA-14-1827-01 0.593503017491772 0.563303198458881 0.588124097982081 0.594387566666667
TCGA-06-0124-01 0.519640784475934 0.351206608758723 0.4363696 0.505275133333333
TCGA-32-1982-01 0.811357733333333 0.364627266666667 0.4629624 0.5369576
TCGA-32-2615-01 0.871910733333333 0.8030838 0.6010923 0.780303966666667
TCGA-19-5951-01 0.780303966666667 0.7903969 0.8118323 0.8520539
TCGA-06-6699-01 0.851954256151858 0.851954256151858 0.8263819 0.799372777215384
TCGA-06-0211-01 0.639793333333333 0.8030838 0.564254933333333 0.7733228
TCGA-76-6193-01 0.275371659425702 0.410337866666667 0.3301669 0.314699166666667
TCGA-RR-A6KB-01 0.386532933333333 0.407026695500259 0.356309 0.3184521
TCGA-06-5416-01 0.772273633333333 0.471571333333333 0.916248633333333 0.8437349
TCGA-06-2565-01 0.762344533333333 0.868065 0.8256822 0.839333966666667
