abscnseq ascat estimate purbayes
TCGA-D1-A103-01 0.4160819 0.562484 0.508772533333333 0.534632167303039
TCGA-EY-A1GH-01 0.3529126 0.534632167303039 0.520901723446803 0.615100335827478
TCGA-EC-A24G-01 0.2948623 0.5474712 0.459619433333333 0.472176866666667
TCGA-B5-A11F-01 0.591777808617534 0.872067233333333 0.712222866666667 0.69282954968149
TCGA-B5-A11E-01 0.6734391 0.795913266666667 0.708336566666667 0.660267907674935
TCGA-EY-A1G8-01 0.520743706154802 0.925554866666667 0.730205362594036 0.780216166666667
TCGA-B5-A0K7-01 0.542011333333333 0.593931390176987 0.5957526 0.664211847464174
TCGA-D1-A3DG-01 0.907736266666667 0.857579133333333 0.929380166666667 0.8829782
TCGA-AX-A3G1-01 0.632591514788188 0.516493333333333 0.429962966666667 0.7839329
TCGA-A5-A0GA-01 0.472176866666667 0.495011933333333 0.4494448 0.4160819
TCGA-AP-A0LM-01 0.182993366666667 0.305712533333333 0.3322144 0.400648911400644
TCGA-QS-A8F1-01 0.787858066666667 0.618892278776862 0.677060233333333 0.4452473
TCGA-D1-A174-01 0.390327366666667 0.426293566666667 0.4452473 0.535812466666667
TCGA-D1-A0ZS-01 0.7553375 0.535812466666667 0.627428466666667 0.607899942546306
TCGA-EO-A22S-01 0.5122318 0.349301266666667 0.5083192 0.756038933333333
TCGA-D1-A1O0-01 0.8671507 0.7516817 0.824637366666667 0.862953366666667
TCGA-AX-A2IO-01 0.703506166666667 0.535812466666667 0.597965483636701 0.59264946994348
TCGA-QS-A5YR-01 0.579921333333333 0.525964833333333 0.3216275 0.463730140551477
TCGA-EY-A1GX-01 0.8671507 0.9121492 0.862953366666667 0.842868242396428
TCGA-AP-A0LN-01 0.472176866666667 0.569134602166016 0.558845928446054 0.637847751575776
TCGA-D1-A165-01 0.472176866666667 0.535812466666667 0.521475973360525 0.566731366666667
TCGA-EO-A3AY-01 0.374786533333333 0.7074081 0.366978366666667 0.5753924
TCGA-A5-A1OF-01 0.642081356936237 0.374786533333333 0.486171010148412 0.508372716057975
TCGA-AX-A1CC-01 0.711988566666667 0.182993366666667 0.332173433333333 0.204181166666667
TCGA-EO-A22T-01 0.2526302 0.3829299 0.346482999388199 0.3176284
TCGA-D1-A16J-01 0.800569433333333 0.484674433333333 0.627344177694386 0.597965483636701
TCGA-AX-A3FX-01 0.735702666666667 0.595042933333333 0.570668644262773 0.420244
TCGA-FI-A2D5-01 0.332173433333333 0.463730140551477 0.416496066666667 0.449435433333333
TCGA-FI-A2D6-01 0.542011333333333 0.872067233333333 0.727853332246397 0.824637366666667
TCGA-FI-A2CY-01 0.739168533333333 0.742528533333333 0.7304168 0.703962233333333
TCGA-AJ-A23O-01 0.552922931369725 0.612613033333333 0.516493333333333 0.416496066666667
TCGA-PG-A916-01 0.579921333333333 0.651932818871335 0.748174766666667 0.739168533333333
TCGA-BG-A0M8-01 0.542011333333333 0.3573124 0.426293566666667 0.483505874614245
TCGA-D1-A168-01 0.6263675 0.556599433333333 0.608375150450296 0.711988566666667
TCGA-BG-A0VV-01 0.739168533333333 0.574259733333333 0.735788049031211 0.966616433333333
TCGA-D1-A17D-01 0.390327366666667 0.53296949654923 0.513056766666667 0.591777808617534
TCGA-AX-A2H4-01 0.60214194849946 0.484674433333333 0.234446366666667 0.4441718
TCGA-D1-A17Q-01 0.6263675 0.2458018 0.520743706154802 0.838609941309898
TCGA-BG-A0MQ-01 0.499641433333333 0.610448650397492 0.612218828929697 0.775129266666667
TCGA-EY-A1GJ-01 0.907736266666667 0.8313125 0.824286666666667 0.6994541
TCGA-AP-A05A-01 0.8671507 0.8391586 0.835248966666667 0.787858066666667
TCGA-EO-A3KU-01 0.800569433333333 0.644887566666667 0.852408566666667 0.462587240262861
TCGA-EY-A4KR-01 0.552922931369725 0.562484 0.291192866666667 0.2458018
TCGA-5B-A90C-01 0.8313125 0.727853332246397 0.8685878 0.576902683552448
TCGA-EY-A547-01 0.9393965 0.8391586 0.883435366666667 0.8391586
TCGA-AX-A3G3-01 0.8969717 0.562484 0.2730735 0.4722843
TCGA-A5-A0G3-01 0.721095233333333 0.804144933333333 0.731418666666667 0.691263174211056
TCGA-BS-A0TJ-01 0.579921333333333 0.637847751575776 0.646729433333333 0.780047833333333
TCGA-B5-A11I-01 0.768492933333333 0.5083192 0.626548566666667 0.6174626
TCGA-AX-A1CE-01 0.579921333333333 0.305712533333333 0.407426968758957 0.475841751277655
TCGA-DF-A2KZ-01 0.454458833333333 0.556599433333333 0.382966 0.454458833333333
TCGA-AX-A3FS-01 0.668985730109134 0.742528533333333 0.699471033333333 0.759723866666667
TCGA-BS-A0T9-01 0.3529126 0.3573124 0.374786533333333 0.390327366666667
TCGA-AX-A2H8-01 0.711988566666667 0.535812466666667 0.572589679637078 0.502210442809136
TCGA-AJ-A3BG-01 0.711988566666667 0.804144933333333 0.872644966666667 0.730205362594036
TCGA-EY-A212-01 0.824255133333333 0.7295795 0.811969766666667 0.897902033333333
TCGA-D1-A2G0-01 0.616788233333333 0.7074081 0.770320466666667 0.559676339040415
TCGA-AP-A1E4-01 0.6263675 0.663351591608097 0.686256444823669 0.835248966666667
TCGA-AX-A0IW-01 0.811266966666667 0.795913266666667 0.730371166666667 0.556599433333333
TCGA-A5-A1OH-01 0.907736266666667 0.691474916934341 0.8829782 0.3593242
TCGA-EC-A1QX-01 0.3529126 0.525964833333333 0.4116354 0.358968566666667
TCGA-D1-A17M-01 0.566594766666667 0.595042933333333 0.6224293 0.760423733333333
TCGA-AX-A1CA-01 0.759385266666667 0.584712166666667 0.656310066666667 0.627344177694386
TCGA-AX-A062-01 0.691263174211056 0.892206266666667 0.795917133333333 0.893148066666667
TCGA-BS-A0V4-01 0.53296949654923 0.7516817 0.557812133333333 0.6171697
TCGA-BS-A0V7-01 0.494124350715637 0.7074081 0.1918314 0.2269134
TCGA-AP-A0LO-01 0.579921333333333 0.552922931369725 0.5378161 0.516751766666667
TCGA-AJ-A3BD-01 0.711988566666667 0.572589679637078 0.591777808617534 0.449108166666667
TCGA-BG-A186-01 0.703506166666667 0.7295795 0.712433466666667 0.699832866666667
TCGA-A5-A0GQ-01 0.2526302 0.364049133333333 0.358023566666667 0.3643363
TCGA-H5-A2HR-01 0.8969717 0.612613033333333 0.569134602166016 0.558597284778406
TCGA-B5-A1N2-01 0.615100335827478 0.676856366666667 0.552922931369725 0.416142
TCGA-EY-A2OO-01 0.6263675 0.925554866666667 0.872910133333333 0.677646233333333
TCGA-AP-A0LF-01 0.494124350715637 0.3829299 0.420255666666667 0.480308985659882
TCGA-A5-A0G1-01 0.234446366666667 0.420244 0.400648911400644 0.460158946440274
TCGA-A5-A7WK-01 0.851348066666667 0.815898652432831 0.872067233333333 0.887449766666667
TCGA-BK-A139-01 0.616788233333333 0.426293566666667 0.4377635 0.627242766666667
TCGA-D1-A0ZV-01 0.4335035 0.5474712 0.482003326932251 0.450092833333333
TCGA-DI-A1NO-01 0.929380166666667 0.780047833333333 0.842868242396428 0.796397949767096
TCGA-AP-A1DR-01 0.552922931369725 0.607899942546306 0.606637966666667 0.6990562
TCGA-AX-A06J-01 0.642081356936237 0.644887566666667 0.6276288 0.628810561216413
TCGA-AX-A0IU-01 0.689276551035783 0.6951515 0.680980766666667 0.651932818871335
TCGA-D1-A169-01 0.60214194849946 0.605990433333333 0.562685533333333 0.523788320717974
TCGA-BG-A0MU-01 0.787858066666667 0.8313125 0.7845 0.735788049031211
TCGA-B5-A0JV-01 0.472176866666667 0.963019833333333 0.7357093 0.8078052
TCGA-B5-A0K4-01 0.7839329 0.8391586 0.7960981 0.789072333333333
TCGA-AJ-A3EK-01 0.405072433333333 0.400648911400644 0.3643363 0.4456898
TCGA-PG-A7D5-01 0.795913266666667 0.694661871811114 0.861902766666667 0.537450633333333
TCGA-A5-A1OJ-01 0.2948623 0.315567433333333 0.305712533333333 0.2526302
TCGA-D1-A163-01 0.552922931369725 0.7516817 0.669550966666667 0.712222866666667
TCGA-B5-A11Q-01 0.9393965 0.857579133333333 0.8819537 0.912938733333333
TCGA-AX-A1CN-01 0.660116066666667 0.804144933333333 0.7553375 0.878372066666667
TCGA-AP-A1DM-01 0.552922931369725 0.54645322329415 0.534632167303039 0.527156866666667
TCGA-BG-A0MT-01 0.739168533333333 0.7295795 0.728975556874303 0.7074081
TCGA-BG-A0M6-01 0.800569433333333 0.6353084 0.788625966666667 0.963019833333333
TCGA-AX-A06F-01 0.735702666666667 0.963019833333333 0.796107566666667 0.712605033333333
TCGA-BG-A0LX-01 0.4160819 0.8391586 0.651932818871335 0.691474916934341
TCGA-A5-A0VQ-01 0.520743706154802 0.449108166666667 0.562484 0.770831466666667
TCGA-AX-A064-01 0.591777808617534 0.60214194849946 0.596981216830179 0.6366266
TCGA-EY-A2ON-01 0.703506166666667 0.574259733333333 0.6989996 0.567488833333333
TCGA-D1-A3DA-01 0.7553375 0.780047833333333 0.804144933333333 0.712842366666667
TCGA-AJ-A3BF-01 0.759385266666667 0.742528533333333 0.8316699 0.851348066666667
TCGA-BS-A0TC-01 0.542011333333333 0.622169633333333 0.616788233333333 0.727853332246397
TCGA-JU-AAVI-01 0.727853332246397 0.558845928446054 0.305841733333333 0.644887566666667
TCGA-DI-A1NN-01 0.651076582057027 0.535812466666667 0.586105233333333 0.608375150450296
TCGA-A5-AB3J-01 0.3529126 0.37979537136786 0.2948623 0.2581572
TCGA-AX-A0IZ-01 0.4335035 0.364049133333333 0.405958666666667 0.467450411729447
TCGA-EY-A215-01 0.60214194849946 0.795913266666667 0.7074081 0.755427533333333
TCGA-AX-A05Y-01 0.542011333333333 0.651076582057027 0.669859779754956 0.872986
TCGA-EY-A2OQ-01 0.727853332246397 0.7074081 0.730146966666667 0.6224293
TCGA-BG-A18C-01 0.759385266666667 0.780047833333333 0.743561066666667 0.686256444823669
TCGA-BK-A0CA-01 0.2730735 0.332173433333333 0.787858066666667 0.5378161
TCGA-AJ-A6NU-01 0.642081356936237 0.474383657718956 0.454458833333333 0.286955733333333
TCGA-AP-A05N-01 0.494124350715637 0.892206266666667 0.684654545045295 0.684654545045295
TCGA-AP-A3K1-01 0.775129266666667 0.612613033333333 0.7172327 0.567573866666667
TCGA-D1-A17N-01 0.520743706154802 0.2730735 0.385013833333333 0.443587366666667
TCGA-BG-A221-01 0.405072433333333 0.3829299 0.376953466666667 0.358023566666667
TCGA-D1-A1NU-01 0.811266966666667 0.795913266666667 0.800671766666667 0.816115366666667
TCGA-D1-A0ZO-01 0.374786533333333 0.669426233333333 0.53296949654923 0.516821133333333
TCGA-SJ-A6ZJ-01 0.390327366666667 0.558597284778406 0.669543466666667 0.564519799384095
TCGA-B5-A11W-01 0.632591514788188 0.804144933333333 0.7295795 0.7960981
TCGA-AP-A0LJ-01 0.566594766666667 0.466951566666667 0.4868064 0.468453833333333
TCGA-A5-A0GI-01 0.520743706154802 0.632591514788188 0.6366266 0.824255133333333
TCGA-EY-A1GW-01 0.907736266666667 0.6951515 0.775129266666667 0.652866252469331
TCGA-BG-A0MA-01 0.454458833333333 0.549308073332964 0.5377478 0.5963749
TCGA-AP-A0LV-01 0.711988566666667 0.652866252469331 0.677503666666667 0.656310066666667
TCGA-DF-A2KS-01 0.721095233333333 0.584712166666667 0.628983602373244 0.609489680074006
TCGA-A5-A0R8-01 0.4160819 0.495011933333333 0.420632866666667 0.383450433333333
TCGA-D1-A1NY-01 0.472176866666667 0.716842967152794 0.618892278776862 0.6734391
TCGA-AX-A1C5-01 0.390327366666667 0.872067233333333 0.605990433333333 0.544153565280605
TCGA-AX-A06H-01 0.454458833333333 0.483875664518209 0.457274279823007 0.457274279823007
TCGA-B5-A11S-01 0.6989013 0.605990433333333 0.644887566666667 0.651076582057027
TCGA-AX-A2HH-01 0.579921333333333 0.904305566666667 0.780047833333333 0.944721866666667
TCGA-EY-A3L3-01 0.9484433 0.7516817 0.842619566666667 0.796102401452567
TCGA-EY-A1GO-01 0.8313125 0.7516817 0.966616433333333 0.405072433333333
TCGA-AX-A3G9-01 0.60214194849946 0.768492933333333 0.9393965 0.721229333333333
TCGA-EY-A1GU-01 0.651076582057027 0.795913266666667 0.7130237 0.748174766666667
TCGA-AJ-A3EJ-01 0.632591514788188 0.484674433333333 0.393875258255917 0.524624017408917
TCGA-BS-A0U5-01 0.691263174211056 0.562484 0.628810561216413 0.6698145
TCGA-BG-A0VX-01 0.632591514788188 0.2458018 0.412159933333333 0.495915733333333
TCGA-FI-A2D4-01 0.642081356936237 0.7074081 0.703962233333333 0.800671766666667
TCGA-EO-A2CH-01 0.929380166666667 0.6951515 0.7516817 0.569134602166016
TCGA-AX-A3GB-01 0.520743706154802 0.495011933333333 0.4441718 0.318185633333333
TCGA-A5-A0R7-01 0.552922931369725 0.644887566666667 0.561942236141265 0.5083192
TCGA-D1-A179-01 0.846822866666667 0.8391586 0.820413633333333 0.7689333
TCGA-AX-A1CR-01 0.775129266666667 0.584712166666667 0.6990562 0.71357470062048
TCGA-B5-A0JR-01 0.579921333333333 0.580427341980499 0.543020174374539 0.616788233333333
TCGA-AP-A0LQ-01 0.60214194849946 0.595042933333333 0.580427341980499 0.575748466300501
TCGA-AJ-A2QO-01 0.4335035 0.443587366666667 0.811266966666667 0.646729433333333
TCGA-AJ-A3NH-01 0.747173566666667 0.655821833333333 0.893148066666667 0.704483789914252
TCGA-AJ-A2QL-01 0.680980766666667 0.6353084 0.635427666666667 0.610448650397492
TCGA-QS-A744-01 0.542011333333333 0.682114388722492 0.933179966666667 0.646257666666667
TCGA-D1-A16O-01 0.691263174211056 0.605990433333333 0.664211847464174 0.730882866666667
TCGA-AX-A3FW-01 0.851348066666667 0.816115366666667 0.912938733333333 0.872845733333333
TCGA-B5-A1MY-01 0.7839329 0.622169633333333 0.682114388722492 0.612218828929697
TCGA-B5-A0JU-01 0.53296949654923 0.3829299 0.5474712 0.8316699
TCGA-EO-A1Y7-01 0.861860466666667 0.768492933333333 0.846822866666667 0.811266966666667
TCGA-B5-A3FA-01 0.4335035 0.7295795 0.795913266666667 0.620905846589203
TCGA-D1-A0ZP-01 0.739168533333333 0.7074081 0.6989013 0.61119954502455
TCGA-A5-A2K4-01 0.5122318 0.449108166666667 0.646257666666667 0.332173433333333
TCGA-A5-A2K7-01 0.591777808617534 0.3829299 0.622169633333333 0.846822866666667
TCGA-PG-A914-01 0.835248966666667 0.686256444823669 0.699832866666667 0.587697184895202
TCGA-AX-A05U-01 0.768492933333333 0.728975556874303 0.768650633333333 0.846928133333333
TCGA-D1-A17L-01 0.6989013 0.516493333333333 0.587985566702574 0.583308483940536
TCGA-BG-A18A-01 0.552922931369725 0.556599433333333 0.535812466666667 0.521244633333333
TCGA-D1-A1O8-01 0.332173433333333 0.5083192 0.416142 0.396301366666667
TCGA-DI-A1BY-01 0.499641433333333 0.655821833333333 0.581575274498462 0.595675633333333
TCGA-AP-A054-01 0.768492933333333 0.892206266666667 0.776661066666667 0.698907433333333
TCGA-D1-A1NX-01 0.775129266666667 0.6951515 0.71357470062048 0.6560653
TCGA-AP-A1DP-01 0.747173566666667 0.892206266666667 0.8078052 0.853100866666667
TCGA-D1-A1O7-01 0.332173433333333 0.6951515 0.564519799384095 0.5957526
TCGA-A5-A3LO-01 0.651076582057027 0.338471266666667 0.815898652432831 0.9484433
TCGA-B5-A11V-01 0.4335035 0.609489680074006 0.609749971444029 0.842619566666667
TCGA-EC-A1NJ-01 0.5122318 0.449108166666667 0.467450411729447 0.484674433333333
TCGA-D1-A15Z-01 0.472176866666667 0.610166002070366 0.610448650397492 0.804144933333333
TCGA-EO-A22Y-01 0.747173566666667 0.6353084 0.807514366666667 0.669859779754956
TCGA-AJ-A5DV-01 0.3529126 0.261597933333333 0.652866252469331 0.580872802466535
TCGA-B5-A11N-01 0.4160819 0.484674433333333 0.439449233333333 0.429962966666667
TCGA-FI-A2D2-01 0.7839329 0.605990433333333 0.612867033333333 0.482003326932251
TCGA-D1-A17K-01 0.887106266666667 0.795913266666667 0.861860466666667 0.914784766666667
TCGA-AX-A2IN-01 0.566594766666667 0.5083192 0.333719366666667 0.557793833333333
TCGA-DI-A1C3-01 0.4335035 0.562484 0.2526302 0.234446366666667
TCGA-AP-A0LP-01 0.60214194849946 0.2458018 0.483875664518209 0.682942267252711
TCGA-D1-A2G6-01 0.4335035 0.556599433333333 0.462587240262861 0.410416311984939
TCGA-AJ-A3I9-01 0.811266966666667 0.8313125 0.872845733333333 0.815898652432831
TCGA-AP-A1E3-01 0.499641433333333 0.2730735 0.338471266666667 0.3216275
TCGA-AX-A0J0-01 0.552922931369725 0.364049133333333 0.443587366666667 0.486171010148412
TCGA-EY-A1G7-01 0.851348066666667 0.933179966666667 0.846928133333333 0.730146966666667
TCGA-BS-A0UF-01 0.332173433333333 0.494668839145066 0.472176866666667 0.53296949654923
TCGA-A5-A0GD-01 0.374786533333333 0.556599433333333 0.495011933333333 0.521475973360525
TCGA-D1-A3JP-01 0.566594766666667 0.420244 0.3593242 0.311224633333333
TCGA-FI-A2D0-01 0.499641433333333 0.420244 0.516751766666667 0.682114388722492
TCGA-AJ-A3EM-01 0.787858066666667 0.622169633333333 0.963019833333333 0.4494448
TCGA-BG-A0M2-01 0.6989013 0.7516817 0.712842366666667 0.710669646732167
TCGA-AX-A1CJ-01 0.552922931369725 0.768492933333333 0.663351591608097 0.686975566666667
TCGA-BK-A0CB-01 0.6734391 0.332173433333333 0.499641433333333 0.594385520788415
TCGA-B5-A11J-01 0.520743706154802 0.516493333333333 0.573388568788354 0.7128096
TCGA-EY-A549-01 0.566594766666667 0.655254182624173 0.800722533333333 0.703506166666667
TCGA-A5-A0GN-01 0.759385266666667 0.676856366666667 0.660267907674935 0.5475075
TCGA-EO-A2CG-01 0.651076582057027 0.420244 0.4722843 0.4377635
TCGA-BG-A0VW-01 0.390327366666667 0.669426233333333 0.557793833333333 0.573388568788354
TCGA-A5-A0GV-01 0.642081356936237 0.682942267252711 0.7123314 0.872067233333333
TCGA-BG-A0LW-01 0.711988566666667 0.951814933333333 0.838609941309898 0.925554866666667
TCGA-AX-A2HG-01 0.4160819 0.555103034429969 0.542495486011974 0.6276288
TCGA-AX-A060-01 0.651076582057027 0.684654545045295 0.7128096 0.872910133333333
TCGA-4E-A92E-01 0.60214194849946 0.559676339040415 0.458166833333333 0.6076125
TCGA-BG-A0MK-01 0.499641433333333 0.7074081 0.645438233333333 0.6276512
TCGA-BG-A0YV-01 0.846822866666667 0.768492933333333 0.851348066666667 0.9393965
TCGA-EY-A1GS-01 0.703506166666667 0.676856366666667 0.556599433333333 0.333982766666667
TCGA-A5-A0G9-01 0.579921333333333 0.872067233333333 0.6810753 0.609749971444029
TCGA-QS-A5YQ-01 0.6263675 0.2988604 0.450092833333333 0.755709133333333
TCGA-D1-A16B-01 0.374786533333333 0.2269134 0.367904333333333 0.501270833333333
TCGA-FI-A2F8-01 0.660116066666667 0.420244 0.449108166666667 0.3751021
TCGA-A5-A0GR-01 0.8819537 0.495011933333333 0.5756194 0.353804866666667
TCGA-B5-A5OD-01 0.824255133333333 0.6353084 0.494124350715637 0.466029038289376
TCGA-B5-A11O-01 0.204181166666667 0.2269134 0.2995393 0.2948623
TCGA-A5-A3LP-01 0.691263174211056 0.495011933333333 0.721095233333333 0.4456737
TCGA-B5-A0K1-01 0.454458833333333 0.605417881490064 0.6063379 0.788625966666667
TCGA-AP-A051-01 0.4335035 0.495011933333333 0.477280878349589 0.485991933333333
TCGA-BS-A0TA-01 0.2526302 0.396301366666667 0.358968566666667 0.338471266666667
TCGA-D1-A16R-01 0.53296949654923 0.716842967152794 0.6353084 0.663351591608097
TCGA-AX-A05T-01 0.680980766666667 0.878372066666667 0.755427533333333 0.7604569
TCGA-AX-A05W-01 0.4335035 0.544153565280605 0.480308985659882 0.643437672488181
TCGA-AX-A2H5-01 0.8671507 0.857579133333333 0.857579133333333 0.8671507
TCGA-FI-A2F4-01 0.552922931369725 0.591777808617534 0.594385520788415 0.643742974681696
TCGA-A5-A0RA-01 0.591777808617534 0.544683980380596 0.527156866666667 0.494668839145066
TCGA-AJ-A3IA-01 0.60214194849946 0.495011933333333 0.333982766666667 0.4449025
TCGA-BG-A0M0-01 0.6734391 0.664211847464174 0.689276551035783 0.759385266666667
TCGA-D1-A17C-01 0.3529126 0.443587366666667 0.537450633333333 0.811969766666667
TCGA-B5-A11L-01 0.454458833333333 0.443587366666667 0.463730140551477 0.514993746296184
TCGA-AP-A1DH-01 0.566594766666667 0.286955733333333 0.410416311984939 0.499641433333333
TCGA-B5-A0K8-01 0.759385266666667 0.622169633333333 0.593931390176987 0.406122733333333
TCGA-AP-A053-01 0.887106266666667 0.857579133333333 0.852080866666667 0.819951066666667
TCGA-B5-A1MR-01 0.405072433333333 0.410416311984939 0.353804866666667 0.262171266666667
TCGA-EY-A1GC-01 0.711988566666667 0.495011933333333 0.514993746296184 0.386316866666667
TCGA-A5-A0GE-01 0.60214194849946 0.4116354 0.4220668 0.37979537136786
TCGA-A5-A0GW-01 0.405072433333333 0.462587240262861 0.4160819 0.407426968758957
TCGA-PG-A5BC-01 0.775129266666667 0.644887566666667 0.800569433333333 0.605990433333333
TCGA-AX-A2HF-01 0.8819537 0.816115366666667 0.824255133333333 0.7516817
TCGA-DI-A2QU-01 0.819951066666667 0.768492933333333 0.775872966666667 0.7295795
TCGA-D1-A17H-01 0.454458833333333 0.5083192 0.501568533333333 0.557812133333333
TCGA-AP-A05D-01 0.966616433333333 0.574259733333333 0.756038933333333 0.689276551035783
TCGA-AJ-A3BK-01 0.405072433333333 0.514993746296184 0.3751021 0.653842131355009
TCGA-EO-A3KX-01 0.4160819 0.654217846866757 0.897902033333333 0.6810753
TCGA-E6-A2P9-01 0.668985730109134 0.8391586 0.788384468969716 0.6353084
TCGA-AJ-A3BH-01 0.454458833333333 0.574259733333333 0.567984733333333 0.426376466666667
TCGA-BS-A0V8-01 0.680980766666667 0.516493333333333 0.576173066666667 0.575535228422272
TCGA-A5-A2K3-01 0.234446366666667 0.3573124 0.182993366666667 0.274693366666667
TCGA-B5-A1MX-01 0.472176866666667 0.4116354 0.495915733333333 0.655254182624173
TCGA-AX-A2H7-01 0.499641433333333 0.523788320717974 0.500932766666667 0.508772533333333
TCGA-AX-A06L-01 0.711988566666667 0.595042933333333 0.653842131355009 0.677557333333333
TCGA-B5-A11X-01 0.576902683552448 0.458166833333333 0.501270833333333 0.527411499094155
TCGA-A5-A0GX-01 0.711988566666667 0.2458018 0.405072433333333 0.374786533333333
TCGA-BS-A0TI-01 0.727853332246397 0.595042933333333 0.636692166666667 0.6067622
TCGA-D1-A17U-01 0.405072433333333 0.655821833333333 0.559676339040415 0.586105233333333
TCGA-EO-A1Y5-01 0.795913266666667 0.7295795 0.677557333333333 0.4862125
TCGA-PG-A6IB-01 0.494124350715637 0.427982020253801 0.2529891 0.542011333333333
TCGA-AJ-A8CW-01 0.591777808617534 0.59264946994348 0.662105661008657 0.561942236141265
TCGA-D1-A176-01 0.566594766666667 0.780047833333333 0.660251060959601 0.654217846866757
TCGA-D1-A177-01 0.520743706154802 0.628983602373244 0.6356114 0.820413633333333
TCGA-B5-A11M-01 0.452947757079888 0.315567433333333 0.390327366666667 0.450331897034877
TCGA-EY-A1GQ-01 0.552922931369725 0.587697184895202 0.586619543987893 0.636692166666667
TCGA-AJ-A3OL-01 0.6263675 0.857579133333333 0.760777 0.907736266666667
TCGA-DF-A2KV-01 0.311224633333333 0.286955733333333 0.524624017408917 0.4546933
TCGA-D1-A17B-01 0.1918314 0.400648911400644 0.334746433333333 0.2988604
TCGA-BG-A0YU-01 0.787858066666667 0.768492933333333 0.755804904309325 0.7130237
TCGA-D1-A16E-01 0.591777808617534 0.484674433333333 0.525964833333333 0.542495486011974
TCGA-EY-A1GI-01 0.472176866666667 0.586619543987893 0.584712166666667 0.712685366666667
TCGA-B5-A11Z-01 0.8313125 0.857579133333333 0.8313125 0.852408566666667
TCGA-DF-A2KN-01 0.3529126 0.407426968758957 0.278451866666667 0.385013833333333
TCGA-B5-A121-01 0.7553375 0.429962966666667 0.59264946994348 0.610166002070366
TCGA-BS-A0WQ-01 0.542011333333333 0.668985730109134 0.6951515 0.915046
TCGA-BG-A0M9-01 0.499641433333333 0.768492933333333 0.660116066666667 0.735718366666667
TCGA-EY-A5W2-01 0.5122318 0.587985566702574 0.548010666666667 0.731418666666667
TCGA-AX-A1C8-01 0.6989013 0.655821833333333 0.583506242240421 0.439449233333333
TCGA-AX-A3FZ-01 0.861860466666667 0.795913266666667 0.892206266666667 0.807686828417927
TCGA-D1-A1NS-01 0.3529126 0.3573124 0.3660057 0.346482999388199
TCGA-AX-A2HA-01 0.579921333333333 0.612218828929697 0.6171697 0.7039977
TCGA-AP-A0LI-01 0.579921333333333 0.420244 0.606286533333333 0.933179966666667
TCGA-AX-A2H2-01 0.564519799384095 0.574259733333333 0.4957947 0.3921745
TCGA-B5-A0K6-01 0.642081356936237 0.7516817 0.595675633333333 0.445297133333333
TCGA-B5-A0K0-01 0.668985730109134 0.61119954502455 0.612613033333333 0.604094481233508
TCGA-A5-A0GB-01 0.542011333333333 0.878372066666667 0.722232366666667 0.7964294
TCGA-AP-A05H-01 0.8671507 0.8313125 0.8313156 0.788384468969716
TCGA-AJ-A23M-01 0.6734391 0.7074081 0.576902683552448 0.406639133333333
TCGA-AJ-A8CV-01 0.454458833333333 0.482003326932251 0.487623334187856 0.412159933333333
TCGA-BG-A0MG-01 0.711988566666667 0.804144933333333 0.735718366666667 0.722231733333333
TCGA-EY-A2OM-01 0.591777808617534 0.904305566666667 0.7128028 0.676856366666667
TCGA-AP-A1DK-01 0.311224633333333 0.525964833333333 0.445297133333333 0.459619433333333
TCGA-BG-A0M3-01 0.552922931369725 0.642081356936237 0.651076582057027 0.831731433333333
TCGA-EY-A72D-01 0.851348066666667 0.838609941309898 0.872986 0.951814933333333
TCGA-AX-A3G6-01 0.768492933333333 0.7516817 0.7964294 0.516493333333333
TCGA-AP-A1DV-01 0.5122318 0.4116354 0.449435433333333 0.487878836314619
TCGA-EO-A1Y8-01 0.811266966666667 0.7295795 0.796397949767096 0.8737126
TCGA-BG-A0W1-01 0.651076582057027 0.780047833333333 0.716875866666667 0.771154066666667
TCGA-B5-A1MW-01 0.53296949654923 0.71357470062048 0.951814933333333 0.795917133333333
TCGA-AX-A05S-01 0.566594766666667 0.742528533333333 0.615100335827478 0.570668644262773
TCGA-5S-A9Q8-01 0.591777808617534 0.691263174211056 0.7839329 0.883435366666667
TCGA-AJ-A5DW-01 0.4160819 0.484674433333333 0.712685366666667 0.7391811
TCGA-D1-A15W-01 0.374786533333333 0.466951566666667 0.452947757079888 0.501568533333333
TCGA-DF-A2L0-01 0.727853332246397 0.466951566666667 0.383450433333333 0.537370973347054
TCGA-D1-A0ZZ-01 0.819951066666667 0.742528533333333 0.6994541 0.495011933333333
TCGA-B5-A11H-01 0.660116066666667 0.443587366666667 0.527207386640756 0.54645322329415
TCGA-D1-A16D-01 0.632591514788188 0.4116354 0.4862125 0.489770348433306
TCGA-BG-A0M4-01 0.332173433333333 0.6951515 0.566731366666667 0.60214194849946
TCGA-AJ-A3TW-01 0.727853332246397 0.484674433333333 0.364049133333333 0.576173066666667
TCGA-D1-A17F-01 0.60214194849946 0.525964833333333 0.5475075 0.557931359540456
TCGA-B5-A11U-01 0.472176866666667 0.6353084 0.580872802466535 0.628983602373244
TCGA-AX-A1CP-01 0.9189917 0.466951566666667 0.698907433333333 0.6373359
TCGA-BG-A0MS-01 0.711988566666667 0.662105661008657 0.681139533333333 0.677503666666667
TCGA-D1-A16S-01 0.768492933333333 0.525964833333333 0.682942267252711 0.770320466666667
TCGA-EY-A1GV-01 0.472176866666667 0.3216275 0.318185633333333 0.261597933333333
TCGA-D1-A16X-01 0.2948623 0.364049133333333 0.37979537136786 0.420255666666667
TCGA-A5-A0R6-01 0.566594766666667 0.458166833333333 0.501090266666667 0.527207386640756
TCGA-D1-A17A-01 0.472176866666667 0.933179966666667 0.6373359 0.5377478
TCGA-BS-A0V6-01 0.579921333333333 0.364049133333333 0.450331897034877 0.495831133333333
TCGA-AX-A1C9-01 0.721095233333333 0.6951515 0.707479214374279 0.694661871811114
TCGA-PG-A917-01 0.660116066666667 0.570668644262773 0.406122733333333 0.6360539
TCGA-KJ-A3U4-01 0.851348066666667 0.669426233333333 0.637847751575776 0.747173566666667
TCGA-A5-A0GP-01 0.2730735 0.489770348433306 0.466029038289376 0.547615833333333
TCGA-DI-A1BU-01 0.2948623 0.400648911400644 0.655254182624173 0.5474712
TCGA-BS-A0UL-01 0.2526302 0.495011933333333 0.391783933333333 0.3322144
TCGA-BK-A0C9-01 0.566594766666667 0.8391586 0.691263174211056 0.669543466666667
TCGA-D1-A0ZN-01 0.680980766666667 0.612613033333333 0.643437672488181 0.646498
TCGA-B5-A0JS-01 0.660116066666667 0.6951515 0.6734391 0.6699896
TCGA-A5-A0GM-01 0.374786533333333 0.305712533333333 0.485991933333333 0.8469322
TCGA-EY-A210-01 0.846822866666667 0.795913266666667 0.396442 0.796107566666667
TCGA-D1-A0ZQ-01 0.668985730109134 0.622169633333333 0.635502366666667 0.645129566666667
TCGA-EY-A54A-01 0.727853332246397 0.595042933333333 0.426376466666667 0.612867033333333
TCGA-AX-A3GI-01 0.887106266666667 0.816115366666667 0.8391586 0.789205650192337
TCGA-EY-A1GP-01 0.795913266666667 0.780047833333333 0.545937711867373 0.747210633333333
TCGA-AP-A0L8-01 0.842619566666667 0.795913266666667 0.769540033333333 0.626548566666667
TCGA-SL-A6JA-01 0.807514366666667 0.872067233333333 0.9484433 0.872644966666667
TCGA-FI-A2EX-01 0.739168533333333 0.6353084 0.544153565280605 0.305841733333333
TCGA-B5-A11G-01 0.60214194849946 0.556599433333333 0.617564433333333 0.769088533333333
TCGA-AP-A0LD-01 0.472176866666667 0.594385520788415 0.5960888 0.747502433333333
TCGA-AP-A0LG-01 0.660116066666667 0.182993366666667 0.521244633333333 0.852080866666667
TCGA-AJ-A8CT-01 0.332173433333333 0.393875258255917 0.261597933333333 0.4220668
TCGA-B5-A1MS-01 0.861860466666667 0.6951515 0.904305566666667 0.579921333333333
TCGA-AP-A0LE-01 0.60214194849946 0.933179966666667 0.780216166666667 0.898315533333333
TCGA-AJ-A23N-01 0.632591514788188 0.458166833333333 0.3450308 0.264322866666667
TCGA-A5-A2K2-01 0.6734391 0.676856366666667 0.9189917 0.3660057
TCGA-AP-A1E0-01 0.4335035 0.349301266666667 0.423320806163205 0.556971266666667
TCGA-AJ-A3OK-01 0.4335035 0.286955733333333 0.2269134 0.5265532
TCGA-K6-A3WQ-01 0.811266966666667 0.622169633333333 0.789072333333333 0.5490502
TCGA-A5-A7WJ-01 0.6734391 0.69282954968149 0.721229333333333 0.8637585
TCGA-AX-A0IS-01 0.591777808617534 0.804144933333333 0.710669646732167 0.760777
TCGA-BG-A0VZ-01 0.4335035 0.7295795 0.6067622 0.645438233333333
TCGA-BG-A0M7-01 0.807514366666667 0.7295795 0.743178566666667 0.655821833333333
TCGA-BG-A3PP-01 0.6989013 0.516493333333333 0.691474916934341 0.4868064
TCGA-AP-A1DO-01 0.747173566666667 0.7295795 0.747502433333333 0.776661066666667
TCGA-AP-A1DQ-01 0.768492933333333 0.535812466666667 0.537849246248983 0.349301266666667
TCGA-BS-A0UT-01 0.60214194849946 0.9121492 0.735702666666667 0.7553375
TCGA-AX-A063-01 0.4160819 0.524624017408917 0.502210442809136 0.562484
TCGA-B5-A3FB-01 0.632591514788188 0.643742974681696 0.807686828417927 0.5850504
TCGA-BS-A0UJ-01 0.494124350715637 0.4377635 0.556971266666667 0.807514366666667
TCGA-B5-A0JT-01 0.4335035 0.543020174374539 0.523788320717974 0.584712166666667
TCGA-EO-A3B1-01 0.632591514788188 0.449108166666667 0.3176284 0.382966
TCGA-EY-A214-01 0.747173566666667 0.449108166666667 0.61119954502455 0.681139533333333
TCGA-BS-A0TG-01 0.651076582057027 0.7074081 0.7039977 0.7845
TCGA-A5-A1OK-01 0.454458833333333 0.2458018 0.315567433333333 0.278461866666667
TCGA-EO-A22X-01 0.591777808617534 0.669426233333333 0.421342066666667 0.660116066666667
TCGA-DI-A0WH-01 0.53296949654923 0.604094481233508 0.606324665042937 0.713043533333333
TCGA-BK-A56F-01 0.374786533333333 0.780047833333333 0.567488833333333 0.669550966666667
TCGA-AJ-A3NG-01 0.6989013 0.7516817 0.8969717 0.680980766666667
TCGA-BG-A18B-01 0.632591514788188 0.857579133333333 0.747173566666667 0.831663333333333
TCGA-D1-A160-01 0.542011333333333 0.581575274498462 0.575535228422272 0.617564433333333
TCGA-EO-A3KW-01 0.768492933333333 0.612613033333333 0.585471733333333 0.549308073332964
TCGA-B5-A0K2-01 0.60214194849946 0.686975566666667 0.574259733333333 0.477280878349589
TCGA-BK-A139-02 0.680980766666667 0.495011933333333 0.466951566666667 0.552922931369725
TCGA-EY-A1GF-01 0.579921333333333 0.878372066666667 0.730882866666667 0.800569433333333
TCGA-EO-A3L0-01 0.4160819 0.495011933333333 0.769088533333333 0.4167362
TCGA-BG-A220-01 0.632591514788188 0.2988604 0.537370973347054 0.8313156
TCGA-FI-A3PX-01 0.9484433 0.780047833333333 0.925554866666667 0.857579133333333
TCGA-BG-A0W2-01 0.454458833333333 0.583308483940536 0.579921333333333 0.7128028
TCGA-BS-A0TD-01 0.616788233333333 0.466951566666667 0.5265532 0.547034157007186
TCGA-BK-A6W3-01 0.4160819 0.547034157007186 0.483505874614245 0.677060233333333
TCGA-A5-A1OG-01 0.616788233333333 0.516493333333333 0.5850504 0.668985730109134
TCGA-B5-A3F9-01 0.2730735 0.261597933333333 0.557344033333333 0.2529891
TCGA-DF-A2KR-01 0.8313125 0.669426233333333 0.75198813360473 0.707479214374279
TCGA-BK-A0CC-01 0.795913266666667 0.655821833333333 0.8579691 0.716842967152794
TCGA-AJ-A3NC-01 0.53296949654923 0.628810561216413 0.7689333 0.642081356936237
TCGA-AP-A0L9-01 0.787858066666667 0.872067233333333 0.796102401452567 0.755804904309325
TCGA-D1-A167-01 0.6989013 0.878372066666667 0.8075826 0.9189917
TCGA-BG-A222-01 0.494124350715637 0.816115366666667 0.661271466666667 0.699806033333333
TCGA-AX-A3G8-01 0.668985730109134 0.857579133333333 0.892226566666667 0.862872133333333
TCGA-BS-A0UA-01 0.390327366666667 0.443587366666667 0.575748466300501 0.939961733333333
TCGA-D1-A16Y-01 0.642081356936237 0.2730735 0.542011333333333 0.861860466666667
TCGA-SJ-A6ZI-01 0.4160819 0.457274279823007 0.311224633333333 0.501090266666667
TCGA-AP-A05J-01 0.9393965 0.716842967152794 0.831663333333333 0.8531882
TCGA-EY-A1GM-01 0.8671507 0.8313125 0.853100866666667 0.887106266666667
TCGA-FI-A2EY-01 0.851348066666667 0.780047833333333 0.887106266666667 0.580427341980499
TCGA-AP-A1E1-01 0.499641433333333 0.466029038289376 0.4210733 0.376953466666667
TCGA-DI-A2QT-01 0.835248966666667 0.742528533333333 0.820867266666667 0.75198813360473
TCGA-BG-A3EW-01 0.632591514788188 0.605990433333333 0.8671507 0.7357093
TCGA-E6-A8L9-01 0.775129266666667 0.573388568788354 0.396301366666667 0.548010666666667
TCGA-AJ-A3NF-01 0.405072433333333 0.400648911400644 0.264322866666667 0.248404966666667
TCGA-AJ-A2QM-01 0.727853332246397 0.669426233333333 0.915046 0.421342066666667
TCGA-EO-A3AZ-01 0.4160819 0.315567433333333 0.204181166666667 0.3529126
TCGA-B5-A5OE-01 0.887106266666667 0.804144933333333 0.878372066666667 0.824286666666667
TCGA-B5-A11R-01 0.616788233333333 0.182993366666667 0.759723866666667 0.721095233333333
TCGA-BG-A0RY-01 0.616788233333333 0.7516817 0.694661871811114 0.742528533333333
TCGA-B5-A1MU-01 0.703506166666667 0.332173433333333 0.3921745 0.2730735
TCGA-BG-A187-01 0.494124350715637 0.597965483636701 0.5963749 0.743178566666667
TCGA-AP-A059-01 0.2730735 0.475841751277655 0.427982020253801 0.483875664518209
TCGA-AP-A056-01 0.311224633333333 0.622169633333333 0.503944976624979 0.5122318
TCGA-D1-A161-01 0.499641433333333 0.8391586 0.677646233333333 0.707813966666667
TCGA-DF-A2KY-01 0.472176866666667 0.676856366666667 0.406639133333333 0.572589679637078
TCGA-D1-A101-01 0.204181166666667 0.429962966666667 0.349301266666667 0.291192866666667
TCGA-AP-A05P-01 0.703506166666667 0.545937711867373 0.527411499094155 0.391783933333333
TCGA-D1-A1O5-01 0.642081356936237 0.6353084 0.655821833333333 0.743561066666667
TCGA-B5-A3FC-01 0.520743706154802 0.780047833333333 0.278461866666667 0.520743706154802
TCGA-BK-A13C-01 0.887106266666667 0.872067233333333 0.872574433333333 0.892226566666667
TCGA-AX-A06B-01 0.668985730109134 0.605990433333333 0.609489680074006 0.596981216830179
TCGA-AJ-A3NE-01 0.566594766666667 0.622169633333333 0.595042933333333 0.525964833333333
TCGA-AX-A3FV-01 0.8969717 0.780047833333333 0.887449766666667 0.735702666666667
TCGA-BS-A0TE-01 0.591777808617534 0.535812466666667 0.549308073332964 0.558845928446054
TCGA-D1-A1NW-01 0.747173566666667 0.622169633333333 0.703506166666667 0.7318039
TCGA-A5-A0GJ-01 0.7553375 0.768492933333333 0.739168533333333 0.6951515
TCGA-B5-A0JY-01 0.332173433333333 0.480308985659882 0.4456898 0.487623334187856
TCGA-AP-A052-01 0.768492933333333 0.804144933333333 0.7391811 0.6356114
TCGA-AX-A3G7-01 0.711988566666667 0.7074081 0.547034157007186 0.632591514788188
TCGA-KP-A3W1-01 0.566594766666667 0.349301266666667 0.248404966666667 0.426293566666667
TCGA-D1-A15X-01 0.311224633333333 0.502210442809136 0.475841751277655 0.544683980380596
TCGA-D1-A17S-01 0.807514366666667 0.8391586 0.819951066666667 0.8579691
TCGA-PG-A915-01 0.735702666666667 0.704483789914252 0.907736266666667 0.566594766666667
TCGA-2E-A9G8-01 0.8671507 0.76222308514968 0.7888085 0.722232366666667
TCGA-AJ-A3QS-01 0.542011333333333 0.4377635 0.5122318 0.305712533333333
TCGA-A5-A0VP-01 0.642081356936237 0.655821833333333 0.6263675 0.606324665042937
TCGA-B5-A3FH-01 0.579921333333333 0.742528533333333 0.755709133333333 0.6063379
TCGA-EY-A1GE-01 0.374786533333333 0.443587366666667 0.4456737 0.513056766666667
TCGA-AP-A0LS-01 0.60214194849946 0.644887566666667 0.6699896 0.820867266666667
TCGA-D1-A3JQ-01 0.651076582057027 0.5474712 0.635736333333333 0.427982020253801
TCGA-AW-A1PO-01 0.9189917 0.892206266666667 0.8469322 0.712905533333333
TCGA-D1-A17R-01 0.454458833333333 0.768492933333333 0.643742974681696 0.716875866666667
TCGA-A5-A0R9-01 0.4160819 0.561552584450224 0.557931359540456 0.662105661008657
TCGA-EY-A548-01 0.472176866666667 0.516493333333333 0.567573866666667 0.466951566666667
TCGA-D1-A1NZ-01 0.472176866666667 0.7295795 0.54645322329415 0.458166833333333
TCGA-D1-A16I-01 0.710669646732167 0.7295795 0.713043533333333 0.7304168
TCGA-EO-A3AU-01 0.552922931369725 0.2730735 0.544683980380596 0.618892278776862
TCGA-B5-A11P-01 0.591777808617534 0.944721866666667 0.704483789914252 0.5966859
TCGA-AX-A06D-01 0.472176866666667 0.6353084 0.501864333333333 0.4335035
TCGA-EO-A22R-01 0.390327366666667 0.494124350715637 0.468453833333333 0.503944976624979
TCGA-BS-A0U9-01 0.851348066666667 0.716842967152794 0.676856366666667 0.405958666666667
TCGA-AX-A3FT-01 0.3529126 0.595042933333333 0.2581572 0.4224837
TCGA-BG-A0MI-01 0.721095233333333 0.857579133333333 0.7604569 0.76222308514968
TCGA-D1-A175-01 0.454458833333333 0.7516817 0.602916369704967 0.593931390176987
TCGA-AJ-A3OJ-01 0.4160819 0.584712166666667 0.4603578 0.606637966666667
TCGA-EY-A2OP-01 0.472176866666667 0.7516817 0.914784766666667 0.567984733333333
TCGA-KP-A3W3-01 0.842619566666667 0.7074081 0.4224837 0.494124350715637
TCGA-AX-A1CK-01 0.8671507 0.878372066666667 0.862872133333333 0.8685878
TCGA-BS-A0UV-01 0.3529126 0.483505874614245 0.4546933 0.495829244492221
TCGA-FI-A2F9-01 0.735702666666667 0.7074081 0.768492933333333 0.9121492
TCGA-EO-A3AV-01 0.234446366666667 0.396301366666667 0.274693366666667 0.3573124
TCGA-B5-A0K9-01 0.374786533333333 0.5474712 0.627242766666667 0.485316366666667
TCGA-D1-A16N-01 0.7553375 0.7295795 0.742528533333333 0.7518471
TCGA-EY-A3QX-01 0.8313125 0.742528533333333 0.712605033333333 0.585471733333333
TCGA-AX-A1C4-01 0.520743706154802 0.944721866666667 0.707813966666667 0.660251060959601
TCGA-EY-A1GL-01 0.7553375 0.6951515 0.771154066666667 0.7556854
TCGA-DI-A2QY-01 0.861860466666667 0.562484 0.8637585 0.2995393
TCGA-AX-A1C7-01 0.8969717 0.795913266666667 0.816115366666667 0.872574433333333
TCGA-EO-A3B0-01 0.405072433333333 0.7074081 0.474383657718956 0.555103034429969
TCGA-B5-A1MZ-01 0.566594766666667 0.602916369704967 0.604094481233508 0.661271466666667
TCGA-A5-A0GU-01 0.651076582057027 0.643437672488181 0.654217846866757 0.7172327
TCGA-BS-A0VI-01 0.5122318 0.7074081 0.5966859 0.587985566702574
TCGA-B5-A0JZ-01 0.711988566666667 0.716842967152794 0.668985730109134 0.574259733333333
TCGA-A5-A0G5-01 0.703506166666667 0.458166833333333 0.508372716057975 0.4210733
TCGA-A5-A0GH-01 0.660116066666667 0.892206266666667 0.760423733333333 0.8313125
TCGA-A5-A0GG-01 0.2730735 0.400648911400644 0.3573124 0.315567433333333
TCGA-EY-A1GR-01 0.835248966666667 0.768492933333333 0.759385266666667 0.635736333333333
TCGA-E6-A1LZ-01 0.552922931369725 0.449108166666667 0.4008146 0.278451866666667
TCGA-DF-A2KU-01 0.4160819 0.676856366666667 0.262171266666667 0.612613033333333
TCGA-KP-A3W4-01 0.727853332246397 0.449108166666667 0.516821133333333 0.4603578
TCGA-AJ-A2QN-01 0.4335035 0.4116354 0.485316366666667 0.606286533333333
TCGA-B5-A1MV-01 0.60214194849946 0.574259733333333 0.487878836314619 0.364049133333333
TCGA-BK-A26L-01 0.680980766666667 0.443587366666667 0.7318039 0.586619543987893
TCGA-AX-A2HC-01 0.566594766666667 0.560539625103015 0.555103034429969 0.560539625103015
TCGA-E6-A1M0-01 0.520743706154802 0.561942236141265 0.558597284778406 0.602916369704967
TCGA-EY-A1H0-01 0.53296949654923 0.9121492 0.712905533333333 0.742611
TCGA-FI-A2EW-01 0.861860466666667 0.8391586 0.784018933333333 0.595042933333333
TCGA-BG-A2AE-01 0.963019833333333 0.612613033333333 0.742611 0.5960888
TCGA-B5-A0K3-01 0.819951066666667 0.7516817 0.76222308514968 0.6989013
TCGA-EO-A3AS-01 0.807514366666667 0.7074081 0.6174626 0.561552584450224
TCGA-BK-A4ZD-01 0.727853332246397 0.686975566666667 0.9121492 0.423320806163205
TCGA-D1-A2G5-01 0.6263675 0.816115366666667 0.716842967152794 0.768492933333333
TCGA-D1-A16Q-01 0.472176866666667 0.7295795 0.632591514788188 0.712433466666667
TCGA-AX-A0J1-01 0.53296949654923 0.7516817 0.605417881490064 0.545937711867373
TCGA-D1-A16V-01 0.727853332246397 0.716842967152794 0.722231733333333 0.730371166666667
TCGA-BS-A0U7-01 0.4335035 0.503944976624979 0.484674433333333 0.4957947
TCGA-D1-A102-01 0.60214194849946 0.7074081 0.642081356936237 0.635502366666667
TCGA-AP-A05O-01 0.2526302 0.609749971444029 0.610166002070366 0.929380166666667
TCGA-BG-A0MO-01 0.711988566666667 0.816115366666667 0.770831466666667 0.861902766666667
TCGA-AX-A3G4-01 0.6989013 0.535812466666667 0.6560653 0.6989996
TCGA-AP-A5FX-01 0.711988566666667 0.562484 0.645129566666667 0.562685533333333
TCGA-BS-A0U8-01 0.499641433333333 0.608375150450296 0.6076125 0.768650633333333
TCGA-KP-A3W0-01 0.711988566666667 0.605990433333333 0.420244 0.728975556874303
TCGA-QF-A5YS-01 0.542011333333333 0.261597933333333 0.7556854 0.8075826
TCGA-A5-A2K5-01 0.454458833333333 0.3450308 0.495831133333333 0.699471033333333
TCGA-AX-A1CI-01 0.668985730109134 0.878372066666667 0.669426233333333 0.500932766666667
TCGA-FI-A2EU-01 0.8671507 0.768492933333333 0.831731433333333 0.8819537
TCGA-SL-A6J9-01 0.703506166666667 0.5474712 0.286955733333333 0.3450308
TCGA-D1-A15V-01 0.739168533333333 0.655821833333333 0.747210633333333 0.892206266666667
TCGA-FI-A2CX-01 0.691263174211056 0.3829299 0.607899942546306 0.8969717
TCGA-BK-A6W4-01 0.332173433333333 0.423320806163205 0.5490502 0.1918314
TCGA-B5-A3FD-01 0.795913266666667 0.669426233333333 0.69282954968149 0.708336566666667
TCGA-AX-A2HJ-01 0.552922931369725 0.484674433333333 0.547615833333333 0.627428466666667
TCGA-AJ-A3BI-01 0.800569433333333 0.644887566666667 0.4167362 0.557344033333333
TCGA-B5-A0JN-01 0.795913266666667 0.7295795 0.898315533333333 0.622169633333333
TCGA-BG-A0MC-01 0.566594766666667 0.6353084 0.587697184895202 0.581575274498462
TCGA-BG-A2L7-01 0.499641433333333 0.374786533333333 0.495829244492221 0.669426233333333
TCGA-QF-A5YT-01 0.332173433333333 0.332173433333333 0.811479561430035 0.182993366666667
TCGA-AX-A1CF-01 0.759385266666667 0.574259733333333 0.6360539 0.583506242240421
TCGA-EY-A1GT-01 0.542011333333333 0.583506242240421 0.583308483940536 0.635427666666667
TCGA-AP-A0LT-01 0.616788233333333 0.3829299 0.561552584450224 0.7888085
TCGA-D1-A0ZR-01 0.60214194849946 0.620905846589203 0.6276512 0.7123314
TCGA-AP-A0LL-01 0.8671507 0.9121492 0.8737126 0.904305566666667
TCGA-AJ-A3EL-01 0.566594766666667 0.9121492 0.3529126 0.5756194
TCGA-BK-A13B-01 0.616788233333333 0.653842131355009 0.699806033333333 0.784018933333333
TCGA-AX-A2HD-01 0.680980766666667 0.8313125 0.7518471 0.800722533333333
TCGA-D1-A17T-01 0.3529126 0.580872802466535 0.575445033333333 0.769540033333333
TCGA-AX-A2HK-01 0.907736266666667 0.6951515 0.686975566666667 0.4116354
TCGA-AX-A05Z-01 0.2526302 0.5083192 0.4335035 0.474383657718956
TCGA-EO-A22U-01 0.4160819 0.332173433333333 0.8531882 0.537849246248983
TCGA-B5-A3S1-01 0.787858066666667 0.676856366666667 0.711988566666667 0.333719366666667
TCGA-B5-A0JX-01 0.60214194849946 0.574259733333333 0.5753924 0.575445033333333
TCGA-KP-A3VZ-01 0.824255133333333 0.7074081 0.6698145 0.452947757079888
TCGA-BG-A0VT-01 0.552922931369725 0.6951515 0.620905846589203 0.6263675
TCGA-D1-A0ZU-01 0.520743706154802 0.8391586 0.646498 0.605417881490064
TCGA-AJ-A2QK-01 0.60214194849946 0.477280878349589 0.4449025 0.334746433333333
TCGA-EY-A1GD-01 0.6263675 0.374786533333333 0.560539625103015 0.795913266666667
TCGA-B5-A5OC-01 0.311224633333333 0.346482999388199 0.2458018 0.3829299
TCGA-AP-A0LH-01 0.795913266666667 0.816115366666667 0.789205650192337 0.775872966666667
TCGA-E6-A2P8-01 0.390327366666667 0.3829299 0.2988604 0.396442
TCGA-B5-A11Y-01 0.2730735 0.400648911400644 0.386316866666667 0.420632866666667
TCGA-EY-A1GK-01 0.542011333333333 0.676856366666667 0.566594766666667 0.501864333333333
TCGA-D1-A3DH-01 0.8819537 0.716842967152794 0.944721866666667 0.811479561430035
TCGA-E6-A1LX-01 0.2948623 0.420244 0.3829299 0.366978366666667
TCGA-FI-A3PV-01 0.747173566666667 0.562484 0.939961733333333 0.367904333333333
TCGA-D1-A2G7-01 0.680980766666667 0.612613033333333 0.60214194849946 0.543020174374539
TCGA-D1-A16G-01 0.60214194849946 0.449108166666667 0.460158946440274 0.393875258255917
TCGA-B5-A0KB-01 0.542011333333333 0.574259733333333 0.494668839145066 0.4008146
TCGA-A5-A0G2-01 0.6263675 0.4116354 0.489770348433306 0.520901723446803
