abscnseq ascat estimate purbayes
TCGA-BJ-A3PR-01 0.29 0.32 0.507248661909 0.353379879799787
TCGA-EL-A3H1-01 0.31 0.81 0.931025259926 0.8542619
TCGA-DJ-A3V7-01 0.34 0.32 0.890912704744 0.7559583
TCGA-DE-A0Y2-01 0.42 0.45 0.902190383444 0.8573539
TCGA-EL-A3T1-01 0.25 0.29 0.775264076864 0.5069296
TCGA-H2-A3RH-01 0.3 0.35 0.906924043025 0.7830159
TCGA-EM-A22N-01 0.24 0.23 0.871812692957 0.2425181
TCGA-EM-A2CJ-01 0.37 0.78 0.939367775575 0.7481167
TCGA-DE-A0XZ-01 0.38 0.71 0.758329081447 0.598014
TCGA-EL-A3D0-01 0.37 0.78 0.852271039611 0.943869
TCGA-EM-A3O6-01 0.39 0.66 0.894984100006 0.5417205
TCGA-DJ-A3UK-01 0.24 0.24 0.860485374966 0.7973507
TCGA-BJ-A28V-01 0.36 0.27 0.965693668566 0.6642151
TCGA-FK-A3SE-01 0.37 0.28 0.884629570214 0.7623621
TCGA-EL-A3GX-01 0.26 0.51 0.790717726513 0.6882275
TCGA-ET-A3BO-01 0.26 0.28 0.744010877825 0.6605521
TCGA-EL-A4JV-01 0.33 0.50429917576261 0.920753033711 0.8502896
TCGA-DJ-A13M-01 0.47 0.78 0.932986537334 0.8725111
TCGA-BJ-A0ZH-01 0.27 0.21 0.843378838392 0.5750328
TCGA-EM-A4FV-01 0.26 0.31 0.758342540462 0.3439349
TCGA-BJ-A45G-01 0.27 0.33 0.906959150327 0.7923992
TCGA-EM-A2CM-01 0.423844890976464 0.77 0.951514644273 0.74052335287821
TCGA-ET-A2N0-01 0.3 0.443745779156628 0.816242143761 0.6465104
TCGA-EL-A3D1-01 0.3 0.73 0.821001251938 0.7728373
TCGA-EL-A3TB-01 0.32 0.46887147054222 0.86288218431 0.7164464
TCGA-DJ-A13U-01 0.31 0.4 0.916051088065 0.8144615
TCGA-ET-A2MZ-01 0.32 0.41 0.86248842727 0.4442747
TCGA-DJ-A2PQ-01 0.37 0.43 0.911541443351 0.7561462
TCGA-ET-A39N-01 0.33 0.467464521936307 0.902260389088 0.612837639538348
TCGA-EL-A3TA-01 0.3 0.33 0.742380409455 0.1835203
TCGA-EM-A4FF-01 0.28 0.36 0.799183703095 0.331172
TCGA-EM-A3AI-01 0.37 0.42 0.935860995842 0.8442533
TCGA-CE-A13K-01 0.41 0.51 0.853446936851 0.7197337
TCGA-EL-A3H7-01 0.29 0.410604163748391 0.709246183788 0.6331352
TCGA-BJ-A3PU-01 0.35 0.66 0.864692374944 0.5870671
TCGA-EL-A3CV-01 0.25 0.32 0.534245511006 0.3009198
TCGA-DJ-A3VA-01 0.27 0.35 0.886138793933 0.6200851
TCGA-BJ-A0Z2-01 0.32 0.85 0.94574552367 0.8191612
TCGA-DJ-A2Q4-01 0.38 0.486757410928644 0.859962456709 0.7953473
TCGA-EM-A2P3-01 0.27 0.32 0.79791802736 0.6116527
TCGA-EL-A4KD-01 0.26 0.62 0.814972843116 0.6731152
TCGA-DO-A2HM-01 0.22 0.283156695235347 0.509902136391 0.1678909
TCGA-EL-A3T2-01 0.28 0.71 0.946701693158 0.7242337
TCGA-FE-A22Z-01 0.56 0.61 0.83271816004 0.7489817
TCGA-EM-A3FP-01 0.48 0.63 0.779581073227 0.5838365
TCGA-CE-A484-01 0.33 0.78 0.89651462265 0.8839647
TCGA-DE-A4M8-01 0.35 0.24 0.564230702224 0.2606319
TCGA-DJ-A3V8-01 0.29 0.39 0.877563362072 0.6324745
TCGA-EM-A2CU-01 0.28 0.33 0.748809145731 0.3544851
TCGA-KS-A4I7-01 0.37 0.5 0.839884413442 0.269908
TCGA-ET-A39S-01 0.25 0.37 0.860953513367 0.3338914
TCGA-DE-A2OL-01 0.43 0.36 0.971109167462 0.6535227
TCGA-FY-A3RA-01 0.26 0.26 0.928981345168 0.7712862
TCGA-DJ-A2QB-01 0.36 0.6 0.909573055782 0.5410629
TCGA-BJ-A4O9-01 0.68 0.86 0.964926156425 0.8829317
TCGA-E8-A242-01 0.29 0.28 0.657572447659 0.1499276
TCGA-BJ-A2P4-01 0.42 0.76 0.838434068469 0.6925177
TCGA-MK-A84Z-01 0.71 0.535321061984276 0.892391561138 0.7536409
TCGA-FY-A40N-01 0.39 0.36 0.871033518218 0.6840166
TCGA-FK-A3SB-01 0.41 0.42 0.871989580794 0.6394888
TCGA-EM-A2CK-01 0.37 0.43 0.931188997852 0.7175271
TCGA-ET-A25G-01 0.3 0.42 0.876923189968 0.7318199
TCGA-DJ-A4V5-01 0.3 0.4 0.743818715272 0.5903139
TCGA-DJ-A2PP-01 0.31 0.45 0.962810625375 0.7234438
TCGA-KS-A41F-01 0.27 0.36 0.890689192315 0.6546153
TCGA-L6-A4ET-01 0.28 0.33 0.947392618675 0.7471734
TCGA-ET-A25R-01 0.28 0.37 0.835508911676 0.7679859
TCGA-KS-A4I1-01 0.36 0.24 0.901279814721 0.803908
TCGA-FE-A23A-01 0.55 0.29 0.767659042393 0.3536742
TCGA-FY-A3NN-01 0.26 0.44 0.889935533561 0.6879575
TCGA-EM-A3O3-01 0.36 0.63 0.706962609021 0.6385643
TCGA-ET-A2N4-01 0.38 0.7 0.87606620185 0.7659602
TCGA-BJ-A0Z9-01 0.45 0.72 0.866185371595 0.7073233
TCGA-EL-A3GO-01 0.32 0.58 0.871981437979 0.714659
TCGA-BJ-A192-01 0.61 0.76 0.902261195045 0.3049419
TCGA-ET-A3BW-01 0.31 0.34 0.925874896695 0.7566974
TCGA-EM-A1CT-01 0.4 0.27 0.836204919455 0.785569
TCGA-DJ-A3UY-01 0.44 0.38 0.772791991858 0.1698331
TCGA-DJ-A2PN-01 0.33 0.31 0.897940636736 0.8595429
TCGA-FE-A233-01 0.23 0.24 0.926831212437 0.7724012
TCGA-EL-A3T3-01 0.31 0.27 0.852820521654 0.8269513
TCGA-ET-A39I-01 0.25 0.4 0.939756935892 0.8046949
TCGA-KS-A4I5-01 0.44 0.38 0.861720000236 0.7615744
TCGA-DJ-A4UT-01 0.23 0.77 0.614455206799 0.2498963
TCGA-EM-A1YE-01 0.31 0.65 0.915767751997 0.3606733
TCGA-E8-A44M-01 0.22 0.32 0.597002726862 0.1955747
TCGA-J8-A3YG-01 0.36 0.41608860630528 0.827555520633 0.3537963
TCGA-EL-A3GW-01 0.29 0.7 0.934321874395 0.806135
TCGA-H2-A26U-01 0.5 0.25 0.578176427856 0.3100977
TCGA-BJ-A0ZA-01 0.43 0.29 0.882591001789 0.6427004
TCGA-EM-A22P-01 0.25 0.24 0.564170289976 0.4534421
TCGA-EM-A2CT-01 0.42 0.27 0.932496607789 0.7213326
TCGA-DJ-A2Q1-01 0.25 0.31 0.698335352754 0.3167754
TCGA-EL-A3GZ-01 0.42 0.34 0.850783354302 0.7154384
TCGA-EL-A3ZR-01 0.45 0.3 0.94397253048 0.4666036
TCGA-EM-A4FM-01 0.53 0.472043745150564 0.77892429001 0.7018285
TCGA-EL-A4KI-01 0.44 0.63 0.918945572852 0.691735282111232
TCGA-EL-A4JX-01 0.27 0.25 0.611816515174 0.3573505
TCGA-EL-A4K4-01 0.7 0.34 0.747671408146 0.653891
TCGA-BJ-A290-01 0.3 0.62 0.88360061692 0.7148135
TCGA-E8-A3X7-01 0.67 0.32 0.816334268167 0.676576
TCGA-ET-A3DW-01 0.34 0.42 0.895913121728 0.8463281
TCGA-ET-A40S-01 0.43 0.65 0.765859454171 0.3998795
TCGA-ET-A4KN-01 0.29 0.32 0.62235461116 0.2654281
TCGA-E8-A436-01 0.28 0.46 0.765433174991 0.2344123
TCGA-EM-A1CV-01 0.32 0.31 0.904960755553 0.8505274
TCGA-BJ-A2NA-01 0.29 0.73 0.836310800449 0.4747463
TCGA-L6-A4EP-01 0.26 0.470576916857774 0.876040762001 0.7629934
TCGA-EM-A4FH-01 0.31 0.33 0.954340258053 0.6939515
TCGA-EL-A3GS-01 0.31 0.41 0.916854143858 0.7652317
TCGA-ET-A25J-01 0.31 0.28 0.863461643825 0.7965569
TCGA-DJ-A1QL-01 0.28 0.47 0.919788732987 0.7563358
TCGA-IM-A3EB-01 0.29 0.3 0.784450229585 0.6506578
TCGA-DJ-A3UV-01 0.347870535791756 0.31 0.782390389487 0.51330114795654
TCGA-FK-A3SG-01 0.5 0.36 0.877826378437 0.565961
TCGA-DE-A69J-01 0.26 0.462921321207127 0.873238983228 0.7114509
TCGA-DJ-A3VJ-01 0.52 0.71 0.794643902922 0.5568923
TCGA-E3-A3E5-01 0.32 0.76 0.898301468871 0.8045535
TCGA-DJ-A1QH-01 0.27 0.36 0.83491867052 0.7379134
TCGA-FE-A231-01 0.32 0.87 0.896927396174 0.7672428
TCGA-EM-A4FK-01 0.36 0.37 0.96659112561 0.6998559
TCGA-BJ-A45E-01 0.27 0.21 0.418353794456 0.2111357
TCGA-EL-A3ZO-01 0.32 0.6 0.674863407504 0.3124587
TCGA-EL-A3T7-01 0.51 0.32 0.840791767002 0.7188649
TCGA-ET-A39T-01 0.37 0.32 0.917291500863 0.8230247
TCGA-DJ-A4UP-01 0.27 0.31 0.714375799707 0.3502821
TCGA-EM-A2CP-01 0.34 0.5 0.599545456929 0.461567810326657
TCGA-FY-A3NP-01 0.395285507488549 0.491965636715602 0.937792923914 0.655108661676806
TCGA-ET-A3DV-01 0.41 0.3 0.969461138115 0.9236402
TCGA-4C-A93U-01 0.59 0.441082971962088 0.652623269374 0.6737518
TCGA-DJ-A1QG-01 0.63 0.73 0.854539833909 0.6709873
TCGA-ET-A3BU-01 0.72 0.29 0.852135925365 0.432101
TCGA-DJ-A4UW-01 0.32 0.86 0.762330170901 0.6657918
TCGA-ET-A39J-01 0.51 0.36 0.861587585503 0.7346944
TCGA-EL-A3MY-01 0.33 0.73 0.706079812955 0.5235814
TCGA-DE-A3KN-01 0.37 0.71 0.871194365396 0.6310294
TCGA-FY-A3I5-01 0.37 0.62 0.84797568367 0.6090678
TCGA-DJ-A3UP-01 0.35 0.77 0.901555625246 0.7932077
TCGA-J8-A3O2-06 0.52 0.3 0.895979682372 0.616481782337314
TCGA-J8-A3O0-01 0.3 0.61 0.889287329762 0.69108
TCGA-BJ-A0YZ-01 0.6 0.37 0.892232715349 0.4517202
TCGA-DJ-A3VL-01 0.31 0.351524928393845 0.706190637268 0.1758523
TCGA-ET-A3BQ-01 0.34 0.31 0.838604145543 0.2826253
TCGA-EM-A22J-01 0.34 0.36 0.906490948624 0.648259
TCGA-EL-A4K9-01 0.29 0.63 0.815989691222 0.6527324
TCGA-E3-A3E3-01 0.32 0.476622542732869 0.901422257953 0.6935426
TCGA-DJ-A3UO-01 0.29 0.48 0.896743786474 0.753868
TCGA-BJ-A45H-01 0.31 0.31 0.809427882563 0.1611081
TCGA-DJ-A13R-01 0.44 0.39 0.630075406508 0.5159652
TCGA-DJ-A2PT-01 0.3 0.32 0.666379004139 0.515506
TCGA-EM-A22O-01 0.37 0.96 0.922716783726 0.8225528
TCGA-EM-A3AQ-01 0.32 0.484377227232991 0.871777440456 0.8140682
TCGA-EL-A3CM-01 0.31 0.29 0.781369004611 0.1994828
TCGA-EL-A3ZH-01 0.29 0.494952132814945 0.931440434335 0.7986386
TCGA-CE-A481-01 0.3 0.33 0.764310152188 0.4156714
TCGA-EL-A3GP-01 0.34 0.59 0.545985627021 0.5703111
TCGA-L6-A4EQ-01 0.34 0.64 0.904606038986 0.8386452
TCGA-EM-A3FL-01 0.26 0.38 0.932264994129 0.5112223
TCGA-FY-A3W9-01 0.92 0.74 0.955700313291 0.8979425
TCGA-DE-A4MA-01 0.3 0.471510646439476 0.823788774607 0.8389408
TCGA-DE-A4MB-01 0.39 0.38 0.732741569421 0.6430768
TCGA-FY-A2QD-01 0.28 0.86 0.978356680783 0.7176071
TCGA-DJ-A3UR-01 0.47 0.28 0.880413848119 0.8686794
TCGA-DJ-A3V4-01 0.29 0.31 0.840941922921 0.6038823
TCGA-EL-A3CR-01 0.24 0.35 0.613429148395 0.2254421
TCGA-EM-A2OY-01 0.75 0.72 0.955295707752 0.6499579
TCGA-CE-A482-01 0.33 0.34 0.853290648953 0.3070251
TCGA-E8-A418-01 0.56 0.35 0.894270329741 0.797995
TCGA-EM-A3SU-06 0.53 0.38 0.607364723273 0.484818361838617
TCGA-EM-A3AJ-01 0.53 0.32 0.691272719095 0.1420449
TCGA-DJ-A13L-01 0.34 0.46 0.607706135916 0.2537454
TCGA-DJ-A3VM-01 0.36 0.7 0.918809794348 0.7474878
TCGA-EM-A2OV-01 0.24 0.29 0.945546501652 0.2901148
TCGA-ET-A39O-01 0.31 0.44 0.76282895768 0.7163258
TCGA-FE-A3PC-01 0.34 0.27 0.831366838712 0.8419814
TCGA-DJ-A3VD-01 0.39 0.29 0.576352791124 0.1648595
TCGA-EL-A4K6-01 0.33 0.5 0.973701400598 0.8895055
TCGA-E3-A3E2-01 0.27 0.53 0.709640543981 0.6447114
TCGA-J8-A3O1-01 0.89 0.45 0.956072542762 0.837911
TCGA-GE-A2C6-01 0.2 0.51 0.715563609503 0.1619153
TCGA-EL-A3ZG-01 0.44 0.26 0.902040694433 0.1576455
TCGA-FY-A3NM-01 0.59 0.92 0.957692898718 0.7580487
TCGA-EL-A3CO-01 0.3 0.32 0.58947430771 0.1807909
TCGA-KS-A4IB-01 0.8 0.72 0.927324289236 0.7741376
TCGA-EL-A3D5-01 0.55 0.61 0.936115164618 0.623053
TCGA-EL-A4JW-01 0.28 0.38 0.843772575135 0.3471669
TCGA-DJ-A2PS-01 0.32 0.53 0.817998397901 0.6174052
TCGA-DJ-A2Q9-01 0.28 0.36 0.518074424163 0.1394966
TCGA-ET-A3DP-01 0.31 0.48 0.810191765087 0.6864883
TCGA-EM-A3FQ-06 0.39 0.464534825474373 0.865005643175 0.607783124055402
TCGA-EL-A3ZM-01 0.38 0.39 0.775455488914 0.5396161
TCGA-J8-A3YE-01 0.46 0.29 0.952581278139 0.8074802
TCGA-J8-A3NZ-01 0.65 0.26 0.854272720012 0.7523147
TCGA-IM-A41Z-01 0.4 0.26 0.815063413982 0.5488561
TCGA-EL-A3T9-01 0.3 0.6 0.710557441409 0.6162497
TCGA-DJ-A2Q3-01 0.28 0.54 0.703991598599 0.241972
TCGA-EM-A4FO-01 0.26 0.27 0.556892255892 0.2619883
TCGA-DJ-A1QD-01 0.63 0.31 0.878390194991 0.2123261
TCGA-ET-A40T-01 0.41 0.435153197874695 0.757693332848 0.5925669
TCGA-E8-A415-01 0.32 0.23 0.871541231596 0.256584
TCGA-DJ-A13P-01 0.33 0.75 0.879387279239 0.6497214
TCGA-H2-A422-01 0.38 0.35 0.940261711588 0.7282753
TCGA-ET-A3DO-01 0.3 0.35 0.693233937694 0.6203434
TCGA-BJ-A45K-01 0.32 0.46 0.948690151207 0.7890909
TCGA-EL-A3GQ-01 0.31 0.78 0.796217930729 0.7508827
TCGA-DE-A69K-01 0.3 0.468310336645349 0.85702491733 0.7450307
TCGA-BJ-A45D-01 0.36 0.55 0.822299730148 0.230209
TCGA-DJ-A2PY-01 0.34 0.26 0.772187107581 0.708927
TCGA-L6-A4EU-01 0.27 0.66 0.763871287141 0.6453562
TCGA-EL-A3ZQ-01 0.35 0.29 0.771199956915 0.6928917
TCGA-DJ-A3V3-01 0.28 0.4 0.791817668258 0.8180446
TCGA-EM-A22M-01 0.31 0.57 0.625617720773 0.2847261
TCGA-BJ-A0ZF-01 0.386101170716004 0.476044479072103 0.898525915481 0.627640376528125
TCGA-EM-A3ST-01 0.56 0.56 0.937408667859 0.7635696
TCGA-FY-A3R6-01 0.43 0.3 0.636810670915 0.4000213
TCGA-ET-A40P-01 0.63 0.68 0.823927300498 0.6232642
TCGA-ET-A39M-01 0.29 0.39 0.647641778371 0.5030712
TCGA-ET-A3BV-01 0.22 0.349063048818769 0.712706166585 0.235819
TCGA-DJ-A2PV-01 0.23 0.36 0.772110058944 0.628614
TCGA-DJ-A4V4-01 0.23 0.37 0.857497439537 0.2014924
TCGA-EM-A1CW-01 0.77 0.32 0.815269005025 0.4966246
TCGA-DJ-A3UW-01 0.48 0.45 0.66094579601 0.11665062
TCGA-IM-A3U3-01 0.2 0.48 0.825647328139 0.7329095
TCGA-EL-A3D4-01 0.25 0.59 0.85318517422 0.2817841
TCGA-EM-A2CN-01 0.36 0.59 0.970762427126 0.8593199
TCGA-E8-A433-01 0.4 0.2 0.775068082435 0.6764214
TCGA-FY-A3ON-01 0.26 0.37 0.830662606875 0.1430123
TCGA-ET-A3DR-01 0.31 0.53 0.929486249905 0.6653361
TCGA-FE-A235-01 0.34 0.75 0.807606603363 0.8154979
TCGA-EL-A3H3-01 0.27 0.33 0.686651957003 0.1661364
TCGA-DE-A4MD-01 0.93 0.81 0.960991085788 0.934122
TCGA-EL-A3ZT-01 0.28 0.33 0.881507626332 0.8421138
TCGA-BJ-A2N7-01 0.33 0.53 0.905606219761 0.8174323
TCGA-E8-A416-01 0.24 0.39 0.871367275438 0.1821805
TCGA-EM-A4FR-01 0.27 0.7 0.887871057121 0.7562474
TCGA-KS-A41L-01 0.43 0.54 0.94480986989 0.7221431
TCGA-CE-A27D-01 0.34 0.36 0.629368873909 0.1261102
TCGA-E3-A3DZ-01 0.35 0.67 0.939261453937 0.7445235
TCGA-ET-A25O-01 0.29 0.86 0.967437266799 0.8328576
TCGA-J8-A3YD-01 0.38 0.21 0.920396018733 0.1710273
TCGA-EM-A1YC-01 0.42 0.95 0.950484012964 0.288632
TCGA-DJ-A3UX-01 0.28 0.36 0.811286900592 0.3957864
TCGA-DJ-A2PX-01 0.66 0.395790597343471 0.693008827964 0.1773515
TCGA-EL-A4KG-01 0.28 0.35 0.789659527329 0.4836374
TCGA-EL-A3MZ-01 0.34 0.438565385772373 0.794600664823 0.6122093
TCGA-EM-A3O8-01 0.27 0.33 0.943923116572 0.8397604
TCGA-KS-A4I3-01 0.52 0.514569007824211 0.905303694232 0.7653126
TCGA-DJ-A1QO-01 0.28 0.28 0.804799317499 0.6257546
TCGA-ET-A2N5-01 0.7 0.24 0.912780833281 0.8124475
TCGA-DJ-A1QE-01 0.34 0.36 0.857678564975 0.8299349
TCGA-EM-A3FN-01 0.35 0.485369237625169 0.916738329212 0.6962384
TCGA-DJ-A13S-01 0.31 0.36 0.921915288168 0.6901058
TCGA-EM-A3O7-01 0.31 0.32 0.90684328476 0.8974374
TCGA-BJ-A0Z3-01 0.36 0.21 0.706393424185 0.4279516
TCGA-QD-A8IV-01 0.35 0.498048976790473 0.908509229662 0.8086733
TCGA-H2-A2K9-01 0.36 0.49 0.945431901056 0.8449388
TCGA-EL-A3H4-01 0.34 0.4 0.891881226328 0.9108143
TCGA-EM-A3SY-01 0.29 0.59 0.903753674052 0.4175155
TCGA-EL-A3CU-01 0.36 0.2 0.699710311816 0.3854269
TCGA-E8-A414-01 0.4 0.37 0.727667234958 0.4700126
TCGA-H2-A3RI-01 0.57 0.23 0.867677962102 0.7240637
TCGA-FK-A3S3-01 0.24 0.34 0.875072509136 0.6440205
TCGA-DJ-A3VG-01 0.43 0.65 0.8904289127 0.7610925
TCGA-EM-A4FU-01 0.34 0.66 0.863205952804 0.6510621
TCGA-ET-A3BS-01 0.32 0.66 0.662273996342 0.6532247
TCGA-DJ-A13W-01 0.3 0.37 0.827268421918381 0.7389337
TCGA-BJ-A3PT-01 0.45 0.2 0.751037907664 0.5385591
TCGA-ET-A3BN-01 0.27 0.31 0.918363699885 0.6411595
TCGA-EM-A3FJ-01 0.39 0.5 0.858548505733 0.157672
TCGA-ET-A3BX-01 0.59 0.35 0.891784602431 0.4797718
TCGA-BJ-A28Z-01 0.32 0.46 0.522847180123 0.4258968
TCGA-EL-A4KH-01 0.29 0.33 0.814171852906 0.2680337
TCGA-DJ-A13T-01 0.66 0.78 0.898616540773 0.8070477
TCGA-DJ-A2QA-01 0.49 0.48 0.827928786437 0.5256821
TCGA-E8-A413-01 0.44 0.27 0.725467761782 0.5018342
TCGA-EM-A2P1-01 0.25 0.5 0.557985557711 0.1298946
TCGA-DJ-A3V9-01 0.45 0.32 0.835846253734 0.1314489
TCGA-EM-A2CS-01 0.378859723893715 0.42 0.888183580548 0.605982838141874
TCGA-MK-A4N7-01 0.35 0.48 0.901197728219 0.7369881
TCGA-DJ-A1QN-01 0.22 0.49 0.843457733637 0.27634
TCGA-DJ-A2Q6-01 0.29 0.36 0.786147700677 0.6225376
TCGA-EM-A2P2-01 0.49 0.78 0.927714389424 0.7318311
TCGA-E8-A417-01 0.31 0.3 0.835538385995 0.1517096
TCGA-FE-A230-01 0.27 0.31 0.809871983902 0.2953274
TCGA-EM-A3SX-01 0.3 0.58 0.890919580794 0.7445068
TCGA-DJ-A2Q5-01 0.24 0.69 0.656600291028 0.1407011
TCGA-EL-A3CW-01 0.34 0.41 0.704044447124 0.1480565
TCGA-EL-A3MW-01 0.28 0.33 0.843988987737 0.880939
TCGA-EM-A1CS-01 0.37 0.72 0.890701666107 0.6256004
TCGA-DJ-A3UU-01 0.62 0.28 0.773313789718 0.6131885
TCGA-KS-A41I-01 0.55 0.62 0.76904690813 0.5958416
TCGA-FY-A4B0-01 0.55 0.66 0.881903441051 0.4994929
TCGA-MK-A4N6-01 0.33 0.41 0.78276968112 0.6549981
TCGA-DJ-A3VB-01 0.27 0.35 0.801449825496 0.658021
TCGA-EM-A3FK-01 0.4 0.470157115637169 0.942570616305 0.476594
TCGA-BJ-A4O8-01 0.28 0.58 0.717661748811 0.6276744
TCGA-FY-A40L-01 0.35 0.36 0.79919119014 0.6845782
TCGA-FE-A236-01 0.43 0.41 0.917157620987 0.7597964
TCGA-ET-A39R-01 0.36 0.31 0.668364322405 0.5988493
TCGA-EL-A4K1-01 0.29 0.38 0.804692754224 0.8717579
TCGA-EM-A3FR-01 0.3 0.93 0.927262508419 0.6155566
TCGA-EL-A3T6-01 0.37 0.435000163756011 0.763993557111 0.6191195
TCGA-DJ-A3UQ-01 0.53 0.35 0.728066049746 0.4854094
TCGA-DJ-A2QC-01 0.28 0.38 0.827612203713 0.7237594
TCGA-FY-A3R7-01 0.2 0.411082934687394 0.810665246177 0.515564215685231
TCGA-DJ-A13V-01 0.3 0.35 0.866199908571 0.7556055
TCGA-FY-A3YR-01 0.62 0.31 0.811853497832 0.7911666
TCGA-EM-A2CQ-01 0.43 0.26 0.935004847058 0.5489278
TCGA-FY-A40K-01 0.27 0.26 0.744974247968 0.6645689
TCGA-E8-A2EA-01 0.48 0.33 0.620917727401 0.5276775
TCGA-BJ-A0ZG-01 0.28 0.32 0.889818806163 0.9535329
TCGA-DJ-A3V2-01 0.33 0.35 0.651581085043 0.3450014
TCGA-FE-A232-01 0.39 0.33 0.788649848726 0.4360923
TCGA-EM-A2OZ-01 0.26 0.74 0.905544517187 0.6399515
TCGA-E3-A3E1-01 0.69 0.50640950426443 0.862619769073 0.6198257
TCGA-EM-A2P0-01 0.31 0.64 0.887101916648 0.5203115
TCGA-EM-A1YD-01 0.28 0.375825114638341 0.830812857729 0.12677641
TCGA-EL-A4K2-01 0.27 0.59 0.76826436675 0.4670351
TCGA-EM-A3AP-01 0.39 0.71 0.886762626717 0.502575
TCGA-J8-A3O2-01 0.27 0.29 0.778229466513 0.322823
TCGA-EL-A3CZ-01 0.36 0.27 0.915184042261 0.5410813
TCGA-EM-A22Q-01 0.5 0.56 0.866420079391 0.6656604
TCGA-BJ-A0ZC-01 0.3 0.71 0.924476418584 0.7476427
TCGA-EM-A1CU-01 0.39 0.35 0.869542878005 0.8188651
TCGA-EL-A3D6-01 0.27 0.35 0.741843778363 0.5496457
TCGA-E8-A438-01 0.26 0.434236869943158 0.862476516555 0.5188848
TCGA-EL-A3ZS-01 0.39 0.5 0.686487045576 0.1307306
TCGA-H2-A421-01 0.49 0.3 0.714849931314 0.5972645
TCGA-EL-A3ZN-01 0.33 0.438051802904674 0.852051913457 0.497766
TCGA-FE-A3PD-01 0.57 0.79 0.82119491159 0.7643533
TCGA-EL-A4K0-01 0.32 0.38 0.773521677847 0.5395695
TCGA-IM-A4EB-01 0.26 0.39 0.729796557356 0.4621651
TCGA-ET-A40R-01 0.56 0.45 0.791497412937 0.2361321
TCGA-BJ-A2N9-01 0.55 0.81 0.829935640369 0.5505875
TCGA-J8-A4HY-01 0.26 0.419756394059061 0.876541286662 0.3806669
TCGA-DJ-A3UT-01 0.27 0.61 0.935220892906 0.8232567
TCGA-EL-A4JZ-01 0.27 0.59 0.63383016753 0.5071042
TCGA-FY-A76V-01 0.58 0.490994238445075 0.835756201998 0.6732878
TCGA-EM-A3SZ-01 0.35 0.46 0.836920938125 0.6191941
TCGA-DJ-A4UQ-01 0.45 0.42 0.829925047004 0.6403802
TCGA-E8-A437-01 0.42 0.451223608398833 0.879767272228 0.4461567
TCGA-DJ-A1QI-01 0.33 0.31 0.857058782858 0.6907369
TCGA-J8-A3YH-06 0.4 0.59 0.761901773803 0.587030940404057
TCGA-BJ-A191-01 0.42 0.81 0.918213472907 0.8598774
TCGA-ET-A25K-01 0.3 0.31 0.867347814416 0.6643841
TCGA-J8-A4HW-06 0.31 0.31 0.678042666815 0.44753585049018
TCGA-E8-A2JQ-01 0.314773400935473 0.35239693704927 0.593568877554 0.414315063239522
TCGA-FE-A237-01 0.3 0.454145470066503 0.826675890458 0.702589
TCGA-ET-A3DU-01 0.26 0.24 0.600737656772 0.1949489
TCGA-EM-A1YA-01 0.36 0.24 0.933668162414 0.7203697
TCGA-J8-A3YF-01 0.27 0.31 0.754900858985 0.6399378
TCGA-EM-A3AR-01 0.31 0.42 0.854015312346 0.1429709
TCGA-EL-A3H5-01 0.35 0.31 0.540337103078 0.5136285
TCGA-BJ-A45I-01 0.28 0.31 0.714535035718 0.2009001
TCGA-IM-A420-01 0.38 0.23 0.752608505767 0.3952209
TCGA-EL-A3CT-01 0.26 0.3 0.766049638387 0.4512092
TCGA-FY-A4B4-01 0.28 0.38 0.823148046549 0.7090177
TCGA-EM-A3OB-01 0.47 0.8 0.953427517538 0.8815715
TCGA-BJ-A3EZ-01 0.382752185110495 0.3 0.879708580828 0.7968415
TCGA-FK-A3SH-01 0.38 0.32 0.908506952487 0.5637209
TCGA-DJ-A4V2-01 0.29 0.41 0.853114689467 0.6004788
TCGA-J8-A4HW-01 0.31 0.26 0.93088780548 0.5187829
TCGA-BJ-A0ZE-01 0.35 0.72 0.943308062227 0.7523777
TCGA-FY-A3R8-01 0.48 0.28 0.796873130058 0.3640491
TCGA-DJ-A2PW-01 0.31 0.28 0.820630426605 0.9324951
TCGA-DJ-A4UR-01 0.32 0.72 0.839680092391 0.7032355
TCGA-ET-A3BT-01 0.38 0.3 0.857607528176 0.7774031
TCGA-CE-A485-01 0.37 0.39 0.716576729638 0.3282286
TCGA-J8-A42S-01 0.29 0.38 0.867449663277 0.1937912
TCGA-DE-A4M9-01 0.56 0.32 0.949831287872 0.2585727
TCGA-BJ-A18Z-01 0.59 0.31 0.778471518893 0.2585925
TCGA-EM-A3FM-01 0.35 0.4 0.791988672638 0.7705288
TCGA-EL-A3CX-01 0.83 0.7 0.88191902592 0.9413293
TCGA-BJ-A0ZB-01 0.34 0.43 0.891619005068 0.7910939
TCGA-EM-A2CR-01 0.372401683166005 0.4522962535529 0.83995468639 0.586668291146947
TCGA-BJ-A2N8-01 0.29 0.35 0.883926294703 0.7096048
TCGA-DJ-A2Q2-01 0.41 0.401904974534455 0.840567163149 0.1688316
TCGA-EL-A3GV-01 0.28 0.33 0.797585802098 0.9421623
TCGA-KS-A4I9-01 0.28 0.36 0.838656141187 0.6348203
TCGA-BJ-A28X-01 0.2 0.61 0.540985460119 0.4288051
TCGA-DJ-A2PU-01 0.31 0.38 0.824310999113 0.7776865
TCGA-FY-A4B3-01 0.34 0.37 0.858767730937 0.3693461
TCGA-FY-A3I4-01 0.28 0.29 0.753610966598 0.1408831
TCGA-EM-A3FQ-01 0.25 0.331333896764409 0.689783547065 0.12030476
TCGA-DJ-A3UM-01 0.28 0.45746304121545 0.842508650024 0.7146556
TCGA-BJ-A45F-01 0.42 0.38 0.881652283672 0.4712498
TCGA-DJ-A3V5-01 0.28 0.31 0.828174300257 0.5229024
TCGA-DJ-A3US-01 0.39 0.9 0.72656569695 0.5279832
TCGA-DJ-A3V6-01 0.363762147843217 0.437319515738594 0.803016939574 0.560829384574198
TCGA-DE-A0Y3-01 0.49 0.55 0.923568597217 0.8475778
TCGA-BJ-A45J-01 0.34 0.39 0.862233183427 0.2049975
TCGA-DJ-A3V0-01 0.39 0.33 0.778997065863 0.7061424
TCGA-DJ-A1QF-01 0.67 0.42 0.863395213357 0.2064295
TCGA-ET-A4KQ-01 0.36 0.43 0.9074753175 0.5112145
TCGA-DJ-A3VK-01 0.3 0.53 0.856988518451 0.2429638
TCGA-ET-A39K-01 0.45 0.35 0.812411749743 0.795476
TCGA-EM-A3AO-01 0.25 0.28 0.770881800479 0.6499978
TCGA-FK-A3SD-01 0.2 0.24 0.94966795085 0.566377
TCGA-EL-A3ZL-01 0.38 0.92 0.845939479606 0.8091102
TCGA-DJ-A4V0-01 0.35 0.352638614785723 0.682123521427 0.1938731
TCGA-DE-A4MD-06 0.39 0.58 0.761987530245 0.581929822989733
TCGA-E8-A432-01 0.26 0.53 0.78050007659 0.366524
TCGA-ET-A3DT-01 0.21 0.27 0.580781268927 0.3805057
TCGA-EL-A3GU-01 0.3 0.447367311569891 0.79845608043 0.711087
TCGA-IM-A41Y-01 0.31 0.32 0.920529748497 0.6065271
TCGA-EM-A2OX-01 0.29 0.3 0.827698172516 0.3325723
TCGA-EL-A3T0-01 0.32 0.49 0.775167454942 0.1216569
TCGA-IM-A3ED-01 0.37 0.24 0.760467394237 0.6046914
TCGA-FY-A3R9-01 0.25 0.29 0.921090948813 0.5780606
TCGA-EL-A3CL-01 0.41 0.69 0.895030054282 0.6913702
TCGA-EM-A3AK-01 0.3 0.27 0.825190453204 0.5602942
TCGA-DE-A7U5-01 0.53 0.42954457611306 0.706354837697 0.5356081
TCGA-MK-A4N9-01 0.24 0.32 0.904267674298 0.1304255
TCGA-CE-A3ME-01 0.87 0.28 0.900753380371 0.7746534
TCGA-BJ-A28R-01 0.39 0.8 0.817653836501 0.6613184
TCGA-J8-A3YH-01 0.3 0.49 0.881134253815 0.25223
TCGA-EM-A2CO-01 0.41 0.473036809005933 0.923346139155 0.5283925
TCGA-DJ-A2PO-01 0.32 0.73 0.742779495091 0.6427547
TCGA-E8-A434-01 0.4 0.41 0.875006896084 0.5306977
TCGA-DJ-A2Q0-01 0.3 0.45 0.906327497951 0.303613
TCGA-DE-A4MC-01 0.6 0.41 0.797198069718 0.7584672
TCGA-EM-A3FO-01 0.34 0.25 0.933342429493 0.7228495
TCGA-CE-A483-01 0.26 0.36 0.921554053875 0.2572992
TCGA-EL-A3CP-01 0.33 0.4 0.900922241975 0.5594525
TCGA-EL-A3CN-01 0.3 0.36 0.717948008557 0.6320939
TCGA-BJ-A18Y-01 0.33 0.59 0.891792822542 0.5544586
TCGA-E8-A419-01 0.34 0.43 0.732959687001 0.4245333
TCGA-EM-A4FQ-01 0.29 0.31 0.78930901183 0.7248132
TCGA-ET-A3BP-01 0.39 0.55 0.868932029464 0.5423497
TCGA-DJ-A2PR-01 0.28 0.39 0.846034845827 0.5807699
TCGA-DJ-A2PZ-01 0.26 0.24 0.817766542871 0.6563407
TCGA-FY-A3WA-01 0.44 0.8 0.959800793215 0.7154201
TCGA-EM-A3AN-01 0.29 0.36 0.873507950887 0.6055068
TCGA-DO-A1JZ-01 0.79 0.39 0.925230576894 0.9678958
TCGA-CE-A3MD-01 0.44 0.45 0.792009888687 0.6897996
TCGA-EL-A3ZP-01 0.34 0.26 0.71003530676 0.7505303
TCGA-KS-A41J-01 0.43 0.27 0.806564269823 0.8589635
TCGA-FE-A3PA-01 0.32 0.468433888145701 0.831301388869 0.7795823
TCGA-EL-A4K7-01 0.26 0.27 0.92369509583 0.1931662
TCGA-KS-A4ID-01 0.7 0.442221585410272 0.718796946477 0.4305065
TCGA-DJ-A13X-01 0.59 0.53 0.867886195903 0.5805309
TCGA-DJ-A2Q8-01 0.31 0.34 0.752474032529573 0.1318831
TCGA-ET-A2MY-01 0.27 0.56 0.900343382865 0.8412525
TCGA-EM-A2CS-06 0.379542083409354 0.464674222776751 0.870482982936 0.608023621947353
TCGA-ET-A3DQ-01 0.22 0.26 0.719495873388 0.2682543
TCGA-EL-A3N3-01 0.47 0.33 0.735789387354 0.5266251
TCGA-FY-A3TY-01 0.42 0.36 0.612531450165 0.1997379
TCGA-EM-A22K-01 0.27 0.77 0.905655414737 0.6948919
TCGA-DJ-A3VF-01 0.27 0.366358731834252 0.643597429869 0.459734
TCGA-DJ-A3VE-01 0.33 0.37 0.866575866531 0.7230618
TCGA-ET-A2N3-01 0.32 0.28 0.964897899277 0.7360721
TCGA-FE-A3PB-01 0.3 0.4 0.683304233247 0.6022541
TCGA-KS-A4IC-01 0.33 0.426256528811924 0.866723751832 0.3784167
TCGA-EM-A2OW-01 0.39 0.35 0.874907220719 0.546409
TCGA-DJ-A1QQ-01 0.34 0.45 0.851250395344 0.6538999
TCGA-ET-A3DS-01 0.28 0.76 0.914250497502 0.5853138
TCGA-EM-A3SU-01 0.45 0.38 0.722064390852 0.2191174
TCGA-EL-A3GR-01 0.27 0.4 0.809940971001 0.6485838
TCGA-BJ-A28T-01 0.42 0.42 0.526902378336 0.8165173
TCGA-EL-A3T8-01 0.72 0.67 0.856299220138 0.8323813
TCGA-FK-A4UB-01 0.28 0.43 0.878653480792 0.6604972
TCGA-EM-A4FN-01 0.29 0.33 0.812934039503 0.7683887
TCGA-EM-A4G1-01 0.88 0.69 0.873907011983 0.4133535
TCGA-BJ-A28S-01 0.31 0.44 0.936503466538 0.8151535
TCGA-BJ-A3F0-01 0.31 0.48 0.882921025828 0.2131339
TCGA-EL-A3ZK-01 0.26 0.21 0.84746252468 0.6426214
TCGA-EL-A3GY-01 0.33 0.3 0.825370102292 0.10213599
TCGA-DJ-A3UN-01 0.29 0.64 0.837298288861 0.6942805
TCGA-DJ-A4UL-01 0.3 0.36 0.835373077376 0.7288602
TCGA-ET-A25I-01 0.65 0.25 0.837131832928 0.6822616
TCGA-ET-A2MX-01 0.29 0.35 0.934731055416 0.8607279
TCGA-DJ-A13O-01 0.35 0.61 0.776299632845 0.586785599170416
TCGA-EL-A3H8-01 0.27 0.33 0.897218698221 0.7281183
TCGA-DO-A1K0-01 0.69 0.560821244860574 0.90411942103 0.9407626
TCGA-EM-A22I-01 0.29 0.4 0.841153579537 0.6561875
TCGA-DJ-A3UZ-01 0.28 0.35 0.807091579423 0.12722049
TCGA-DJ-A2Q7-01 0.34 0.35 0.819976650007 0.5397627
TCGA-ET-A39P-01 0.35 0.482208764897445 0.870198273878 0.7704076
TCGA-EM-A22L-01 0.29 0.71 0.951955930229 0.7574798
TCGA-EM-A2CL-01 0.37 0.42 0.959950699644 0.9728181
TCGA-ET-A39L-01 0.3 0.22 0.869456584609 0.1437038
TCGA-ET-A2N1-01 0.31 0.51 0.843739378309039 0.7270996
TCGA-EM-A3AL-01 0.3 0.43 0.912712675309 0.6352286
TCGA-EL-A3CY-01 0.2 0.27 0.395979546577 0.1419136
TCGA-E3-A3DY-01 0.35 0.29 0.834387135541 0.6066176
TCGA-EM-A3OA-01 0.29 0.31 0.956613594273 0.7629487
TCGA-EL-A3MX-01 0.49 0.64 0.942114252931 0.7505124
TCGA-BJ-A0ZJ-01 0.38 0.44 0.686475964355 0.4310493
TCGA-E8-A44K-01 0.65 0.29 0.820806314092 0.3771353
TCGA-DJ-A3VI-01 0.43 0.35 0.929096581116 0.797162
TCGA-EL-A3H2-01 0.31 0.78 0.908330794986 0.8106023
TCGA-DJ-A1QM-01 0.29 0.25 0.805140258864 0.1224522
TCGA-FY-A40M-01 0.51 0.539611941419234 0.942721588078 0.8847364
TCGA-EL-A3N2-01 0.32 0.24 0.858698440267 0.757446
TCGA-FE-A234-01 0.3 0.443022294471797 0.842240406182 0.5864046
TCGA-EL-A3CS-01 0.26 0.31 0.912948971143 0.7038928
TCGA-E3-A3E0-01 0.56 0.43 0.868986909541 0.6318306
TCGA-FY-A3BL-01 0.29 0.459174488800976 0.941523151971 0.5090165
TCGA-ET-A40Q-01 0.49 0.47 0.74245447029 0.6073299
TCGA-EM-A1YB-01 0.47 0.54 0.898229769375 0.5235155
TCGA-EM-A2P1-06 0.29 0.44 0.638444034051 0.454127769763742
TCGA-IM-A3U2-01 0.35 0.457800351016103 0.849344542949 0.6311452
TCGA-EM-A3O9-01 0.45 0.39179022023561 0.811915291897 0.11225498
TCGA-BJ-A0Z0-01 0.5 0.85 0.966074685091 0.6672031
