abscnseq ascat estimate purbayes
TCGA-EA-A5ZD-01 0.369539704657575 0.363026533333333 0.443966528884506 0.360004215876545
TCGA-EK-A2PG-01 0.650744936322583 0.6812534 0.828145833333333 0.465837595474982
TCGA-EA-A439-01 0.393239501476515 0.623133318501906 0.552482353737278 0.497078266666667
TCGA-C5-A8XK-01 0.643726661335219 0.653893864193514 0.671553084417495 0.651145269630924
TCGA-Q1-A6DW-01 0.723087966666667 0.743848766666667 0.636884466666667 0.699051193128778
TCGA-VS-A8EK-01 0.664683832293745 0.6781875537524 0.712083200780221 0.653028230150822
TCGA-ZJ-AAXJ-01 0.702827064057887 0.680677338685581 0.6812534 0.646070164335502
TCGA-ZJ-AAXT-01 0.539968769460254 0.575569728130925 0.659951457115343 0.575569728130925
TCGA-JW-A852-01 0.411117484247679 0.544278403418074 0.652395033333333 0.621907835882167
TCGA-C5-A1M5-01 0.51930331681426 0.772304666666667 0.512798838880699 0.688646435527712
TCGA-LP-A4AW-01 0.393239501476515 0.349740533333333 0.50231601272135 0.360716724424281
TCGA-Q1-A5R3-01 0.650744936322583 0.714651133333333 0.5807571 0.705129105873156
TCGA-DS-A0VK-01 0.9066571 0.558286566666667 0.667060466666667 0.591376489314555
TCGA-VS-A954-01 0.677591262264773 0.650744936322583 0.6134173 0.6675602
TCGA-EK-A2PM-01 0.712083200780221 0.558286566666667 0.906717233333333 0.725233417657788
TCGA-C5-A1BK-01 0.393239501476515 0.415690966666667 0.3166462 0.421092166666667
TCGA-Q1-A73S-01 0.823086966666667 0.783340178700622 0.830915533333333 0.703633826707056
TCGA-VS-A8Q8-01 0.592348824028268 0.567959802194172 0.481911649912004 0.653893864193514
TCGA-JW-AAVH-01 0.650744936322583 0.688646435527712 0.783340178700622 0.667030843034831
TCGA-EA-A5ZE-01 0.921000333333333 0.6134173 0.363239433333333 0.655320862793144
TCGA-EA-A556-01 0.6305424 0.5210464 0.643726661335219 0.763704533333333
TCGA-EK-A2RK-01 0.7962063 0.779442733333333 0.567959802194172 0.6978602
TCGA-C5-A8XJ-01 0.667030843034831 0.574230069389774 0.558286566666667 0.535219069965295
TCGA-EA-A5ZF-01 0.667030843034831 0.6134173 0.655320862793144 0.664683832293745
TCGA-Q1-A73O-01 0.360004215876545 0.421092166666667 0.557139986328945 0.521905566666667
TCGA-Q1-A73Q-01 0.788885876054151 0.828145833333333 0.733475533333333 0.7962063
TCGA-EA-A50E-01 0.562687698471776 0.291589466666667 0.413102571746458 0.492655
TCGA-ZJ-AAXF-01 0.2789148 0.346686846439643 0.3876695 0.280931633333333
TCGA-VS-A9V4-01 0.360004215876545 0.554013075198773 0.812073133333333 0.58807159370944
TCGA-C5-A7XC-01 0.549239405906866 0.443966528884506 0.468641533300987 0.329757133333333
TCGA-JW-A5VK-01 0.844272566666667 0.714651133333333 0.7758904 0.921000333333333
TCGA-FU-A2QG-01 0.712083200780221 0.853241333333333 0.735425542100566 0.749627233333333
TCGA-VS-A94W-01 0.732763466666667 0.508810396757669 0.405958833333333 0.448381833333333
TCGA-MU-A51Y-01 0.306675533333333 0.421092166666667 0.33337018545856 0.389744422447027
TCGA-RA-A741-01 0.346686846439643 0.353144832799784 0.448933890093941 0.2091958
TCGA-FU-A3TX-01 0.718957566666667 0.636666866666667 0.6138947 0.635590337003302
TCGA-DG-A2KL-01 0.527028119876817 0.446742766666667 0.367621295463001 0.441584608654375
TCGA-VS-A9U7-01 0.684612666666667 0.63385795974471 0.4786632 0.707454466666667
TCGA-VS-A9UL-01 0.549239405906866 0.705838946908739 0.660850560251196 0.8782464
TCGA-EA-A3Y4-01 0.6978602 0.5421732 0.337954666666667 0.532273104272087
TCGA-C5-A8ZZ-01 0.619674192672011 0.58653192154916 0.579909218704617 0.576071220732844
TCGA-EK-A2RD-01 0.455047533674363 0.5421732 0.5108141 0.5421732
TCGA-DG-A2KJ-01 0.51930331681426 0.594273514449463 0.401953333333333 0.772304666666667
TCGA-IR-A3LI-01 0.6305424 0.9066571 0.729026966666667 0.8387703
TCGA-C5-A1BI-01 0.360004215876545 0.492655 0.375697061306629 0.2789148
TCGA-EA-A3HT-01 0.393239501476515 0.349740533333333 0.4474417 0.497477433333333
TCGA-FU-A770-01 0.435771144073187 0.55565298691619 0.70708 0.58603092628266
TCGA-EK-A2PI-01 0.667030843034831 0.667030843034831 0.707454466666667 0.706717
TCGA-DS-A0VM-01 0.702827064057887 0.763306866666667 0.53287131112687 0.6134173
TCGA-ZJ-AAXI-01 0.677591262264773 0.727616914189524 0.723087966666667 0.812537066666667
TCGA-C5-A1MJ-01 0.435771144073187 0.527028119876817 0.4783706 0.714651133333333
TCGA-DR-A0ZM-01 0.2789148 0.383025233333333 0.360716724424281 0.446742766666667
TCGA-DS-A7WF-01 0.48673031250714 0.615778677516907 0.677591262264773 0.691355266666667
TCGA-JW-A5VG-01 0.7474634 0.743848766666667 0.576071220732844 0.667060466666667
TCGA-DS-A1OC-01 0.591376489314555 0.566179616471852 0.574230069389774 0.574230069389774
TCGA-VS-A9U5-01 0.61166288840916 0.481911649912004 0.601539862475287 0.306675533333333
TCGA-VS-A8EG-01 0.527028119876817 0.660850560251196 0.763306866666667 0.736316092324239
TCGA-EK-A2R7-01 0.602343886965805 0.714651133333333 0.549239405906866 0.528942598006076
TCGA-VS-A9UP-01 0.659951457115343 0.659951457115343 0.931315166666667 0.543061233333333
TCGA-WL-A834-01 0.732763466666667 0.725233417657788 0.723489033333333 0.693203766666667
TCGA-ZJ-AAX4-01 0.702827064057887 0.549239405906866 0.4011911 0.573985955868993
TCGA-EA-A3QD-01 0.5807571 0.446742766666667 0.238943066666667 0.501509566666667
TCGA-ZJ-AB0I-01 0.844272566666667 0.736316092324239 0.636666866666667 0.667236166666667
TCGA-ZJ-A8QR-01 0.6305424 0.644786757874712 0.688646435527712 0.631655066666667
TCGA-LP-A4AU-01 0.225009966666667 0.225009966666667 0.602343886965805 0.273801833333333
TCGA-EK-A2RA-01 0.435771144073187 0.4783706 0.522194333333333 0.489633552200009
TCGA-IR-A3LF-01 0.306675533333333 0.249147733333333 0.6305424 0.302132216453369
TCGA-EK-A2GZ-01 0.393239501476515 0.291589466666667 0.680677338685581 0.435771144073187
TCGA-VS-A8EL-01 0.306675533333333 0.393239501476515 0.3302981 0.448548533333333
TCGA-DS-A7WH-01 0.411117484247679 0.50231601272135 0.574884559352644 0.5807571
TCGA-DS-A1OA-01 0.514544039136661 0.47350939863998 0.428898933333333 0.50231601272135
TCGA-JW-A5VH-01 0.61166288840916 0.706717 0.790509992668192 0.727616914189524
TCGA-C5-A2LY-01 0.619674192672011 0.579909218704617 0.3508755 0.527028119876817
TCGA-C5-A1BJ-01 0.326660403135474 0.405958833333333 0.47608596256268 0.401759066666667
TCGA-HM-A4S6-01 0.369539704657575 0.446742766666667 0.387688346733925 0.4783706
TCGA-C5-A2M2-01 0.844272566666667 0.931315166666667 0.839040566666667 0.913494866666667
TCGA-ZJ-A8QQ-01 0.723087966666667 0.699051193128778 0.702827064057887 0.639575976025192
TCGA-DG-A2KK-01 0.788885876054151 0.8387703 0.651145269630924 0.7474634
TCGA-C5-A3HD-01 0.763306866666667 0.888453 0.8633043 0.830915533333333
TCGA-VS-A9UQ-01 0.562687698471776 0.53287131112687 0.669524354004461 0.468641533300987
TCGA-EA-A411-01 0.2789148 0.4011911 0.47350939863998 0.514544039136661
TCGA-HM-A6W2-01 0.6978602 0.664683832293745 0.58653192154916 0.696466065140717
TCGA-EA-A97N-01 0.435771144073187 0.45544040938632 0.595630866666667 0.349740533333333
TCGA-FU-A3EO-01 0.549239405906866 0.779442733333333 0.544278403418074 0.559111233333333
TCGA-UC-A7PI-01 0.677591262264773 0.706159006576636 0.798029 0.677591262264773
TCGA-C5-A1BN-01 0.755345746174758 0.7962063 0.8387703 0.636884466666667
TCGA-BI-A20A-01 0.549239405906866 0.636666866666667 0.448548533333333 0.405958833333333
TCGA-C5-A1BM-01 0.549239405906866 0.383025233333333 0.380916758665834 0.53287131112687
TCGA-VS-A8EB-01 0.684612666666667 0.633494359474294 0.592348824028268 0.623133318501906
TCGA-FU-A3YQ-01 0.2789148 0.2091958 0.326660403135474 0.346686846439643
TCGA-C5-A2LV-01 0.684612666666667 0.691355266666667 0.4784534 0.613837866666667
TCGA-VS-A950-01 0.527028119876817 0.528942598006076 0.652888933333333 0.512798838880699
TCGA-VS-A9V2-01 0.573985955868993 0.488115202522697 0.478653733333333 0.458537855144188
TCGA-C5-A8YQ-01 0.772304666666667 0.606914466746939 0.653028230150822 0.413102571746458
TCGA-BI-A0VR-01 0.295239833333333 0.320302933333333 0.428626166666667 0.286141766666667
TCGA-C5-A1MI-01 0.8387703 0.743848766666667 0.603389276442306 0.706159006576636
TCGA-IR-A3L7-01 0.702827064057887 0.743848766666667 0.7828037 0.551173220276841
TCGA-C5-A1MF-01 0.788885876054151 0.6812534 0.458537855144188 0.6812534
TCGA-C5-A8XI-01 0.411117484247679 0.458537855144188 0.5820462 0.4011911
TCGA-HM-A3JK-01 0.48673031250714 0.4011911 0.321576533333333 0.449497232726402
TCGA-FU-A3HY-01 0.562687698471776 0.579909218704617 0.812537066666667 0.478653733333333
TCGA-VS-A9UI-01 0.360004215876545 0.468641533300987 0.58807159370944 0.4870443
TCGA-EA-A3HQ-01 0.643726661335219 0.772304666666667 0.447702933333333 0.812073133333333
TCGA-C5-A1M7-01 0.435771144073187 0.383025233333333 0.528942598006076 0.3166462
TCGA-C5-A1ME-01 0.47350939863998 0.691355266666667 0.591376489314555 0.299741433333333
TCGA-EK-A2H0-01 0.718957566666667 0.636666866666667 0.725233417657788 0.63385795974471
TCGA-EA-A1QS-01 0.231756940304776 0.193109766666667 0.364777966666667 0.231756940304776
TCGA-C5-A7CL-01 0.508207554590671 0.558286566666667 0.605323683111797 0.601539862475287
TCGA-VS-A8QC-01 0.6305424 0.530236631561956 0.594273514449463 0.456943423090901
TCGA-IR-A3LL-01 0.306675533333333 0.299741433333333 0.349740533333333 0.492739533333333
TCGA-LP-A7HU-01 0.4273887 0.449497232726402 0.488115202522697 0.428898933333333
TCGA-C5-A2LS-01 0.592348824028268 0.623133318501906 0.9066571 0.566571131480058
TCGA-VS-A9V0-01 0.6305424 0.703633826707056 0.853241333333333 0.6781875537524
TCGA-4J-AA1J-01 0.602343886965805 0.646070164335502 0.653893864193514 0.684612666666667
TCGA-HG-A2PA-01 0.549239405906866 0.316024491885372 0.532273104272087 0.411117484247679
TCGA-MY-A913-01 0.5807571 0.557139986328945 0.551173220276841 0.595630866666667
TCGA-DS-A3LQ-01 0.650744936322583 0.691355266666667 0.501509566666667 0.679550449984263
TCGA-UC-A7PF-01 0.562687698471776 0.465837595474982 0.360004215876545 0.51930331681426
TCGA-ZJ-AAX8-01 0.4273887 0.381537616754144 0.347391646393441 0.351537066309358
TCGA-EA-A44S-01 0.527028119876817 0.729026966666667 0.511296466666667 0.5108141
TCGA-C5-A1M9-01 0.549239405906866 0.623133318501906 0.727616914189524 0.8066486
TCGA-ZJ-A8QO-01 0.58603092628266 0.482542589677369 0.381537616754144 0.533228965135705
TCGA-VS-A8QH-01 0.435771144073187 0.51930331681426 0.763704533333333 0.489923090682264
TCGA-C5-A1MQ-01 0.380916758665834 0.360716724424281 0.282757233333333 0.387688346733925
TCGA-EK-A3GK-01 0.650744936322583 0.8066486 0.749627233333333 0.740932019924382
TCGA-VS-A9UH-01 0.326660403135474 0.33337018545856 0.25002 0.364777966666667
TCGA-IR-A3LA-01 0.801519833333333 0.7962063 0.639575976025192 0.844272566666667
TCGA-FU-A57G-01 0.455047533674363 0.363026533333333 0.527028119876817 0.5210464
TCGA-MY-A5BD-01 0.801519833333333 0.913494866666667 0.801519833333333 0.8020909
TCGA-C5-A7CO-01 0.592348824028268 0.621907835882167 0.679550449984263 0.613612392321527
TCGA-VS-A9UU-01 0.263436 0.460225743053446 0.7558499 0.383025233333333
TCGA-EA-A5O9-01 0.9066571 0.729026966666667 0.654438118364456 0.660850560251196
TCGA-EX-A449-01 0.549239405906866 0.667030843034831 0.823086966666667 0.766969521893304
TCGA-EA-A78R-01 0.306675533333333 0.383025233333333 0.455047533674363 0.375697061306629
TCGA-UC-A7PG-01 0.2789148 0.435771144073187 0.650744936322583 0.3508755
TCGA-LP-A4AV-01 0.592348824028268 0.446742766666667 0.346686846439643 0.598099066666667
TCGA-EA-A3HR-01 0.702827064057887 0.706717 0.667030843034831 0.644786757874712
TCGA-VS-A8QF-01 0.4273887 0.441584608654375 0.51930331681426 0.371357335463361
TCGA-MA-AA41-01 0.562687698471776 0.570257776175619 0.667299498831037 0.549239405906866
TCGA-C5-A7CK-01 0.464457405401506 0.5210464 0.703633826707056 0.508810396757669
TCGA-VS-A9UZ-01 0.47350939863998 0.566571131480058 0.667236166666667 0.60458401121581
TCGA-Q1-A5R1-01 0.51930331681426 0.743848766666667 0.71426209530502 0.650744936322583
TCGA-UC-A7PD-01 0.650744936322583 0.58603092628266 0.691568566666667 0.45544040938632
TCGA-VS-A8EI-01 0.3876695 0.431080959670897 0.504329718715294 0.380916758665834
TCGA-EK-A2R9-01 0.562687698471776 0.8066486 0.389744422447027 0.691568566666667
TCGA-C5-A0TN-01 0.844272566666667 0.8387703 0.644786757874712 0.823086966666667
TCGA-C5-A7CH-01 0.539968769460254 0.58807159370944 0.6781875537524 0.594273514449463
TCGA-C5-A1BQ-01 0.47350939863998 0.667030843034831 0.4870411 0.603389276442306
TCGA-EK-A2RE-01 0.684612666666667 0.853241333333333 0.7724928 0.7558499
TCGA-DG-A2KH-01 0.602343886965805 0.652395033333333 0.55565298691619 0.482542589677369
TCGA-EX-A8YF-01 0.667030843034831 0.533228965135705 0.497477433333333 0.508207554590671
TCGA-VS-A957-01 0.527028119876817 0.532273104272087 0.8448555 0.401953333333333
TCGA-FU-A3NI-01 0.667030843034831 0.623133318501906 0.587083752408598 0.543637133333333
TCGA-VS-A8EJ-01 0.823086966666667 0.766969521893304 0.6978602 0.733475533333333
TCGA-C5-A7X3-01 0.263436 0.375697061306629 0.435771144073187 0.337954666666667
TCGA-C5-A1BF-01 0.801519833333333 0.714651133333333 0.465837595474982 0.562794866666667
TCGA-JX-A5QV-01 0.501509566666667 0.636666866666667 0.625034566666667 0.906717233333333
TCGA-MA-AA43-01 0.346686846439643 0.464457405401506 0.606914466746939 0.447702933333333
TCGA-IR-A3LC-01 0.6305424 0.691355266666667 0.631655066666667 0.719712033333333
TCGA-C5-A7CM-01 0.763306866666667 0.740932019924382 0.7193843 0.723087966666667
TCGA-DS-A5RQ-01 0.643726661335219 0.4783706 0.535219069965295 0.637709533333333
TCGA-C5-A2LZ-01 0.47350939863998 0.4783706 0.635590337003302 0.3839259
TCGA-ZJ-AAXU-01 0.677591262264773 0.512798838880699 0.4870443 0.455047533674363
TCGA-DS-A7WI-01 0.712083200780221 0.592873140067866 0.637709533333333 0.460225743053446
TCGA-C5-A7CJ-01 0.48673031250714 0.263436 0.353144832799784 0.321576533333333
TCGA-C5-A901-01 0.601539862475287 0.587083752408598 0.598099066666667 0.592348824028268
TCGA-Q1-A73R-01 0.573985955868993 0.651145269630924 0.7490565 0.669524354004461
TCGA-VS-A8EH-01 0.723087966666667 0.643726661335219 0.772304666666667 0.47608596256268
TCGA-EA-A1QT-01 0.823086966666667 0.763306866666667 0.646070164335502 0.749054166666667
TCGA-VS-A9UO-01 0.677591262264773 0.686053811813534 0.913494866666667 0.58481489875791
TCGA-EK-A2R8-01 0.455047533674363 0.405958833333333 0.637414033333333 0.595999966666667
TCGA-C5-A1MN-01 0.6305424 0.5210464 0.706159006576636 0.671553084417495
TCGA-EK-A2RJ-01 0.723087966666667 0.299741433333333 0.468167645428699 0.361278997988047
TCGA-VS-A9U6-01 0.7828037 0.669524354004461 0.543637133333333 0.625034566666667
TCGA-MA-AA3Y-01 0.3876695 0.413102571746458 0.393239501476515 0.4273887
TCGA-JW-A5VI-01 0.667030843034831 0.579909218704617 0.497078266666667 0.570257776175619
TCGA-JW-A5VJ-01 0.508207554590671 0.594273514449463 0.696466065140717 0.468167645428699
TCGA-FU-A40J-01 0.455047533674363 0.497078266666667 0.566571131480058 0.406595266666667
TCGA-IR-A3LB-01 0.411117484247679 0.714651133333333 0.508810396757669 0.596894733333333
TCGA-LP-A5U2-01 0.763306866666667 0.729026966666667 0.690146903375605 0.791385068931943
TCGA-EX-A1H6-01 0.369539704657575 0.5210464 0.684612666666667 0.431080959670897
TCGA-LP-A4AX-01 0.47350939863998 0.421092166666667 0.329757133333333 0.443966528884506
TCGA-VS-A9UY-01 0.755345746174758 0.705129105873156 0.592873140067866 0.728613070962875
TCGA-IR-A3LK-01 0.7758904 0.853241333333333 0.621907835882167 0.7758904
TCGA-FU-A23K-01 0.48673031250714 0.421092166666667 0.401759066666667 0.605323683111797
TCGA-EA-A3HU-01 0.302132216453369 0.238943066666667 0.316024491885372 0.316024491885372
TCGA-Q1-A73P-01 0.393239501476515 0.4870411 0.615778677516907 0.652888933333333
TCGA-C5-A8YT-01 0.501509566666667 0.60458401121581 0.514544039136661 0.801519833333333
TCGA-C5-A1BE-01 0.6305424 0.558286566666667 0.63385795974471 0.853241333333333
TCGA-MU-A8JM-01 0.592348824028268 0.565332003520138 0.562687698471776 0.574884559352644
TCGA-DS-A0VL-01 0.61166288840916 0.510454866666667 0.613837866666667 0.367621295463001
TCGA-VS-A9UM-01 0.527028119876817 0.551173220276841 0.4273887 0.743848766666667
TCGA-EK-A2PK-01 0.51930331681426 0.421092166666667 0.320302933333333 0.3876695
TCGA-C5-A1MK-01 0.346686846439643 0.299741433333333 0.460225743053446 0.510454866666667
TCGA-EA-A4BA-01 0.508207554590671 0.7962063 0.755345746174758 0.636666866666667
TCGA-DS-A0VN-01 0.4273887 0.4870411 0.291589466666667 0.48673031250714
TCGA-C5-A8XH-01 0.58603092628266 0.508207554590671 0.539968769460254 0.4784534
TCGA-EK-A3GN-01 0.913494866666667 0.652395033333333 0.888453 0.6305424
TCGA-VS-A8QM-01 0.249147733333333 0.326660403135474 0.280931633333333 0.282757233333333
TCGA-C5-A2LT-01 0.3876695 0.594273514449463 0.448381833333333 0.544278403418074
TCGA-EK-A2RB-01 0.619674192672011 0.823086966666667 0.686053811813534 0.7193843
TCGA-VS-A94Z-01 0.346686846439643 0.351537066309358 0.302132216453369 0.363026533333333
TCGA-C5-A902-01 0.58481489875791 0.552482353737278 0.554013075198773 0.565332003520138
TCGA-C5-A7UI-01 0.464457405401506 0.456943423090901 0.428612833333333 0.4786632
TCGA-C5-A1M6-01 0.659951457115343 0.4783706 0.844272566666667 0.619674192672011
TCGA-C5-A7UE-01 0.508207554590671 0.489633552200009 0.706717 0.353144832799784
TCGA-EA-A3QE-01 0.501509566666667 0.273801833333333 0.351537066309358 0.39454638242457
TCGA-BI-A0VS-01 0.48673031250714 0.337954666666667 0.520004657166571 0.690146903375605
TCGA-EA-A5FO-01 0.844272566666667 0.667030843034831 0.7474634 0.8633043
TCGA-PN-A8MA-01 0.51930331681426 0.619674192672011 0.565332003520138 0.7724928
TCGA-R2-A69V-01 0.2091958 0.263436 0.231756940304776 0.25002
TCGA-Q1-A6DT-01 0.6305424 0.492655 0.719712033333333 0.9066571
TCGA-2W-A8YY-01 0.360004215876545 0.573985955868993 0.664683832293745 0.712083200780221
TCGA-VS-A9UR-01 0.8387703 0.790509992668192 0.823421066666667 0.718957566666667
TCGA-EX-A1H5-01 0.7474634 0.7962063 0.714651133333333 0.779442733333333
TCGA-VS-A9V5-01 0.58603092628266 0.679550449984263 0.764178380805202 0.705838946908739
TCGA-JX-A3PZ-01 0.684612666666667 0.594273514449463 0.415690966666667 0.58653192154916
TCGA-ZJ-AB0H-01 0.360004215876545 0.373832299827704 0.371357335463361 0.347391646393441
TCGA-EA-A410-01 0.326660403135474 0.743848766666667 0.58481489875791 0.562687698471776
TCGA-C5-A3HF-01 0.573985955868993 0.320302933333333 0.570257776175619 0.393239501476515
TCGA-FU-A3HZ-01 0.47350939863998 0.510454866666667 0.6675602 0.615778677516907
TCGA-HM-A6W2-06 0.61166288840916 0.688917153354371 0.8782464 0.667299498831037
TCGA-C5-A7X8-01 0.6305424 0.671553084417495 0.449497232726402 0.888453
TCGA-C5-A1M8-01 0.7962063 0.9066571 0.728613070962875 0.8448555
TCGA-VS-A959-01 0.231756940304776 0.371357335463361 0.521905566666667 0.263436
TCGA-C5-A2LX-01 0.702827064057887 0.558286566666667 0.295239833333333 0.931315166666667
TCGA-VS-A9UD-01 0.61166288840916 0.48673031250714 0.373832299827704 0.522005333333333
TCGA-ZX-AA5X-01 0.48673031250714 0.369539704657575 0.286141766666667 0.295239833333333
TCGA-MA-AA3X-01 0.539968769460254 0.47608596256268 0.431080959670897 0.4870411
TCGA-C5-A1BL-01 0.508207554590671 0.579909218704617 0.566179616471852 0.481911649912004
TCGA-IR-A3LH-01 0.573985955868993 0.363026533333333 0.225009966666667 0.448933890093941
TCGA-FU-A23L-01 0.667030843034831 0.446742766666667 0.492739533333333 0.363239433333333
TCGA-DG-A2KM-01 0.249147733333333 0.231756940304776 0.193109766666667 0.238943066666667
TCGA-C5-A1MH-01 0.193109766666667 0.273801833333333 0.299741433333333 0.193109766666667
TCGA-VS-A9UA-01 0.464457405401506 0.448933890093941 0.456943423090901 0.428626166666667
TCGA-C5-A907-01 0.48673031250714 0.514544039136661 0.58603092628266 0.567959802194172
TCGA-VS-A94Y-01 0.650744936322583 0.591376489314555 0.596894733333333 0.558286566666667
TCGA-EK-A2IP-01 0.7828037 0.772304666666667 0.699051193128778 0.7828037
TCGA-FU-A3WB-01 0.740932019924382 0.828145833333333 0.749054166666667 0.8468634
TCGA-MU-A5YI-01 0.592348824028268 0.504329718715294 0.3839259 0.606914466746939
TCGA-Q1-A6DV-01 0.326660403135474 0.8066486 0.756987071986707 0.659951457115343
TCGA-EK-A2RM-01 0.684612666666667 0.602343886965805 0.615112379697836 0.530236631561956
TCGA-LP-A5U3-01 0.732763466666667 0.8387703 0.613612392321527 0.763306866666667
TCGA-VS-A9UB-01 0.435771144073187 0.468167645428699 0.383025233333333 0.592873140067866
TCGA-JX-A3Q8-01 0.7758904 0.8387703 0.61166288840916 0.554013075198773
TCGA-EX-A3L1-01 0.435771144073187 0.249147733333333 0.489923090682264 0.373832299827704
TCGA-MY-A5BE-01 0.381537616754144 0.273801833333333 0.2091958 0.291589466666667
TCGA-C5-A7CG-01 0.263436 0.286141766666667 0.264423133333333 0.428612833333333
TCGA-C5-A8YR-01 0.723087966666667 0.605323683111797 0.45544040938632 0.602343886965805
TCGA-EK-A2PL-01 0.763306866666667 0.497078266666667 0.705129105873156 0.729026966666667
TCGA-VS-A952-01 0.812073133333333 0.791385068931943 0.8066486 0.764178380805202
TCGA-JW-A5VL-01 0.602343886965805 0.763306866666667 0.492655 0.798029
TCGA-VS-A958-01 0.346686846439643 0.411117484247679 0.361278997988047 0.488115202522697
TCGA-EK-A2H1-01 0.435771144073187 0.4011911 0.39454638242457 0.320302933333333
TCGA-DS-A1OB-01 0.579909218704617 0.497078266666667 0.575569728130925 0.557139986328945
TCGA-C5-A3HE-01 0.47350939863998 0.273801833333333 0.441584608654375 0.520004657166571
TCGA-JW-A69B-01 0.755345746174758 0.558286566666667 0.573985955868993 0.788885876054151
TCGA-GH-A9DA-01 0.61166288840916 0.635590337003302 0.530236631561956 0.7490565
TCGA-C5-A905-01 0.696466065140717 0.712083200780221 0.788885876054151 0.680677338685581
TCGA-DS-A1OD-01 0.367621295463001 0.347391646393441 0.2789148 0.369539704657575
TCGA-ZJ-AAXD-01 0.602343886965805 0.576071220732844 0.623133318501906 0.55565298691619
TCGA-C5-A7X5-01 0.844272566666667 0.735425542100566 0.7962063 0.558569766666667
TCGA-EA-A43B-01 0.455047533674363 0.316024491885372 0.446742766666667 0.249147733333333
TCGA-EX-A69M-01 0.539968769460254 0.667030843034831 0.482542589677369 0.633494359474294
TCGA-UC-A7PG-06 0.393239501476515 0.455047533674363 0.464457405401506 0.47350939863998
TCGA-EA-A6QX-01 0.650744936322583 0.655320862793144 0.522005333333333 0.783340178700622
TCGA-VS-A9UV-01 0.723087966666667 0.71426209530502 0.736316092324239 0.688917153354371
TCGA-VS-A8QA-01 0.7474634 0.756987071986707 0.779442733333333 0.732763466666667
TCGA-EK-A2RC-01 0.47350939863998 0.6134173 0.411117484247679 0.579909218704617
TCGA-JX-A3Q0-01 0.326660403135474 0.823086966666667 0.510454866666667 0.615112379697836
TCGA-EK-A2RL-01 0.772304666666667 0.921000333333333 0.766969521893304 0.828145833333333
TCGA-HM-A3JJ-01 0.527028119876817 0.363026533333333 0.406595266666667 0.381537616754144
TCGA-VS-A9V1-01 0.381537616754144 0.535219069965295 0.732763466666667 0.5820462
TCGA-VS-A9UC-01 0.48673031250714 0.520004657166571 0.48673031250714 0.652395033333333
TCGA-ZJ-AAXA-01 0.684612666666667 0.702827064057887 0.688917153354371 0.702827064057887
TCGA-ZJ-AAXN-01 0.48673031250714 0.574884559352644 0.533228965135705 0.71426209530502
TCGA-VS-A9UJ-01 0.48673031250714 0.654438118364456 0.921000333333333 0.686053811813534
TCGA-VS-A9UT-01 0.573985955868993 0.361278997988047 0.249147733333333 0.326660403135474
TCGA-EK-A2RO-01 0.592348824028268 0.714651133333333 0.5587875 0.61166288840916
TCGA-C5-A2M1-01 0.931315166666667 0.706717 0.558569766666667 0.587083752408598
TCGA-VS-A953-01 0.718957566666667 0.728613070962875 0.718957566666667 0.756987071986707
TCGA-FU-A5XV-01 0.562687698471776 0.667030843034831 0.6688089 0.6688089
TCGA-VS-A94X-01 0.58603092628266 0.592348824028268 0.705838946908739 0.539968769460254
TCGA-MA-AA3W-01 0.295239833333333 0.360004215876545 0.369539704657575 0.3302981
TCGA-ZJ-AAXB-01 0.684612666666667 0.615112379697836 0.691355266666667 0.504329718715294
TCGA-EX-A69L-01 0.381537616754144 0.329757133333333 0.306675533333333 0.522194333333333
TCGA-C5-A1MP-01 0.464457405401506 0.329757133333333 0.273801833333333 0.5587875
TCGA-EK-A3GJ-01 0.619674192672011 0.594273514449463 0.489633552200009 0.823421066666667
TCGA-Q1-A5R2-01 0.812073133333333 0.489923090682264 0.421092166666667 0.264423133333333
TCGA-HG-A9SC-01 0.51930331681426 0.539968769460254 0.5421732 0.6138947
TCGA-MY-A5BF-01 0.844272566666667 0.743848766666667 0.5210464 0.654438118364456
TCGA-C5-A1ML-01 0.7474634 0.691355266666667 0.633494359474294 0.839040566666667
TCGA-VS-A8EC-01 0.823086966666667 0.788885876054151 0.743848766666667 0.755345746174758
TCGA-EK-A3GM-01 0.702827064057887 0.652395033333333 0.8468634 0.511296466666667
TCGA-VS-AA62-01 0.435771144073187 0.389744422447027 0.363026533333333 0.33337018545856
TCGA-FU-A3TQ-01 0.4273887 0.6134173 0.562794866666667 0.566179616471852
TCGA-DR-A0ZL-01 0.369539704657575 0.510454866666667 0.791385068931943 0.4474417
TCGA-MA-AA3Z-01 0.549239405906866 0.603389276442306 0.619674192672011 0.643726661335219
TCGA-C5-A7UC-01 0.539968769460254 0.677591262264773 0.8020909 0.735425542100566
TCGA-C5-A3HL-01 0.732763466666667 0.594273514449463 0.693203766666667 0.552482353737278
TCGA-EA-A3HS-01 0.740932019924382 0.8387703 0.595999966666667 0.790509992668192
TCGA-VS-A9V3-01 0.549239405906866 0.61166288840916 0.559111233333333 0.723489033333333
TCGA-C5-A7UH-01 0.61166288840916 0.639575976025192 0.60458401121581 0.70708
TCGA-MA-AA42-01 0.508207554590671 0.380916758665834 0.263436 0.415690966666667
TCGA-EK-A2RN-01 0.667030843034831 0.5421732 0.508207554590671 0.464457405401506
TCGA-XS-A8TJ-01 0.346686846439643 0.39454638242457 0.543061233333333 0.225009966666667
TCGA-VS-A8Q9-01 0.702827064057887 0.690146903375605 0.740932019924382 0.637414033333333
