abscnseq estimate purbayes
TCGA-BQ-5880-01 0.2757384 0.353591 0.34356365
TCGA-BQ-5876-01 0.95248845 0.753525 0.59017085
TCGA-DZ-6133-01 0.65472315 0.8814714 0.7296837
TCGA-HE-A5NF-01 0.6492413 0.3365281 0.2859328
TCGA-HE-7129-01 0.94467805 0.89432685 0.82968785
TCGA-B1-A47N-01 0.71377305 0.57447425 0.6328527
TCGA-A4-A6HP-01 0.58593715 0.4589662 0.53502845
TCGA-5P-A9KC-01 0.530281497676472 0.53612735 0.4090703
TCGA-4A-A93Y-01 0.312108 0.18159595 0.258503878088941
TCGA-G7-6792-01 0.5103507 0.58026925 0.55918715
TCGA-SX-A7SR-01 0.3896015 0.55016235 0.53548115
TCGA-WN-AB4C-01 0.481812302107329 0.44845645 0.4106841
TCGA-UZ-A9PO-01 0.3896015 0.53532475 0.4396045
TCGA-A4-A57E-01 0.7531718 0.6024914 0.6639246
TCGA-J7-6720-01 0.6304774 0.39831435 0.51073675
TCGA-SX-A7SO-01 0.4468184 0.7467946 0.772183
TCGA-B9-5156-01 0.530281497676472 0.46685335 0.4633895
TCGA-B9-4116-01 0.772183 0.6577766 0.5239832
TCGA-P4-AAVO-01 0.7458982 0.79858075 0.56796715
TCGA-G7-A8LD-01 0.7294088 0.803835 0.7870189
TCGA-DW-7838-01 0.54284765 0.32678035 0.2998382
TCGA-BQ-7053-01 0.67562235 0.5476363 0.51279065
TCGA-MH-A857-01 0.3615559 0.80895825 0.4866479
TCGA-BQ-7059-01 0.22249165 0.27763675 0.37678545
TCGA-UZ-A9PL-01 0.9025624 0.92220305 0.80895825
TCGA-5P-A9JU-01 0.7531718 0.7309525 0.6772983
TCGA-A4-8312-01 0.57447425 0.79849335 0.6109039
TCGA-G7-7501-01 0.89432685 0.639224857918289 0.61435275
TCGA-Y8-A896-01 0.530281497676472 0.3165247 0.42957495
TCGA-Y8-A8S0-01 0.51945305 0.73637285 0.89432685
TCGA-DZ-6132-01 0.22249165 0.2113309 0.3209574
TCGA-GL-7773-01 0.58593715 0.63072515 0.57605315
TCGA-UZ-A9Q1-01 0.7458982 0.7531718 0.65472315
TCGA-B9-A69E-01 0.7953488 0.29380185 0.40825465
TCGA-A4-A7UZ-01 0.3896015 0.4352417 0.89754415
TCGA-B3-3925-01 0.3896015 0.47365365 0.457969230758819
TCGA-MH-A562-01 0.59532245 0.43638 0.53532475
TCGA-UZ-A9PN-01 0.6947662 0.4396045 0.39954065
TCGA-BQ-5879-01 0.8524773 0.5525006 0.5359506
TCGA-A4-8098-01 0.7018048 0.6947662 0.6314357
TCGA-GL-8500-01 0.803835 0.78076435 0.70288515
TCGA-A4-A4ZT-01 0.7531718 0.5893172 0.5608223
TCGA-B9-4115-01 0.7018048 0.4873658 0.54706465
TCGA-P4-A5EB-01 0.55755985 0.7403866 0.579706609304416
TCGA-A4-A5Y0-01 0.95248845 0.95285415 0.8373084
TCGA-B3-4104-01 0.54284765 0.7227564 0.8391297
TCGA-Y8-A897-01 0.6223508 0.4761287 0.5525006
TCGA-B3-3926-01 0.481812302107329 0.6026963 0.27763675
TCGA-MH-A855-01 0.3896015 0.4351431 0.4009511
TCGA-P4-AAVM-01 0.54284765 0.7361927 0.6878832
TCGA-DW-7842-01 0.57447425 0.8373084 0.67688045
TCGA-BQ-7049-01 0.49750055 0.3896015 0.75376455
TCGA-B9-4617-01 0.6695347 0.63068695 0.70348975
TCGA-Y8-A8S1-01 0.51945305 0.24188385 0.26293715
TCGA-G7-A8LB-01 0.6223508 0.90438885 0.9035995
TCGA-UZ-A9PV-01 0.7294088 0.9035995 0.90438885
TCGA-DZ-6135-01 0.55755985 0.54706465 0.5787192
TCGA-2Z-A9J5-01 0.56796715 0.36562225 0.4313226
TCGA-BQ-5878-01 0.8682015 0.76667605 0.73060965
TCGA-BQ-5877-01 0.7086523 0.3330798 0.48231075
TCGA-B9-A5W9-01 0.72114565 0.8391297 0.56886545
TCGA-DZ-6131-01 0.312108 0.466388 0.58001645
TCGA-2K-A9WE-01 0.28508545 0.26293715 0.1978003
TCGA-DW-5560-01 0.6022517 0.69482 0.7361927
TCGA-G7-6796-01 0.3896015 0.49806245 0.5883232
TCGA-EV-5903-01 0.457969230758819 0.4148468 0.4324082
TCGA-F9-A7Q0-01 0.71377305 0.6223508 0.7592441
TCGA-B9-4117-01 0.6628364 0.46375015 0.530281497676472
TCGA-AL-3468-01 0.8472838 0.7901614 0.76667605
TCGA-2Z-A9JT-01 0.58593715 0.3615559 0.4589662
TCGA-HE-A5NI-01 0.6223508 0.561054 0.56023765
TCGA-SX-A71S-01 0.530281497676472 0.6628364 0.79849335
TCGA-MH-A561-01 0.3896015 0.5209228 0.5605746
TCGA-BQ-7044-01 0.7870189 0.738775 0.72114565
TCGA-2Z-A9J7-01 0.92220305 0.9059189 0.88731165
TCGA-BQ-7055-01 0.28508545 0.714775405842575 0.46375015
TCGA-DW-7840-01 0.60997995 0.564858393117786 0.62442395
TCGA-DW-7834-01 0.4468184 0.4468184 0.48408295
TCGA-A4-8310-01 0.72114565 0.67566835 0.6577766
TCGA-Y8-A894-01 0.6022517 0.972998 0.8814714
TCGA-BQ-5883-01 0.18159595 0.6434686 0.18159595
TCGA-2Z-A9JO-01 0.312108 0.5883232 0.49750055
TCGA-AL-3473-01 0.6304774 0.258503878088941 0.2757384
TCGA-P4-A5E6-01 0.60997995 0.58927495 0.6492413
TCGA-IZ-8195-01 0.457969230758819 0.7458982 0.63072515
TCGA-KV-A6GE-01 0.65472315 0.530281497676472 0.58593715
TCGA-HE-A5NK-01 0.28508545 0.2861695 0.312108
TCGA-SX-A71R-01 0.67562235 0.81032505 0.92220305
TCGA-5P-A9K0-01 0.457969230758819 0.63849725 0.5964718
TCGA-DW-7841-01 0.457969230758819 0.3209574 0.4351431
TCGA-B1-5398-01 0.57447425 0.27805415 0.31235985
TCGA-A4-A772-01 0.3896015 0.5000035 0.5689767
TCGA-BQ-5891-01 0.9025624 0.7806507 0.839985879942971
TCGA-IA-A83V-01 0.472759836867336 0.2654261 0.37716945
TCGA-5P-A9JZ-01 0.803835 0.60997995 0.6028974
TCGA-P4-AAVL-01 0.56796715 0.48581025 0.7020373
TCGA-UZ-A9PP-01 0.7531718 0.70316475 0.81032505
TCGA-B1-A657-01 0.312108 0.46091575 0.46039375
TCGA-SX-A7SQ-01 0.5103507 0.7534625 0.74012435
TCGA-UZ-A9PS-01 0.7361807 0.839985879942971 0.6695347
TCGA-P4-AAVK-01 0.530281497676472 0.5689767 0.5209228
TCGA-AL-3472-01 0.8373084 0.7020373 0.79003175
TCGA-AL-7173-01 0.9025624 0.48231075 0.34046345
TCGA-BQ-7061-01 0.7361807 0.53548115 0.597139939789757
TCGA-B9-A8YI-01 0.7953488 0.7472569 0.57582185
TCGA-5P-A9KA-01 0.22249165 0.5103507 0.466388
TCGA-KV-A6GD-01 0.5103507 0.2687013 0.27805415
TCGA-A4-7828-01 0.28508545 0.37678545 0.41568615
TCGA-G7-6793-01 0.7953488 0.5359506 0.34869815
TCGA-G7-6789-01 0.8787453 0.42957495 0.95285415
TCGA-P4-A5E8-01 0.59532245 0.81242715 0.6138531
TCGA-SX-A71V-01 0.3615559 0.5964718 0.55962645
TCGA-P4-A5ED-01 0.481812302107329 0.36942635 0.44845645
TCGA-SX-A71U-01 0.42957495 0.597139939789757 0.5476363
TCGA-UZ-A9PS-05 0.564858393117786 0.457969230758819 0.481812302107329
TCGA-IZ-A6M8-01 0.42957495 0.41568615 0.4847998
TCGA-HE-A5NL-01 0.312108 0.40743145 0.45049915
TCGA-BQ-5884-01 0.3896015 0.4637359 0.40743145
TCGA-BQ-5894-01 0.481812302107329 0.37068215 0.49806245
TCGA-UZ-A9PK-01 0.42957495 0.579706609304416 0.5456501
TCGA-UN-AAZ9-01 0.803835 0.75376455 0.7467946
TCGA-2Z-A9J8-01 0.6223508 0.66302335 0.71377305
TCGA-2Z-A9JP-01 0.6628364 0.48915275 0.58967485
TCGA-5P-A9JV-01 0.457969230758819 0.40825465 0.38005905
TCGA-P4-A5EA-01 0.28508545 0.22249165 0.23093395
TCGA-BQ-5888-01 0.18159595 0.4983972 0.2654261
TCGA-B9-5155-01 0.51945305 0.89754415 0.803835
TCGA-A4-A5Y1-01 0.803835 0.56886545 0.662932477277171
TCGA-2Z-A9JM-01 0.457969230758819 0.4313226 0.48915275
TCGA-UZ-A9Q0-01 0.7870189 0.6576024 0.78076435
TCGA-BQ-5892-01 0.481812302107329 0.34356365 0.418318924913438
TCGA-GL-A59R-01 0.54284765 0.66408755 0.69604955
TCGA-MH-A854-01 0.7458982 0.6492413 0.66408755
TCGA-BQ-7046-01 0.49750055 0.5239832 0.4761287
TCGA-A4-7288-01 0.82968785 0.858404 0.8524773
TCGA-B1-A47O-01 0.22249165 0.5605746 0.353591
TCGA-G7-A4TM-01 0.55755985 0.54284765 0.6767083
TCGA-B3-4103-01 0.472759836867336 0.5608223 0.4483767
TCGA-G7-6790-01 0.54284765 0.6328527 0.46091575
TCGA-J7-8537-01 0.22249165 0.312108 0.32741525
TCGA-BQ-5875-01 0.8373084 0.58593715 0.61331275
TCGA-HE-7128-01 0.22249165 0.2757384 0.3165247
TCGA-B9-A5W7-01 0.481812302107329 0.6029559 0.22249165
TCGA-2Z-A9J9-01 0.2757384 0.59694299647532 0.59532245
TCGA-B1-A47M-01 0.54284765 0.5787192 0.54284765
TCGA-SX-A7SN-01 0.58593715 0.51945305 0.58026925
TCGA-WN-A9G9-01 0.472759836867336 0.18542435 0.18542435
TCGA-AL-A5DJ-01 0.8787453 0.6767083 0.79552571805477
TCGA-BQ-7051-01 0.65472315 0.9025624 0.7953488
TCGA-BQ-5886-01 0.49750055 0.65644485 0.4754657
TCGA-BQ-5889-01 0.312108 0.1978003 0.2113309
TCGA-GL-A9DC-01 0.481812302107329 0.67742335 0.7465714
TCGA-G7-A8LC-01 0.7806507 0.71377305 0.65644485
TCGA-SX-A7SS-01 0.6628364 0.57908465 0.576472614382205
TCGA-MH-A856-01 0.3615559 0.53540175 0.6026963
TCGA-UZ-A9PM-01 0.28508545 0.4090703 0.2876628
TCGA-A4-7286-01 0.3615559 0.46039375 0.36562225
TCGA-2Z-A9JE-01 0.89432685 0.7594188 0.8174518
TCGA-GL-A9DD-01 0.312108 0.34046345 0.65729555
TCGA-IA-A40U-01 0.7294088 0.4863526 0.57908465
TCGA-IA-A83S-01 0.2757384 0.481812302107329 0.94467805
TCGA-HE-7130-01 0.7018048 0.79003175 0.9059189
TCGA-BQ-5893-01 0.6022517 0.7086523 0.63083865
TCGA-AL-3467-01 0.8174518 0.644135 0.53612735
TCGA-F9-A97G-01 0.4468184 0.472759836867336 0.3365281
TCGA-A4-7997-01 0.63849725 0.4866479 0.54571565
TCGA-2Z-A9J2-01 0.457969230758819 0.55918715 0.47659735
TCGA-2Z-A9J1-01 0.65472315 0.54386105 0.55245285
TCGA-EV-5902-01 0.97975845 0.97975845 0.9025624
TCGA-PJ-A5Z8-01 0.3615559 0.28508545 0.3330798
TCGA-2Z-A9JS-01 0.7458982 0.7813693 0.7531718
TCGA-BQ-7050-01 0.3896015 0.69604955 0.6434686
TCGA-DW-7963-01 0.8174518 0.5341623 0.43638
TCGA-B9-A44B-01 0.7361807 0.74012435 0.7534625
TCGA-5P-A9K3-01 0.803835 0.62287375 0.58927495
TCGA-2Z-A9JG-01 0.57447425 0.67562235 0.569023853332455
TCGA-A4-8518-01 0.3615559 0.34869815 0.28508545
TCGA-G7-6795-01 0.530281497676472 0.6224892 0.53540175
TCGA-5P-A9KH-01 0.7592441 0.72134785 0.54386105
TCGA-B3-A6W5-01 0.57447425 0.64135915 0.6024914
TCGA-A4-7583-01 0.67562235 0.54571565 0.57447425
TCGA-A4-8517-01 0.49750055 0.61331275 0.67742335
TCGA-BQ-7048-01 0.67562235 0.4834966 0.6022517
TCGA-GL-A59T-01 0.972998 0.57582185 0.809584069571272
TCGA-V9-A7HT-01 0.42957495 0.3966602 0.3554077
TCGA-DW-7837-01 0.3615559 0.4847998 0.37513265
TCGA-A4-8311-01 0.55755985 0.79552571805477 0.7458982
TCGA-DZ-6134-01 0.18159595 0.31235985 0.32678035
TCGA-HE-A5NJ-01 0.6947662 0.8472838 0.6948345
TCGA-5P-A9JY-01 0.6628364 0.7018048 0.7813693
TCGA-Y8-A895-01 0.457969230758819 0.72371655 0.6029559
TCGA-A4-8630-01 0.481812302107329 0.8524773 0.66302335
TCGA-B9-4113-01 0.56796715 0.4754657 0.561054
TCGA-SX-A7SM-01 0.6022517 0.57605315 0.6323466
TCGA-IA-A40X-01 0.472759836867336 0.58001645 0.63849725
TCGA-5P-A9K2-01 0.481812302107329 0.7294088 0.6304774
TCGA-F9-A4JJ-01 0.4468184 0.62442395 0.54513385
TCGA-DW-5561-01 0.6223508 0.6109039 0.66374655
TCGA-Y8-A8RZ-01 0.7361807 0.66374655 0.63068695
TCGA-IA-A40Y-01 0.7870189 0.73922585 0.85990545
TCGA-KV-A74V-01 0.7806507 0.65729555 0.738775
TCGA-G7-6797-01 0.88731165 0.809584069571272 0.8787453
TCGA-2Z-A9JR-01 0.54284765 0.51279065 0.4873658
TCGA-2Z-A9JJ-01 0.7018048 0.5235816 0.55755985
TCGA-A4-7585-01 0.312108 0.29995635 0.29995635
TCGA-A4-A5DU-01 0.7361807 0.72114565 0.8193528
TCGA-EV-5901-01 0.42957495 0.4483767 0.5341623
TCGA-UZ-A9PR-01 0.6304774 0.70288515 0.7806507
TCGA-A4-A48D-01 0.312108 0.4324082 0.39831435
TCGA-DW-7839-01 0.59532245 0.6314357 0.858404
TCGA-DW-7836-01 0.55755985 0.7465714 0.7361807
TCGA-2Z-A9JN-01 0.6878832 0.7738408 0.277192
TCGA-HE-A5NH-01 0.481812302107329 0.6764597 0.67566835
TCGA-BQ-7056-01 0.55755985 0.67020845 0.62287375
TCGA-P4-A5E7-01 0.60997995 0.55245285 0.4983972
TCGA-B1-7332-01 0.57447425 0.55962645 0.95248845
TCGA-MH-A560-01 0.6947662 0.6639246 0.62369745
TCGA-BQ-5882-01 0.60997995 0.4633895 0.5000035
TCGA-A4-A5XZ-01 0.57447425 0.5364615 0.5364615
TCGA-2Z-A9J6-01 0.530281497676472 0.6139463 0.564858393117786
TCGA-BQ-7045-01 0.312108 0.5780855 0.46685335
TCGA-2Z-A9JD-01 0.67562235 0.8193528 0.5893172
TCGA-SX-A7SL-01 0.8373084 0.94467805 0.79858075
TCGA-AL-3466-01 0.6947662 0.6878832 0.639224857918289
TCGA-2Z-A9JK-01 0.42957495 0.2998382 0.3966602
TCGA-UZ-A9PU-01 0.7953488 0.67688045 0.72371655
TCGA-5P-A9K4-01 0.60997995 0.7361807 0.6628364
TCGA-Y8-A898-01 0.2757384 0.37513265 0.4468184
TCGA-A4-7584-01 0.3896015 0.8682015 0.6043734
TCGA-UZ-A9PJ-01 0.6022517 0.8174518 0.8682015
TCGA-UZ-A9PZ-01 0.7806507 0.7296837 0.6764597
TCGA-SX-A71W-01 0.63849725 0.6695347 0.59694299647532
TCGA-F9-A7VF-01 0.7294088 0.6948345 0.70316475
TCGA-BQ-7062-01 0.472759836867336 0.4009511 0.3896015
TCGA-SX-A7SP-01 0.312108 0.47659735 0.47365365
TCGA-F9-A8NY-01 0.67562235 0.772183 0.55016235
TCGA-5P-A9K8-01 0.59532245 0.6028974 0.7403866
TCGA-MH-A55W-01 0.58593715 0.6022517 0.5608162
TCGA-IA-A83T-01 0.42957495 0.2859328 0.36942635
TCGA-BQ-7060-01 0.312108 0.53502845 0.472759836867336
TCGA-UZ-A9PQ-01 0.858404 0.88731165 0.67020845
TCGA-SX-A7SU-01 0.6628364 0.59017085 0.7309525
TCGA-GL-6846-01 0.55755985 0.662932477277171 0.7472569
TCGA-5P-A9KE-01 0.22249165 0.61435275 0.4148468
TCGA-J7-A8I2-01 0.858404 0.7592441 0.8472838
TCGA-B1-A655-01 0.51945305 0.505271035874735 0.5103507
TCGA-BQ-5890-01 0.6695347 0.6043734 0.5780855
TCGA-GL-7966-01 0.772183 0.82968785 0.81242715
TCGA-Y8-A8RY-01 0.76667605 0.48209505 0.64135915
TCGA-5P-A9K6-01 0.457969230758819 0.49750055 0.48581025
TCGA-B1-A656-01 0.49750055 0.23093395 0.4352417
TCGA-5P-A9K9-01 0.57447425 0.5608162 0.972998
TCGA-BQ-5887-01 0.481812302107329 0.2876628 0.24188385
TCGA-AT-A5NU-01 0.67562235 0.7870189 0.67562235
TCGA-IZ-8196-01 0.6304774 0.73060965 0.753525
TCGA-2Z-A9JI-01 0.3896015 0.418318924913438 0.2861695
TCGA-O9-A75Z-01 0.57447425 0.59532245 0.7294088
TCGA-B3-8121-01 0.312108 0.277192 0.29380185
TCGA-4A-A93W-01 0.530281497676472 0.65472315 0.73922585
TCGA-A4-7915-01 0.63849725 0.569023853332455 0.4637359
TCGA-UZ-A9PX-01 0.6304774 0.58967485 0.7086523
TCGA-A4-7287-01 0.6628364 0.4746132 0.3615559
TCGA-A4-8515-01 0.54284765 0.7953488 0.7227564
TCGA-B9-A8YH-01 0.60997995 0.48408295 0.6224892
TCGA-BQ-5881-01 0.28508545 0.3554077 0.4746132
TCGA-A4-7734-01 0.472759836867336 0.576472614382205 0.6139463
TCGA-B9-A5W8-01 0.6304774 0.37716945 0.97975845
TCGA-G7-A8LE-01 0.7361807 0.6304774 0.644135
TCGA-A4-7996-01 0.56796715 0.51073675 0.505271035874735
TCGA-IZ-A6M9-01 0.72114565 0.54513385 0.7018048
TCGA-MH-A55Z-01 0.63849725 0.62369745 0.69482
TCGA-G7-7502-01 0.3615559 0.38005905 0.37068215
TCGA-BQ-5885-01 0.65472315 0.6323466 0.5235816
TCGA-B1-A654-01 0.54284765 0.56796715 0.7901614
TCGA-GL-A4EM-01 0.2113309 0.32741525 0.2687013
TCGA-4A-A93X-01 0.7018048 0.85990545 0.714775405842575
TCGA-B9-4114-01 0.54284765 0.39954065 0.4834966
TCGA-Q2-A5QZ-01 0.7361807 0.4106841 0.4863526
TCGA-2Z-A9J3-01 0.9025624 0.95248845 0.73637285
TCGA-PJ-A5Z9-01 0.7592441 0.6772983 0.6223508
TCGA-2Z-A9JL-01 0.530281497676472 0.56023765 0.60997995
TCGA-2Z-A9JQ-01 0.6304774 0.5456501 0.6576024
TCGA-IA-A83W-01 0.55755985 0.45049915 0.51945305
TCGA-GL-A9DE-01 0.63849725 0.63083865 0.72134785
TCGA-A4-7732-01 0.6022517 0.6138531 0.7594188
TCGA-BQ-7058-01 0.72114565 0.70348975 0.6947662
TCGA-B9-7268-01 0.58593715 0.8787453 0.7738408
TCGA-5P-A9JW-01 0.57447425 0.55755985 0.48209505
