abscnseq ascat estimate purbayes
TCGA-F5-6571-01 0.68 0.54 0.727912457442 0.7324105
TCGA-AA-A02R-01 0.53 0.72 0.862144783870235 0.731445277395563
TCGA-AF-6136-01 0.6 0.48 0.903951587189 0.8386577
TCGA-EI-6514-01 0.72 0.66 0.861144127985 0.757797417285203
TCGA-AA-3862-01 0.561277084273954 0.55 0.82684562797855 0.670433803586846
TCGA-AA-3492-01 0.48 0.79 0.845587806155 0.7740878
TCGA-DC-6157-01 0.75 0.71 0.907540550173 0.962942
TCGA-AA-3977-01 0.35 0.67 0.804130835116983 0.574548
TCGA-AA-3502-01 0.54 0.83 0.904677069802 0.866826
TCGA-AG-A016-01 0.77 0.82 0.930100160626138 0.8416246
TCGA-AG-A036-01 0.539296365958715 0.51 0.813007559417868 0.646515924073129
TCGA-AA-3861-01 0.506325288485857 0.45 0.792250456576844 0.610639104802552
TCGA-AG-3878-01 0.48 0.32 0.725169691716705 0.3496891
TCGA-A6-6142-01 0.45 0.37 0.761201892247 0.6919559
TCGA-AG-3592-01 0.620279658325584 0.65 0.868791121983 0.734636275813958
TCGA-AG-3887-01 0.63 0.81 0.928411552748067 0.9672422
TCGA-T9-A92H-01 0.71 0.688893214509109 0.952214101211 0.7779881
TCGA-AG-A00C-01 0.68 0.78 0.904970891128876 0.805466421962232
TCGA-CM-6171-01 0.58 0.78 0.885045919209 0.7894015
TCGA-EI-6885-01 0.7 0.51 0.793586281158 0.675595042150299
TCGA-AA-3980-01 0.511820468064667 0.46 0.795709973717015 0.616618574680981
TCGA-CL-5917-01 0.78 0.72 0.928121234377 0.821752894860051
TCGA-AA-3696-01 0.4 0.81 0.876774558673573 0.838841
TCGA-AA-A02Y-01 0.59 0.76 0.947766487649 0.7005556
TCGA-DC-4745-01 0.67 0.73 0.875714638147 0.8050394
TCGA-AG-4015-01 0.7 0.78 0.90874235196432 0.81198505897124
TCGA-F5-6863-01 0.57 0.69 0.939320775843 0.8583745
TCGA-AA-3855-01 0.45 0.41 0.7765238928597 0.6051951
TCGA-CM-4751-01 0.32 0.49 0.807264873665 0.4729531
TCGA-DM-A28K-01 0.52 0.78 0.942106681302 0.8483026
TCGA-CI-6619-01 0.47 0.3 0.856134168867 0.4173385
TCGA-D5-6533-01 0.55 0.67 0.877700381513 0.661769
TCGA-AA-3526-01 0.75 0.69 0.823951062599 0.7027886
TCGA-AF-5654-01 0.51 0.74 0.942108312706 0.7708737
TCGA-AF-A56N-01 0.62 0.631705445948414 0.874843863127 0.7607152
TCGA-G4-6626-01 0.63 0.58 0.954359202446 0.755667204885231
TCGA-G4-6628-01 0.36 0.52 0.709849916772 0.5272954
TCGA-CK-4948-01 0.53 0.31 0.827985908453 0.7024442
TCGA-DC-6158-01 0.66 0.53 0.705224176086 0.630795767778956
TCGA-CM-5863-01 0.35 0.32 0.806531769458 0.2908673
TCGA-DC-5337-01 0.56 0.73 0.867870881207 0.7424954
TCGA-CA-5797-01 0.56 0.55 0.856194557363 0.9678475
TCGA-AH-6549-01 0.516062935566563 0.37 0.862056566041 0.621234930939042
TCGA-AA-3930-01 0.66 0.55 0.8449375667936 0.6992186
TCGA-AA-3844-01 0.77 0.72 0.907872121068734 0.8127056
TCGA-AG-A02N-01 0.64 0.79 0.899851327956791 0.796617709110736
TCGA-AA-3860-01 0.71 0.75 0.899715597417281 0.7791286
TCGA-CM-5341-01 0.49 0.52 0.819811070302725 0.7230588
TCGA-G4-6303-01 0.83 0.7 0.853616452 0.792615967245476
TCGA-F4-6704-01 0.55 0.4 0.702012707003 0.259142
TCGA-AA-A01X-01 0.86 0.6 0.923432159045 0.8997373
TCGA-AA-3869-01 0.62 0.6 0.890977518124474 0.9752158
TCGA-CM-5348-01 0.52 0.52 0.705420854853 0.594574252108533
TCGA-AA-A017-01 0.83 0.57 0.882366318919856 0.766396415032896
TCGA-EI-6506-01 0.62 0.3 0.853769229275 0.4765639
TCGA-AG-3892-01 0.2 0.45 0.714960605253573 0.3845653
TCGA-CK-5915-01 0.66 0.82 0.963846741007 0.840514063303392
TCGA-AA-3877-01 0.39 0.51 0.773821471872853 0.5265259
TCGA-AA-3558-01 0.75 0.83 0.949157307632414 0.9712211
TCGA-AA-3527-01 0.68 0.75 0.912129643721121 0.8861871
TCGA-A6-2678-01 0.75 0.75 0.903110247366922 0.7653459
TCGA-DY-A1DF-01 0.93 0.82 0.927912522345 0.887822340111506
TCGA-AA-A01T-01 0.66 0.65 0.869695769809003 0.744496489788482
TCGA-AA-3684-01 0.39 0.26 0.697628448792528 0.3208945
TCGA-AD-6895-01 0.43 0.55 0.816049022398 0.5617062
TCGA-4T-AA8H-01 0.36 0.660868888537259 0.977622639886 0.9312105
TCGA-F4-6856-01 0.33 0.58 0.899681654703 0.658775140783648
TCGA-EI-6509-01 0.86 0.65 0.907473363785 0.809712663326836
TCGA-A6-2685-01 0.52 0.24 0.679421937255 0.3256822
TCGA-F4-6854-01 0.48 0.63 0.850329852936 0.686552935719761
TCGA-CK-5912-01 0.71 0.62 0.903493037032 0.763052058155215
TCGA-AA-3667-01 0.77 0.64 0.892188501276008 0.8031399
TCGA-AG-A015-01 0.707611795624027 0.84 0.918971360151098 0.8024436
TCGA-F5-6812-01 0.49 0.51 0.740938777439 0.6132056
TCGA-AA-3693-01 0.8 0.85 0.941447124947566 0.853751
TCGA-AA-A02J-01 0.85 0.7 0.897455927895636 0.6968596
TCGA-CM-6674-01 0.43 0.53 0.810801586209 0.625622120957351
TCGA-D5-6531-01 0.52 0.62 0.802860584733 0.9317725
TCGA-AG-4021-01 0.98 0.74 0.839242531373 0.7603703
TCGA-WS-AB45-01 0.24 0.228461474898609 0.396647289218 0.2928218
TCGA-D5-6931-01 0.34 0.49 0.817657545768 0.9736997
TCGA-G4-6311-01 0.47 0.41 0.81242715815 0.8777518
TCGA-AG-3726-01 0.58 0.71 0.869150077460042 0.743553308751564
TCGA-AA-3660-01 0.97 0.65 0.890615566279 0.7000309
TCGA-AG-A011-01 0.48 0.56 0.855674148495453 0.9179408
TCGA-AA-3532-01 0.54 0.4 0.753098314709854 0.3848274
TCGA-AA-3531-01 0.96 0.84 0.970958111201149 0.9131075
TCGA-AG-3890-01 0.47 0.53 0.80520311741902 0.6349995
TCGA-AA-3841-01 0.8 0.6 0.883979203163097 0.769184143018941
TCGA-CM-5861-01 0.57 0.76 0.92552260257 0.6997105
TCGA-CM-6168-01 0.51 0.47 0.684347435253 0.2958688
TCGA-CM-5344-01 0.45 0.53 0.862286469667 0.7961312
TCGA-NH-A6GB-01 0.62 0.599878694079409 0.879944396677 0.6215183
TCGA-AA-A01Z-01 0.78 0.78 0.956026250978 0.7626478
TCGA-AA-3678-01 0.63 0.62 0.842897604868244 0.6324725
TCGA-F4-6463-01 0.34 0.58 0.834215173825 0.5441241
TCGA-A6-6780-01 0.46 0.41 0.772216602436 0.6925658
TCGA-AA-3939-01 0.6 0.601469703253504 0.846619115078943 0.704610529909551
TCGA-AA-3544-01 0.7 0.66 0.879662049978693 0.761722324973015
TCGA-AA-A024-01 0.61 0.53 0.847573108713945 0.7838795
TCGA-A6-5666-01 0.59 0.71 0.947061354816 0.8555388
TCGA-A6-5657-01 0.5 0.3 0.798453994368 0.8997101
TCGA-BM-6198-01 0.58 0.62 0.759092439539 0.6351293
TCGA-CK-6747-01 0.6 0.78 0.877235935734 0.7621845
TCGA-G4-6298-01 0.38 0.39 0.935072007328 0.629227501922599
TCGA-G4-6297-01 0.47 0.54 0.768745520038 0.9762233
TCGA-CK-4951-01 0.3 0.62 0.727596212536 0.6137762
TCGA-AF-2689-01 0.85 0.6 0.893407855251706 0.785480735541459
TCGA-AZ-4308-01 0.69 0.68 0.866382646143602 0.6618401
TCGA-DY-A1DC-01 0.58 0.71 0.867684384799 0.7082416
TCGA-F5-6813-01 0.5 0.62 0.816684522212 0.6653283
TCGA-CM-6676-01 0.9 0.41 0.901411004574 0.7148929
TCGA-5M-AAT6-01 0.34 0.545085760255695 0.696497649634 0.9706375
TCGA-AA-3666-01 0.77 0.76 0.917095747890768 0.826423166169729
TCGA-A6-2677-01 0.74 0.76 0.85505775743 0.9084919
TCGA-AA-3506-01 0.3 0.66 0.830420050833 0.6227468
TCGA-AA-A010-01 0.39 0.82 0.859978143010153 0.727700429997698
TCGA-AA-3973-01 0.67 0.81 0.91409651195759 0.8389606
TCGA-CM-6170-01 0.61 0.53 0.827373208255 0.7266247
TCGA-D5-5537-01 0.67 0.68 0.888135292004 0.764671641342144
TCGA-AF-2692-01 0.63820959837729 0.69 0.875278867940937 0.754146381884858
TCGA-G4-6588-01 0.63 0.49 0.86806047192 0.5958837
TCGA-D5-6930-01 0.34 0.53 0.759365276266 0.3696892
TCGA-AA-A01R-01 0.63 0.65 0.864038578555838 0.73471853427497
TCGA-AA-3673-01 0.6 0.69 0.881435404215397 0.8280748
TCGA-5M-AAT5-01 0.7 0.707508521796075 0.960034677252 0.849303
TCGA-EF-5830-01 0.56 0.81 0.912487025497 0.8994818
TCGA-A6-6650-01 0.7 0.65 0.942706951138 0.788209415733419
TCGA-DM-A1DA-01 0.72 0.84 0.945724186982 0.852383380008827
TCGA-DM-A288-01 0.65 0.64 0.958920071087 0.78087427170146
TCGA-CM-6677-01 0.51 0.49 0.826917538513 0.639967002293376
TCGA-F4-6461-01 0.55 0.57 0.804126908068 0.5828969
TCGA-AA-3854-01 0.75 0.83 0.930347935068068 0.8496124
TCGA-DM-A28E-01 0.76 0.57 0.969145821035 0.8391139
TCGA-CK-6748-01 0.72 0.7 0.774581831095 0.6788895
TCGA-AZ-6603-01 0.6 0.68 0.807929083364 0.710460398547389
TCGA-AA-3520-01 0.78 0.69 0.878898573045202 0.6508874
TCGA-A6-6781-01 0.31 0.46 0.418698636044 0.4579909
TCGA-AY-6197-01 0.34 0.75 0.907729961132 0.7555578
TCGA-G4-6304-01 0.38 0.465540495829631 0.930641077614 0.1969755
TCGA-EI-6510-01 0.55 0.85 0.946117760141 0.6999033
TCGA-D5-5538-01 0.66 0.64 0.72784020927 0.674976596781677
TCGA-G4-6314-01 0.46 0.52 0.810279773449 0.8688868
TCGA-QG-A5Z2-01 0.25 0.6 0.90234754239 0.5288773
TCGA-NH-A50V-01 0.46 0.6 0.811219597452 0.654316880657582
TCGA-AA-3811-01 0.39 0.49 0.780007312549679 0.589477911502581
TCGA-EI-7002-01 0.637478745994926 0.72 0.854400332754 0.753351119465633
TCGA-AY-A69D-01 0.87 0.704350882073327 0.927913721755 0.7411186
TCGA-AG-3598-01 0.83 0.77 0.904355355199351 0.678977
TCGA-DM-A28F-01 0.72 0.64 0.940915274397 0.6847135
TCGA-A6-6782-01 0.47 0.45 0.733407866872 0.6517262
TCGA-D5-6541-01 0.59 0.59 0.711375137801 0.635366077832719
TCGA-AA-3858-01 0.62 0.53 0.833072546152489 0.681196481772242
TCGA-D5-6538-01 0.87 0.88 0.975400563142 0.914137066269073
TCGA-D5-5540-01 0.81 0.76 0.900522663737 0.8710991
TCGA-F4-6807-01 0.46 0.53 0.661343353785 0.5796601
TCGA-AF-2693-01 0.82 0.61 0.842124089029 0.6005737
TCGA-F4-6808-01 0.69 0.56 0.945689325235 0.7094419
TCGA-EI-6917-01 0.27 0.55 0.678079719214 0.5187872
TCGA-AF-6672-01 0.62 0.63 0.918709072763 0.9570375
TCGA-DY-A0XA-01 0.66 0.59 0.921758455474 0.6845092
TCGA-CK-4952-01 0.8 0.84 0.900795838632 0.8344739
TCGA-AG-3882-01 0.52 0.59 0.864246442171656 0.9031955
TCGA-QG-A5YX-01 0.75 0.8 0.956984754493 0.826437
TCGA-AG-A026-01 0.91 0.86 0.967729558726896 0.913939236897968
TCGA-AG-3583-01 0.59 0.57 0.851434784834683 0.7807946
TCGA-A6-5660-01 0.73 0.59 0.856921163473 0.73682285378406
TCGA-AF-6655-01 0.58 0.42 0.828468886338 0.6174288
TCGA-DM-A28G-01 0.51 0.67 0.937825474944 0.6886061
TCGA-CM-6172-01 0.69 0.54 0.87931536436 0.7108995
TCGA-AA-3947-01 0.31 0.57 0.808869405217741 0.7557071
TCGA-DM-A0XF-01 0.75 0.45 0.883244571793 0.6090758
TCGA-AA-3514-01 0.63 0.67 0.879954668377307 0.8146622
TCGA-AA-3517-01 0.65 0.71 0.894250470807804 0.8433071
TCGA-D5-6926-01 0.52 0.46 0.770255206195 0.7905439
TCGA-A6-6651-01 0.39 0.39 0.584652350478 0.690804
TCGA-SS-A7HO-01 0.79 0.760279235465813 0.968791920294 0.9693806
TCGA-AZ-6607-01 0.64 0.34 0.674458477938 0.8653191
TCGA-AF-2690-01 0.54 0.39 0.485292595871 0.4298774
TCGA-F4-6570-01 0.49 0.67 0.659636442363 0.611447
TCGA-CM-6678-01 0.43 0.64 0.927592141128 0.7765635
TCGA-AG-4008-01 0.43 0.5 0.801517090362655 0.6813361
TCGA-A6-3807-01 0.48 0.44 0.80863464049722 0.7515661
TCGA-AY-A8YK-01 0.53 0.688039763233138 0.927310796691 0.9791547
TCGA-AA-3976-01 0.599743341325622 0.62 0.851062247959743 0.712290092735852
TCGA-AG-A01J-01 0.7 0.48 0.836041597000252 0.686328223975679
TCGA-CM-6165-01 0.71 0.67 0.799117016285 0.729411690552227
TCGA-D5-5539-01 0.62 0.58 0.801218741954 0.5858798
TCGA-AH-6644-01 0.65 0.56 0.800508579743 0.600971
TCGA-EI-6511-01 0.87 0.62 0.700449906779 0.705927446266833
TCGA-NH-A6GA-01 0.64 0.663174361467163 0.913441913335 0.8035989
TCGA-AD-6889-01 0.59 0.9 0.915631092091 0.8775717
TCGA-AZ-6598-01 0.78 0.655260938467969 0.838413849718 0.7783448
TCGA-D5-6927-01 0.44 0.34 0.748827544133 0.5116466
TCGA-AA-A02W-01 0.93 0.64 0.939902154163623 0.9687033
TCGA-AD-6548-01 0.46 0.55 0.778305565487 0.5260465
TCGA-AA-3848-01 0.6 0.72 0.872243560700549 0.7342088
TCGA-AU-6004-01 0.2 0.49 0.762310693515 0.44445
TCGA-AA-3870-01 0.5 0.57 0.813854509319857 0.6182189
TCGA-AA-3522-01 0.96 0.46 0.834723827881196 0.4685201
TCGA-NH-A8F8-01 0.54 0.593074157576072 0.859567087874 0.7010385
TCGA-AA-3819-01 0.56 0.7 0.858346839761522 0.7030507
TCGA-G4-6317-02 0.83 0.76 0.952067181359 0.857064007479446
TCGA-G4-6306-01 0.7 0.74 0.954892173726 0.7017707
TCGA-F4-6569-01 0.53 0.41 0.641111733294 0.8082519
TCGA-DM-A1HA-01 0.91 0.89 0.970960452559 0.924612747099124
TCGA-AA-3521-01 0.89 0.66 0.876797818653632 0.573485
TCGA-AZ-4614-01 0.78 0.69 0.955311772823 0.8507655
TCGA-NH-A8F7-01 0.57 0.66592135578828 0.971234323451 0.775552175600166
TCGA-AA-3850-01 0.53 0.45 0.767196399104587 0.4275124
TCGA-D5-6535-01 0.83 0.58 0.843624982633 0.9524353
TCGA-F5-6465-01 0.46 0.55 0.689788222219 0.5744046
TCGA-A6-2684-01 0.42 0.57 0.682280374013 0.575239577493301
TCGA-A6-A565-01 0.2 0.316464655210697 0.694430192263 0.163989
TCGA-AF-3911-01 0.73 0.73 0.853954612531 0.778176127259431
TCGA-AA-3955-01 0.91 0.64 0.936350745958968 0.9636074
TCGA-DM-A282-01 0.56 0.54 0.935529944264 0.7280169
TCGA-AG-A008-01 0.7 0.81 0.932067575572009 0.9283517
TCGA-G5-6572-02 0.31 0.25 0.798697814998 0.505955253426915
TCGA-AA-3681-01 0.94 0.54 0.895839278018389 0.789683235082881
TCGA-G5-6641-01 0.54 0.5 0.837299081390994 0.8144202
TCGA-RU-A8FL-01 0.59 0.596690176019095 0.843575393336535 0.699349725658657
TCGA-AA-3561-01 0.92 0.68 0.921359054893307 0.8118317
TCGA-CK-4950-01 0.29 0.44 0.825271427428 0.4036423
TCGA-AD-6963-01 0.46 0.28 0.870771173302 0.4086757
TCGA-F4-6805-01 0.53 0.41 0.719601957358 0.4299973
TCGA-AF-2691-01 0.49 0.46 0.755936181129402 0.3789624
TCGA-AG-3885-01 0.66 0.72 0.886659279300619 0.773816417954112
TCGA-AD-A5EJ-01 0.34 0.69 0.904883632731 0.6438484
TCGA-DM-A0XD-01 0.51 0.66 0.907533324855 0.6513111
TCGA-G4-6293-01 0.35 0.61 0.831717427027 0.640841001287774
TCGA-AA-3524-01 0.69 0.77 0.891492575138316 0.7208707
TCGA-A6-6654-01 0.37 0.33 0.562946780457 0.3026337
TCGA-CL-5918-01 0.87 0.71 0.931530516267 0.841679039328384
TCGA-AD-6888-01 0.62 0.49 0.971520918485 0.5980727
TCGA-AF-3400-01 0.39 0.28 0.680190669903591 0.1851951
TCGA-AF-A56L-01 0.53 0.58390851208534 0.89568313629 0.6088462
TCGA-G4-6586-01 0.53 0.68 0.898132814371 0.6639593
TCGA-QL-A97D-01 0.6 0.625859655253241 0.888017059334 0.731456440993721
TCGA-CM-4746-01 0.77 0.81 0.916803079054075 0.7671339
TCGA-A6-4105-01 0.5 0.63 0.759212805765 0.7072736
TCGA-AZ-5403-01 0.5 0.48 0.83164461854 0.7235503
TCGA-CA-6717-01 0.24 0.43 0.676117022129 0.2783927
TCGA-AG-3909-01 0.62 0.57 0.863762141133122 0.8336973
TCGA-AG-A02X-01 0.91 0.75 0.941072615240071 0.867865064066262
TCGA-D5-6920-01 0.66 0.26 0.851655805996 0.965194
TCGA-CA-5254-01 0.74 0.67 0.881422477751 0.775103524108918
TCGA-AZ-4615-01 0.49 0.64 0.742803528414 0.7166078
TCGA-AG-3894-01 0.53 0.603132274705463 0.847677881904289 0.7720671
TCGA-DC-6683-01 0.65 0.61 0.880700005067 0.6664958
TCGA-AA-3986-01 0.52 0.56 0.805824032111751 0.5599134
TCGA-AA-A03F-01 0.68 0.75 0.881558417858799 0.6885342
TCGA-AA-A029-01 0.66 0.78 0.919296343483582 0.9159495
TCGA-AA-3989-01 0.62 0.48 0.820955753658478 0.660253675939649
TCGA-AA-3971-01 0.95 0.49 0.84690677280926 0.5217816
TCGA-AA-3845-01 0.42 0.480189744445764 0.769385022785479 0.505265
TCGA-AA-3846-01 0.65 0.53 0.882434871479451 0.9735419
TCGA-AD-A5EK-01 0.83 0.75 0.932483341887 0.7727984
TCGA-DM-A1D8-01 0.5 0.66 0.949792117345 0.747067175652671
TCGA-A6-A567-01 0.59 0.57 0.921124362607 0.5951396
TCGA-AG-4001-01 0.49 0.45 0.789171182731688 0.605316851881544
TCGA-AG-3574-01 0.75 0.77 0.902561844649061 0.7388418
TCGA-AG-A01W-01 0.39 0.62 0.853694760455174 0.9166609
TCGA-AA-A01K-01 0.5 0.55 0.815290498137432 0.650461782051235
TCGA-AY-A71X-01 0.59 0.655130247393333 0.880791483369263 0.8728723
TCGA-AA-3489-01 0.32 0.32 0.540243261919 0.3643882
TCGA-DC-6154-01 0.73 0.8 0.904359023608 0.7854984
TCGA-DY-A1DG-01 0.83 0.84 0.970072298087 0.889925101694567
TCGA-G4-6323-01 0.6 0.62 0.83156439818375 0.5859973
TCGA-AG-4022-01 0.9 0.45 0.776031213343 0.696566115108814
TCGA-AG-3732-01 0.67 0.69 0.836705175969 0.6459777
TCGA-AA-3950-01 0.54 0.33 0.73074131760482 0.3206369
TCGA-D5-6530-01 0.42 0.71 0.804612934944 0.675302271132075
TCGA-F4-6806-01 0.67 0.46 0.870358176706 0.4160236
TCGA-CK-5914-01 0.68 0.5 0.880614634691 0.708567937596895
TCGA-D5-6929-01 0.53 0.3 0.800680108175 0.7814602
TCGA-AF-A56K-01 0.51 0.476198041395338 0.795406380756 0.3626989
TCGA-AG-4005-01 0.76 0.66 0.890976432485024 0.781278236000038
TCGA-AA-3866-01 0.46 0.46 0.785937349977325 0.599727457534551
TCGA-AM-5820-01 0.69 0.7 0.895070275505 0.763678
TCGA-CM-5860-01 0.48 0.5 0.757846138593 0.8887862
TCGA-CM-4744-01 0.51 0.642012171599848 0.882770606068 0.8871761
TCGA-DC-5869-01 0.49 0.55 0.875584177802 0.676336988561252
TCGA-CA-6715-01 0.73 0.81 0.958388181125 0.8661476
TCGA-CI-6623-01 0.48 0.47 0.879593174568 0.5964931
TCGA-AA-3833-01 0.27 0.21 0.680247467311664 0.3731077
TCGA-EI-7004-01 0.45 0.5 0.588876705572 0.517230535579913
TCGA-AA-3982-01 0.56 0.33 0.744414429450317 0.3911729
TCGA-DM-A28M-01 0.6 0.59 0.96805011697 0.758007962915604
TCGA-AD-6901-01 0.67 0.46 0.726069681152 0.621567139993623
TCGA-AA-A02H-01 0.74 0.69 0.894475047145987 0.787325282490586
TCGA-A6-6137-01 0.37 0.58 0.86766805628 0.5884157
TCGA-D5-6536-01 0.7 0.57 0.83370172014 0.712709839379572
TCGA-CA-5255-01 0.38 0.3 0.958597719062 0.3591465
TCGA-AG-A023-01 0.44 0.61 0.791567055542224 0.4818016
TCGA-AA-3956-01 0.53 0.48 0.803984179898982 0.630919809399115
TCGA-AA-3675-01 0.43 0.78 0.896446819721 0.7471183
TCGA-AD-5900-01 0.48 0.56 0.78581185803 0.634951129154781
TCGA-AA-3812-01 0.48 0.41 0.777592018318757 0.585303288710965
TCGA-AA-A022-01 0.56 0.66 0.848372244466617 0.6844787
TCGA-AA-3530-01 0.4 0.69 0.844427429668453 0.7674573
TCGA-AD-6965-01 0.68 0.7 0.918808646628 0.9741971
TCGA-AH-6897-01 0.65 0.75 0.951139861389 0.810812814641076
TCGA-G4-6299-01 0.7 0.55 0.774916891486 0.679059782879024
TCGA-A6-5667-01 0.69 0.67 0.890362934669 0.767413833789496
TCGA-AG-3591-01 0.97 0.74 0.89393702762 0.7803794
TCGA-AA-A03J-01 0.47 0.44 0.785649336332048 0.6118912
TCGA-CA-5256-01 0.71 0.68 0.871888103834 0.8092356
TCGA-A6-A566-01 0.29 0.25 0.524124905117 0.4068732
TCGA-AH-6547-01 0.65 0.23 0.659609277372 0.8423726
TCGA-AA-3548-01 0.7 0.54 0.857019939925988 0.7530841
TCGA-D5-6532-01 0.75 0.69 0.934797768695 0.808594674930425
TCGA-CK-5913-01 0.55 0.67 0.823649116476 0.702894216626512
TCGA-AG-A020-01 0.79 0.69 0.899051366701602 0.7722492
TCGA-F5-6861-01 0.3 0.51 0.911345709233 0.5093003
TCGA-AA-3697-01 0.51 0.57 0.877138545697 0.7712317
TCGA-AA-3952-01 0.93 0.67 0.905581703979042 0.7123727
TCGA-AA-3655-01 0.66 0.77 0.863191923435 0.778086378600267
TCGA-AZ-4315-01 0.3 0.68 0.854774172316 0.661137188244741
TCGA-AF-4110-01 0.53 0.45 0.746491571461 0.594822231336316
TCGA-CI-6621-01 0.49 0.56 0.793844601799 0.8349062
TCGA-5M-AATE-01 0.67 0.672406159883903 0.931538565259 0.782689970465495
TCGA-AG-A00Y-01 0.63 0.64 0.861615220057036 0.730529973108452
TCGA-EI-6507-01 0.5 0.59 0.74211100777 0.5099941
TCGA-AA-3818-01 0.61 0.71 0.887528826286259 0.8355797
TCGA-CM-5862-01 0.79 0.69 0.911268359874 0.80707289541886
TCGA-AZ-6608-01 0.62 0.82 0.975904566806 0.836660784863544
TCGA-D5-6898-01 0.57 0.54 0.803052670565 0.658305004618676
TCGA-AA-A02O-01 0.75 0.79 0.912339744733354 0.7791006
TCGA-AA-3831-01 0.49 0.63 0.839967481359048 0.7271048
TCGA-AA-3511-01 0.53 0.49 0.839865763768 0.9731978
TCGA-G4-6321-01 0.23 0.55 0.886162699649 0.4479631
TCGA-G4-6302-01 0.21 0.37 0.681344795847 0.4660408
TCGA-CA-6718-01 0.3 0.43 0.746583284761 0.5718758
TCGA-D5-6922-01 0.52 0.64 0.822858846353 0.68623739441111
TCGA-3L-AA1B-01 0.43 0.54349993228366 0.878585206829 0.5629716
TCGA-D5-6928-01 0.32 0.59 0.436473717678 0.3187577
TCGA-AG-A025-01 0.67 0.74 0.885158824425519 0.7322238
TCGA-AA-3814-01 0.41 0.56 0.797260303066918 0.6028042
TCGA-AA-3856-01 0.64 0.53 0.836844006987933 0.68771511878125
TCGA-AD-6890-01 0.55 0.56 0.879845965894 0.4823869
TCGA-AM-5821-01 0.45 0.37 0.775315732873 0.6222071
TCGA-CA-5796-01 0.53 0.67 0.902108913536 0.8165481
TCGA-CI-6620-01 0.82 0.42 0.884862472924 0.5971615
TCGA-CM-6162-01 0.54 0.56 0.560850809052 0.4519668
TCGA-AA-3685-01 0.59 0.6 0.772065701486 0.9230132
TCGA-F4-6703-01 0.29 0.32 0.419942805843 0.2016498
TCGA-EI-6883-01 0.59 0.75 0.888213925649104 0.8119572
TCGA-A6-6138-01 0.49 0.61 0.701749199435 0.613204427620826
TCGA-D5-6537-01 0.75 0.72 0.936717459067 0.733821
TCGA-DM-A285-01 0.56 0.550127539586765 0.924670692235 0.3927745
TCGA-AA-3519-01 0.67 0.65 0.864878737969872 0.7044197
TCGA-NH-A5IV-01 0.36 0.545870710701332 0.80022014046 0.7732552
TCGA-CM-5349-01 0.36 0.53 0.798979130125 0.4920657
TCGA-AG-A014-01 0.84 0.69 0.913332351323205 0.819918467535624
TCGA-CI-6624-01 0.52 0.32 0.788256879332 0.2759594
TCGA-AA-3994-01 0.73 0.74 0.895856527134618 0.7477926
TCGA-G4-6309-01 0.64 0.78 0.925438926192 0.754304
TCGA-A6-4107-01 0.37 0.51 0.741483141090423 0.3353132
TCGA-AA-3842-01 0.66 0.66 0.872119128307806 0.748685050955
TCGA-CM-4752-01 0.42 0.45 0.75688643137575 0.4591132
TCGA-AA-A02K-01 0.605226187326249 0.5 0.939204637162 0.718256142077577
TCGA-CM-6675-01 0.74 0.83 0.923385592792 0.8327511
TCGA-AG-A002-01 0.65 0.625367339425552 0.861837723790984 0.730914551164023
TCGA-DM-A1D9-01 0.82 0.77 0.940876155706 0.7403637
TCGA-DC-4749-01 0.78 0.66 0.925274652257 0.802100575567083
TCGA-CA-6719-01 0.61 0.56 0.793102941813 0.7047713
TCGA-DC-6682-01 0.47 0.47 0.930998524684 0.673125378033733
TCGA-CA-6716-01 0.65 0.76 0.919538006705 0.799058724385259
TCGA-AG-3902-01 0.68 0.49 0.813791460566914 0.5488593
TCGA-EI-6508-01 0.62 0.62 0.914744083115 0.7410854
TCGA-AZ-6600-01 0.64 0.48 0.782787044671 0.7928104
TCGA-G4-6294-01 0.81 0.79 0.904934083957 0.839387357856003
TCGA-AG-3893-01 0.6 0.7 0.868244705297029 0.7313134
TCGA-AG-A02G-01 0.75 0.68 0.893937419064906 0.786396039828571
TCGA-D5-6923-01 0.56 0.44 0.824138260611 0.635278087509006
TCGA-F5-6810-01 0.8 0.62 0.848423397851 0.758630751092566
TCGA-CM-6169-01 0.93 0.65 0.624428714259 0.7954218
TCGA-AA-A01D-01 0.7 0.55 0.891566426213272 0.9649591
TCGA-CM-4748-01 0.34 0.63 0.807812173800742 0.6531986
TCGA-AA-A00N-01 0.25 0.97 0.821789196793277 0.4336631
TCGA-F5-6864-01 0.51 0.47 0.770746142289 0.607541480430847
TCGA-AG-3901-01 0.32 0.44 0.73308659260593 0.4060443
TCGA-D5-7000-01 0.46 0.64 0.83992098631 0.67997739674826
TCGA-G4-6322-01 0.56 0.82 0.900195661894 0.8451585
TCGA-G4-6310-01 0.48 0.53 0.932866124894 0.8385755
TCGA-AA-3821-01 0.42 0.46 0.778394428306437 0.586690183516536
TCGA-AA-A004-01 0.5 0.53 0.799114863282584 0.5688393
TCGA-AG-3898-01 0.59 0.54 0.829564862541564 0.6738362
TCGA-AG-3602-01 0.46 0.61 0.824928722408012 0.6796305
TCGA-AA-3875-01 0.35 0.35 0.736695942329138 0.5058955
TCGA-AY-4071-01 0.57 0.6 0.840607403555496 0.694219817415354
TCGA-G4-6307-01 0.7 0.69 0.961797302165 0.809366640062552
TCGA-DM-A28H-01 0.95 0.7 0.957107755267 0.7799858
TCGA-EI-6882-01 0.45 0.73 0.878619566504 0.7410517
TCGA-CI-6622-01 0.52 0.64 0.936850485075 0.6250549
TCGA-AA-3538-01 0.55 0.66 0.851917688471806 0.7163337
TCGA-D5-6932-01 0.62 0.61 0.83738405536 0.7398303
TCGA-AA-3864-01 0.31 0.69 0.813388639183949 0.647174586796925
TCGA-QG-A5YV-01 0.62 0.62 0.935178790616 0.7515847
TCGA-AA-3679-01 0.75 0.78 0.904673903972583 0.7410177
TCGA-AA-3662-01 0.66 0.72 0.80536067385 0.735723854840926
TCGA-NH-A6GC-01 0.72 0.659361730982806 0.884043242585 0.768332025914133
TCGA-AA-A01C-01 0.55 0.63 0.869519086492292 0.8645702
TCGA-AZ-6599-01 0.66 0.84 0.970215521752 0.7242871
TCGA-AH-6903-01 0.59 0.6 0.947418547436 0.6006743
TCGA-AA-3529-01 0.88 0.61 0.867976776771387 0.5827829
TCGA-CK-6746-01 0.46 0.82 0.827485634336 0.8241501
TCGA-AG-3881-01 0.61 0.62 0.852997042223988 0.715634213766407
TCGA-5M-AAT4-01 0.5 0.635578615613529 0.955219252937 0.742154057195086
TCGA-AY-4070-01 0.7 0.32 0.775297209619327 0.4772636
TCGA-CM-4750-01 0.62 0.61 0.879353948554762 0.8885864
TCGA-A6-6652-01 0.73 0.8 0.952665468447 0.8121319
TCGA-AA-3680-01 0.54 0.57 0.842942625432054 0.7705528
TCGA-AA-A01P-01 0.2 0.28 0.672614784324 0.4017027
TCGA-CL-4957-01 0.85 0.63 0.920348256673 0.9046129
TCGA-QG-A5Z1-01 0.75 0.56 0.888754011077 0.7838166
TCGA-CM-5868-01 0.58 0.5 0.874754811632 0.891182
TCGA-D5-6540-01 0.32 0.7 0.862198526312 0.7291786
TCGA-A6-3809-01 0.32 0.4 0.747646788303 0.5626107
TCGA-F4-6460-01 0.88 0.61 0.822911541334 0.6118184
TCGA-A6-6649-01 0.59 0.55519087098041 0.818988809757 0.5728727
TCGA-G4-6295-01 0.61 0.66 0.836719226213 0.9433243
TCGA-AG-3731-01 0.56 0.47 0.66815484399 0.484745
TCGA-A6-2686-01 0.55 0.53 0.67413468063 0.5635785
TCGA-AZ-6601-01 0.61 0.49 0.725434556338 0.4605272
TCGA-AA-3663-01 0.35 0.66 0.876195741529 0.7255709
TCGA-AZ-4681-01 0.73 0.8 0.92345079423955 0.857323
TCGA-AU-3779-01 0.57 0.55 0.780415824736 0.8775975
TCGA-AF-3913-01 0.64 0.69 0.875617742968769 0.754732097445549
TCGA-AG-3883-01 0.45 0.54 0.803438487550021 0.629976628362197
TCGA-F5-6811-01 0.57 0.55 0.769056397133 0.9672079
TCGA-AG-3742-01 0.655564620687957 0.73 0.88333265539 0.7684196
TCGA-AA-A01S-01 0.85 0.84 0.94355342571781 0.8341854
TCGA-AY-6196-01 0.38 0.38 0.366970206023 0.3851587
TCGA-CM-4743-01 0.29 0.43 0.861190918532 0.8232219
TCGA-DM-A1D6-01 0.73 0.83 0.930290597345544 0.8671068
TCGA-F4-6459-01 0.66 0.45 0.801618034477 0.8112994
TCGA-A6-6648-01 0.6 0.48 0.937123916863 0.5190266
TCGA-AA-3872-01 0.46 0.5 0.801604937534602 0.6551064
TCGA-A6-5659-01 0.71 0.54 0.893687455993 0.73403289050058
TCGA-EI-6884-01 0.5 0.27 0.797650514128 0.3036053
TCGA-DY-A1DD-01 0.79 0.81 0.939004671682 0.8807762
TCGA-DM-A1HB-01 0.31 0.46 0.928633277375 0.708818
TCGA-AG-3580-01 0.61 0.47 0.818536825853935 0.665026
TCGA-A6-A56B-01 0.69 0.61 0.901044791501 0.7541003208513
TCGA-4N-A93T-01 0.69 0.700163476974612 0.96245348249 0.8239239
TCGA-DM-A28A-01 0.72 0.65 0.907966130536 0.8367078
TCGA-G4-6320-01 0.38 0.3 0.942317923703 0.7951464
TCGA-AY-A54L-01 0.46 0.46 0.843043769754054 0.9689389
TCGA-D5-5541-01 0.72 0.56 0.80186206598 0.7644761
TCGA-D5-6529-01 0.57 0.39 0.684806721406 0.3761096
TCGA-D5-6539-01 0.27 0.28 0.88012327877 0.3820082
TCGA-AA-3949-01 0.31 0.43 0.818614640717715 0.9794227
TCGA-A6-6653-01 0.57 0.8 0.856320538791 0.7978646
TCGA-AH-6643-01 0.7 0.63 0.897880180628 0.761099465447446
TCGA-AA-3715-01 0.33 0.589479600637775 0.838983519708241 0.9101784
TCGA-NH-A50T-01 0.47 0.97 0.960756968291 0.839723332240548
TCGA-EI-6512-01 0.79 0.6 0.891231375729 0.939567
TCGA-F5-6702-01 0.5 0.51 0.678665651329 0.9561877
TCGA-AG-3599-01 0.31 0.61 0.815695465656738 0.7539228
TCGA-AH-6544-01 0.5 0.43 0.97201166654 0.4282657
TCGA-D5-6924-01 0.54 0.46 0.736938639642 0.7445771
TCGA-AA-A01V-01 0.6 0.8 0.895287909089592 0.791364
TCGA-AG-A01N-01 0.63 0.45 0.823635875075311 0.7030864
TCGA-AA-A02E-01 0.69 0.59 0.880863536488823 0.858777
TCGA-AG-3999-01 0.79 0.68 0.901480340735794 0.799433313846586
TCGA-CM-6163-01 0.51 0.44 0.789759826092 0.607291150382556
TCGA-AG-3605-01 0.6 0.64 0.855987719062355 0.7209435
TCGA-DM-A0X9-01 0.47 0.96 0.907925500977 0.7800909
TCGA-A6-5662-01 0.88 0.73 0.906937607135 0.9553753
TCGA-EI-6881-01 0.61 0.56 0.914758254812 0.698004
TCGA-CM-6680-01 0.57 0.68 0.784785782499 0.6698623
TCGA-AA-3692-01 0.63 0.63 0.864557808629476 0.7610335
TCGA-AA-3664-01 0.69 0.79 0.912015674236266 0.8306007
TCGA-CM-6679-01 0.69 0.39 0.785643941863 0.4452869
TCGA-AA-3710-01 0.26 0.38 0.714916025372613 0.4110365
TCGA-AA-3534-01 0.69 0.75 0.883822519709625 0.6942398
TCGA-AA-A02F-01 0.71 0.84 0.930119057963529 0.8723836
TCGA-NH-A50U-01 0.78 0.692900502058314 0.910554076233 0.805248001237706
TCGA-AG-3727-01 0.84 0.82 0.944343695099846 0.8711858
TCGA-A6-5661-01 0.64 0.48 0.70373215907 0.6287037
TCGA-CM-6167-01 0.56 0.33 0.647981619396 0.8615893
TCGA-A6-5656-01 0.81 0.71 0.942514424064 0.7841888
TCGA-DM-A1DB-01 0.71 0.74 0.953812452586 0.8340156
TCGA-AZ-6605-01 0.38 0.3 0.671555570874 0.2403135
TCGA-A6-2683-01 0.92 0.77 0.891288197217416 0.5141006
TCGA-A6-5665-01 0.69 0.66 0.909788739488 0.674716
TCGA-DM-A1D7-01 0.58 0.57 0.917311299808 0.5988909
TCGA-AZ-6606-01 0.67 0.58 0.94813496785 0.7817473
TCGA-F5-6814-01 0.37 0.67 0.848129533218 0.6964936
TCGA-DC-6160-01 0.77 0.66 0.879134967891 0.6135694
TCGA-AA-3713-01 0.42 0.37 0.830077267379 0.583428622116171
TCGA-AZ-5407-01 0.3 0.38 0.905054170369 0.716853
TCGA-AG-3581-01 0.51 0.62 0.821960103756865 0.6042954
TCGA-G4-6317-01 0.73 0.67 0.892343765499101 0.8054362
TCGA-G5-6233-01 0.82 0.62 0.890271490064 0.782990360245781
TCGA-AA-A00Z-01 0.62 0.55 0.837919263150094 0.68957360410528
TCGA-A6-2675-01 0.42 0.46 0.734107261468 0.565939288668836
TCGA-CM-6164-01 0.45 0.49 0.874976941611 0.9283231
TCGA-CK-5916-01 0.33 0.57 0.745236919247 0.583356327199823
TCGA-AA-3556-01 0.48 0.55 0.834577242047177 0.7930217
TCGA-A6-2681-01 0.53 0.44 0.823613496593647 0.8037465
TCGA-A6-5664-01 0.3 0.39 0.723673774055 0.2469653
TCGA-AA-A01I-01 0.34 0.45 0.782705857498955 0.6975046
TCGA-AG-A032-01 0.72 0.6 0.901509972206848 0.953986
TCGA-EI-6513-01 0.67 0.79 0.892177125066 0.8470898
TCGA-AZ-4616-01 0.45 0.49 0.860927113642 0.5204286
TCGA-AA-3560-01 0.56 0.53 0.80520620797649 0.5546265
TCGA-DM-A280-01 0.53 0.37 0.902379296487 0.3206669
TCGA-DC-6681-01 0.51 0.57 0.844506956948 0.5322224
TCGA-A6-2671-01 0.98 0.66 0.932462501674903 0.85298324309912
TCGA-AG-4007-01 0.83 0.68 0.909023262406681 0.812470587864601
TCGA-AY-5543-01 0.68 0.64 0.894477903565 0.6552464
TCGA-AZ-4323-01 0.39 0.346363548173411 0.648883502074 0.1968343
TCGA-A6-3810-01 0.48 0.51 0.761301455345 0.9110943
TCGA-CK-4947-01 0.51 0.56 0.791749344569 0.9798093
TCGA-F5-6464-01 0.51 0.33 0.624881462441 0.4597636
TCGA-AG-3594-01 0.567628463482093 0.6 0.830844169776712 0.6332153
TCGA-F4-6809-01 0.42 0.38 0.761663400311 0.5338138
TCGA-D5-6534-01 0.44 0.22 0.480660196086 0.3226038
TCGA-AA-3852-01 0.44 0.66 0.831743637576182 0.68416
TCGA-AA-3851-01 0.64 0.55 0.87544429365341 0.9143196
TCGA-AZ-4682-01 0.47 0.73 0.913741082852 0.7840159
TCGA-NH-A8F7-06 0.83 0.711398829644921 0.916624715154334 0.825609027680123
TCGA-AA-3815-01 0.555781904695144 0.54 0.823386110838379 0.664454333708417
TCGA-AA-3966-01 0.52 0.54 0.818248048849651 0.6631972
TCGA-AF-2687-01 0.62 0.46 0.638673797105 0.5893925
TCGA-CM-6161-01 0.45 0.4 0.832014043346 0.6755485
TCGA-AA-3672-01 0.46 0.66 0.832218355731725 0.6693641
TCGA-QG-A5YW-01 0.62 0.61 0.858100323452 0.8973694
TCGA-AA-3496-01 0.95 0.59 0.736210197306 0.7081188
TCGA-AA-A00O-01 0.78 0.59 0.853816894882991 0.6035187
TCGA-AA-3549-01 0.94 0.7 0.916622882110443 0.7403872
TCGA-AA-3510-01 0.29 0.63 0.800669737803967 0.6516832
TCGA-CM-5864-01 0.59 0.65 0.898461651542 0.7153946
TCGA-AA-3975-01 0.69 0.71 0.877800115743455 0.70122
TCGA-AG-3725-01 0.75 0.75 0.922358791913 0.821084882005714
TCGA-CM-6166-01 0.55 0.73 0.940072519297 0.7316402
TCGA-G5-6235-01 0.51 0.2 0.96606025925 0.314267
TCGA-CK-6751-01 0.51 0.58 0.843864197979 0.6515755
TCGA-AG-A01L-01 0.74 0.72 0.853460041274735 0.4877115
TCGA-AA-3695-01 0.51 0.74 0.863220040032397 0.733303762719594
TCGA-AA-3837-01 0.31 0.52 0.806552484288932 0.7981237
TCGA-G4-6625-01 0.6 0.35 0.708485383466 0.5566513
TCGA-AA-3712-01 0.67 0.64 0.849405283164 0.9638747
TCGA-G4-6627-01 0.3 0.372848184250731 0.744556113462 0.2170355
TCGA-A6-6141-01 0.51 0.33 0.834686554602 0.4870607
TCGA-AG-A01Y-01 0.71 0.79 0.913051440880844 0.819432938642262
TCGA-CM-4747-01 0.32 0.59 0.891073198 0.5550765
TCGA-DM-A1D0-01 0.91 0.79 0.944607166305271 0.8447991
TCGA-A6-3808-01 0.500830108907047 0.44 0.788790939436674 0.604659634924123
TCGA-AG-3584-01 0.68 0.71 0.892179833949026 0.8031221
TCGA-G5-6572-01 0.51 0.67 0.861941834141 0.7445776
TCGA-G4-6315-01 0.42 0.54 0.967049102563 0.5735122
TCGA-AA-3984-01 0.24 0.76 0.801147281043638 0.5502032
TCGA-AD-6964-01 0.36 0.53 0.590759479744 0.4629716
TCGA-AD-6899-01 0.52 0.55 0.720744305632 0.610913389421677
TCGA-AA-3979-01 0.78 0.81 0.936768271922182 0.8872828
TCGA-A6-2674-01 0.31 0.29 0.609706233385 0.4564446
TCGA-DT-5265-01 0.53 0.64 0.772901095114 0.6410386
TCGA-AG-A00H-01 0.6 0.6 0.846264594808661 0.703997772928866
TCGA-AA-3688-01 0.74 0.64 0.882358254651975 0.766382476657993
TCGA-5M-AATA-01 0.43 0.567828880730236 0.875704550182 0.667582227013844
TCGA-AA-3867-01 0.63 0.51 0.830111559572606 0.676078677943709
TCGA-DM-A1D4-01 0.75 0.76 0.953297912242 0.7591074
TCGA-AA-3968-01 0.76 0.64 0.915712555341711 0.9641631
TCGA-F4-6855-01 0.518669569131933 0.28 0.750353088367 0.9325094
TCGA-AG-3575-01 0.58 0.7 0.871721466982361 0.7716569
TCGA-DY-A1H8-01 0.79 0.8 0.972071246972 0.8440117
TCGA-DC-6155-01 0.72 0.65 0.860135191835 0.754271585821585
TCGA-AG-3896-01 0.81 0.64 0.895558367576028 0.789197706189519
TCGA-DM-A28C-01 0.49 0.8 0.964813890617 0.8482691
TCGA-AA-3941-01 0.63 0.66 0.86646193705464 0.738907095441489
TCGA-AY-6386-01 0.3 0.79 0.887772622854 0.68198
