abscnseq ascat estimate purbayes
TCGA-CN-A63V-01 0.431731533333333 0.2474844 0.4196485 0.292800633333333
TCGA-CQ-6221-01 0.650452066666667 0.4454894 0.3085879 0.5201498
TCGA-CV-6959-01 0.366785059325351 0.426046566666667 0.407498338815833 0.401749166666667
TCGA-CQ-A4CA-01 0.331261633333333 0.2633656 0.305456270967422 0.293967166666667
TCGA-CR-7389-01 0.3375141 0.2474844 0.389366966666667 0.324970063957224
TCGA-CN-4736-01 0.3995652 0.377553566666667 0.249400133333333 0.371898033333333
TCGA-BA-4077-01 0.632599033277731 0.715159066666667 0.407793566666667 0.548075266666667
TCGA-BA-4078-01 0.772809566666667 0.9062986 0.412022366666667 0.690074061767783
TCGA-CV-7242-01 0.502791766666667 0.3147595 0.532830330753165 0.472056766666667
TCGA-CV-5979-01 0.772809566666667 0.910079133333333 0.6508618 0.697491533333333
TCGA-CQ-5325-01 0.275502866666667 0.235860447171792 0.212638433333333 0.212638433333333
TCGA-CV-5976-01 0.540963912453365 0.597121066666667 0.6132213 0.481656633333333
TCGA-CX-7082-01 0.697491533333333 0.705145066666667 0.626596149678054 0.6232482
TCGA-MT-A7BN-01 0.555162519693093 0.443509790577969 0.325385039960802 0.455814258982702
TCGA-DQ-5629-01 0.621264323045408 0.566886566666667 0.741998333333333 0.595105883596498
TCGA-RS-A6TP-01 0.828003166666667 0.737512762044693 0.762443566666667 0.729982038790572
TCGA-CV-7425-01 0.531025839207571 0.2975622 0.461599766666667 0.4026264
TCGA-CV-A6JD-01 0.366785059325351 0.617252 0.33884493415918 0.466181786574641
TCGA-CV-6003-01 0.729982038790572 0.551817933333333 0.698195966666667 0.406997
TCGA-CV-6940-01 0.540963912453365 0.632599033277731 0.631244209172728 0.4360098
TCGA-CV-6943-01 0.197208233333333 0.220564 0.180606966666667 0.2221538
TCGA-BB-8601-01 0.746613133333333 0.777372866666667 0.6692942 0.6508618
TCGA-CN-A6UY-01 0.828003166666667 0.691077548595749 0.457551976934431 0.743076266666667
TCGA-CN-5364-01 0.431731533333333 0.4360098 0.4547892 0.3579362
TCGA-CR-6467-01 0.884805 0.6678166 0.360985333333333 0.6404368
TCGA-BB-4217-01 0.318406833333333 0.306158037821178 0.319466533333333 0.198793066666667
TCGA-CR-7385-01 0.291511 0.531025839207571 0.406997 0.303269266666667
TCGA-CQ-7072-01 0.3555278 0.326263933333333 0.401749166666667 0.390034866666667
TCGA-CQ-7063-01 0.4196485 0.279521666666667 0.349272361371051 0.3995652
TCGA-CX-7085-01 0.318406833333333 0.215938670794537 0.173607266666667 0.200372633333333
TCGA-CQ-7071-01 0.466082866666667 0.551817933333333 0.400161066666667 0.4980573
TCGA-HD-7754-01 0.715159066666667 0.7908866 0.4505679 0.592153370765168
TCGA-WA-A7GZ-01 0.481656633333333 0.542664558219084 0.6917712 0.533557633333333
TCGA-CV-6441-01 0.677756223970865 0.715159066666667 0.857451366666667 0.674130996000948
TCGA-F7-A50J-01 0.291511 0.385465261558732 0.5201498 0.2851223
TCGA-D6-6824-01 0.431731533333333 0.305456270967422 0.263601633333333 0.1852107
TCGA-CR-6477-01 0.4547892 0.307415902691013 0.306158037821178 0.358530566666667
TCGA-CV-7183-01 0.318406833333333 0.6917712 0.670349966666667 0.4620725
TCGA-CV-7099-01 0.301141633333333 0.518095966666667 0.466329233333333 0.542664558219084
TCGA-CN-5370-01 0.495075146523029 0.426046566666667 0.214552429093771 0.388435533333333
TCGA-CV-A468-01 0.155353253371644 0.216259100260163 0.238915649817672 0.180790366666667
TCGA-CV-7180-01 0.449322633333333 0.406997 0.7578272 0.332839266666667
TCGA-CV-A45V-01 0.268128566666667 0.279521666666667 0.411606666666667 0.413170044303029
TCGA-MT-A51W-01 0.3995652 0.220564 0.602089571675979 0.285594133333333
TCGA-IQ-A61J-01 0.3995652 0.2474844 0.388592833333333 0.396203733333333
TCGA-MT-A67G-01 0.366785059325351 0.377553566666667 0.332839266666667 0.226097533333333
TCGA-D6-A6EN-01 0.331261633333333 0.543522033333333 0.3375141 0.476421133333333
TCGA-CN-4734-01 0.365493287602418 0.3147595 0.326263933333333 0.366785059325351
TCGA-IQ-7632-01 0.677756223970865 0.2126085 0.743076266666667 0.238056866666667
TCGA-CN-6997-01 0.8010791 0.844783066666667 0.660889525980735 0.731003393539344
TCGA-UF-A7J9-01 0.3555278 0.526929209887115 0.388435533333333 0.844783066666667
TCGA-CR-7395-01 0.220564 0.2633656 0.2634904 0.262078711526241
TCGA-BA-A4II-01 0.3375141 0.3147595 0.508703558444931 0.319466533333333
TCGA-CV-7095-01 0.583777880754375 0.543522033333333 0.614250066115444 0.4547892
TCGA-D6-A6EM-01 0.3995652 0.370153850004362 0.339767873247633 0.361548766666667
TCGA-CV-A6K0-01 0.602089571675979 0.362020120803905 0.280596866666667 0.155353253371644
TCGA-CN-A63W-01 0.640279166666667 0.632599033277731 0.680837966666667 0.753400766666667
TCGA-CV-6951-01 0.881304633333333 0.680362711832219 0.734562229400047 0.723844251211847
TCGA-QK-A6II-01 0.411606666666667 0.606985966666667 0.624161 0.497784833333333
TCGA-CV-6935-01 0.7908866 0.8529324 0.579800533333333 0.6861086
TCGA-MT-A51X-01 0.495075146523029 0.393652666666667 0.586310633333333 0.734068033333333
TCGA-BB-7870-01 0.540963912453365 0.680362711832219 0.809856233333333 0.608645310834702
TCGA-CR-6484-01 0.291511 0.326263933333333 0.226097533333333 0.280596866666667
TCGA-CV-7250-01 0.4196485 0.472056766666667 0.652512443321967 0.5975423
TCGA-CR-7374-01 0.589851757571243 0.6446185 0.5975423 0.580191449917519
TCGA-CQ-7068-01 0.867622233333333 0.705145066666667 0.382435466666667 0.5567881
TCGA-BB-4227-01 0.640279166666667 0.8168903 0.7683755 0.6813576
TCGA-CR-7377-01 0.291511 0.225915433333333 0.238056866666667 0.268128566666667
TCGA-D6-8569-01 0.502791766666667 0.416015233333333 0.515646236967967 0.475997533333333
TCGA-BA-4075-01 0.561822533333333 0.617252 0.526251708185216 0.555162519693093
TCGA-P3-A6T3-01 0.602089571675979 0.660889525980735 0.7302919 0.758280833333333
TCGA-CV-A45X-01 0.411606666666667 0.307415902691013 0.690074061767783 0.377553566666667
TCGA-BA-A6DJ-01 0.3555278 0.351630933333333 0.440316666666667 0.403954036092113
TCGA-CN-A6V7-01 0.828003166666667 0.76006751779486 0.836842166666667 0.76006751779486
TCGA-BA-6873-01 0.38237 0.426046566666667 0.5081672 0.518095966666667
TCGA-CR-7390-01 0.466082866666667 0.426046566666667 0.619996084402229 0.402803033333333
TCGA-T3-A92M-01 0.366785059325351 0.375943631771538 0.356209233333333 0.324802284654627
TCGA-CV-7427-01 0.268128566666667 0.326263933333333 0.368998821802599 0.420530466666667
TCGA-CN-6021-01 0.431731533333333 0.617252 0.6088397 0.5193879
TCGA-CN-6996-01 0.38237 0.2851223 0.291511 0.347326633333333
TCGA-CN-A640-01 0.3375141 0.2975622 0.332659033333333 0.291511
TCGA-CR-7397-01 0.301141633333333 0.2126085 0.292665166666667 0.2310933
TCGA-CQ-6228-01 0.8010791 0.881304633333333 0.603183033333333 0.705349566666667
TCGA-CR-7383-01 0.4547892 0.351630933333333 0.28807835087814 0.5081672
TCGA-CR-6472-01 0.621264323045408 0.753400766666667 0.634450755635001 0.634261052310222
TCGA-CV-7236-01 0.318406833333333 0.2975622 0.462390473874101 0.285258866666667
TCGA-HD-8634-01 0.1852107 0.173607266666667 0.6402999 0.28807835087814
TCGA-CN-A497-01 0.640279166666667 0.617252 0.5479079 0.574493527005503
TCGA-CR-6492-01 0.180606966666667 0.322529917925636 0.4993002 0.216259100260163
TCGA-KU-A66S-01 0.301141633333333 0.531025839207571 0.671815433333333 0.680368466666667
TCGA-CR-5247-01 0.666771365198711 0.566886566666667 0.6075604 0.820721233333333
TCGA-CV-A6JY-01 0.229635833333333 0.225915433333333 0.749349051666626 0.311895706082275
TCGA-CV-6933-01 0.466082866666667 0.4973905 0.38237 0.884805
TCGA-D6-A6EO-01 0.677756223970865 0.7417047 0.734068033333333 0.633113033333333
TCGA-T3-A92N-01 0.660889525980735 0.595105883596498 0.566886566666667 0.584843024180433
TCGA-CR-6491-01 0.729982038790572 0.8168903 0.640279166666667 0.640279166666667
TCGA-CN-6995-01 0.466082866666667 0.342125333333333 0.389615866666667 0.782298466666667
TCGA-CV-7252-01 0.301141633333333 0.4973905 0.441891499292332 0.436289266666667
TCGA-IQ-7630-01 0.602089571675979 0.551817933333333 0.502791766666667 0.48410547593881
TCGA-DQ-5625-01 0.466082866666667 0.2633656 0.320992758989518 0.389366966666667
TCGA-CR-6470-01 0.502791766666667 0.307415902691013 0.262078711526241 0.4505679
TCGA-CR-7365-01 0.621264323045408 0.486692833333333 0.5205159 0.532830330753165
TCGA-DQ-5624-01 0.3995652 0.2474844 0.4498103 0.302202633333333
TCGA-CV-5439-01 0.4547892 0.406997 0.6232482 0.540963912453365
TCGA-CV-A465-01 0.301141633333333 0.236974466666667 0.844783066666667 0.326263933333333
TCGA-P3-A6T8-01 0.301141633333333 0.548612353862891 0.546819266666667 0.8010791
TCGA-CN-6010-01 0.411606666666667 0.388435533333333 0.595105883596498 0.326463233333333
TCGA-BA-A6DL-01 0.3375141 0.342125333333333 0.76006751779486 0.5581804
TCGA-IQ-A61I-01 0.4196485 0.753400766666667 0.555162519693093 0.586310633333333
TCGA-CQ-A4CD-01 0.697491533333333 0.518095966666667 0.475997533333333 0.466329233333333
TCGA-QK-A6VC-01 0.318406833333333 0.349272361371051 0.3889336 0.250311033333333
TCGA-CV-A45Z-01 0.275502866666667 0.225915433333333 0.4726452 0.301569666666667
TCGA-QK-A6IH-01 0.650452066666667 0.632599033277731 0.567654066666667 0.686635207885663
TCGA-HD-7229-01 0.589851757571243 0.606985966666667 0.583777880754375 0.571732990489767
TCGA-CQ-A4CG-01 0.481656633333333 0.7908866 0.6333075 0.603356433333333
TCGA-H7-A76A-01 0.366785059325351 0.262078711526241 0.207627217527698 0.238915649817672
TCGA-BA-A4IF-01 0.38237 0.342125333333333 0.795248533333333 0.412294866666667
TCGA-D6-A4ZB-01 0.229635833333333 0.393652666666667 0.617252 0.249400133333333
TCGA-P3-A6SW-01 0.331261633333333 0.366785059325351 0.420134833333333 0.247706466666667
TCGA-CV-7438-01 0.366785059325351 0.472056766666667 0.421012681888499 0.4684922
TCGA-UF-A7JC-01 0.729982038790572 0.701006054686625 0.793840766666667 0.720058166666667
TCGA-D6-6823-01 0.481656633333333 0.4454894 0.670027949504229 0.4990553
TCGA-D6-8568-01 0.449322633333333 0.393652666666667 0.4026264 0.38237
TCGA-QK-A8Z9-01 0.466082866666667 0.406341717939439 0.310195533333333 0.420134833333333
TCGA-CV-A6JM-01 0.589851757571243 0.578565953134573 0.571732990489767 0.557876210765499
TCGA-CR-7391-01 0.291511 0.260015090402101 0.247706466666667 0.1807776
TCGA-BA-4076-01 0.8010791 0.867622233333333 0.753858533333333 0.749349051666626
TCGA-CV-5442-01 0.718541093379363 0.881304633333333 0.910079133333333 0.670836833333333
TCGA-CR-7372-01 0.502791766666667 0.326263933333333 0.482303591105811 0.420624133333333
TCGA-CN-A63T-01 0.301141633333333 0.4454894 0.394470266666667 0.445722633333333
TCGA-CN-4741-01 0.7683755 0.617252 0.6404368 0.6861682
TCGA-CN-6020-01 0.38237 0.2975622 0.382573933333333 0.301863066666667
TCGA-CV-7424-01 0.431731533333333 0.4360098 0.3779834 0.439262055593497
TCGA-CR-6487-01 0.540963912453365 0.388435533333333 0.229635833333333 0.349272361371051
TCGA-P3-A6T5-01 0.449322633333333 0.541183978579479 0.521615373184923 0.680837966666667
TCGA-UF-A7JS-01 0.602089571675979 0.506573749718132 0.371898033333333 0.521692466666667
TCGA-CQ-6229-01 0.38237 0.351630933333333 0.486692833333333 0.508703558444931
TCGA-CN-A49B-01 0.666771365198711 0.656547966666667 0.365493287602418 0.619996084402229
TCGA-MZ-A6I9-01 0.301141633333333 0.426046566666667 0.685229876945795 0.419945633333333
TCGA-CR-7373-01 0.3555278 0.578565953134573 0.377553566666667 0.462390473874101
TCGA-CQ-A4C9-01 0.331261633333333 0.388435533333333 0.558455233333333 0.356555633333333
TCGA-BA-5153-01 0.619996084402229 0.762443566666667 0.407910333333333 0.646332666666667
TCGA-CV-6952-01 0.275502866666667 0.531025839207571 0.508053033333333 0.449322633333333
TCGA-CN-6994-01 0.466082866666667 0.551817933333333 0.466475 0.385465261558732
TCGA-MZ-A5BI-01 0.3375141 0.339767873247633 0.303269266666667 0.301141633333333
TCGA-BB-A5HY-01 0.632599033277731 0.632599033277731 0.715639366666667 0.609526326511443
TCGA-CV-5432-01 0.9062986 0.4454894 0.654896205180715 0.662468591200785
TCGA-DQ-5631-01 0.466082866666667 0.597121066666667 0.651471884056539 0.400161066666667
TCGA-DQ-7588-01 0.561822533333333 0.518095966666667 0.935754 0.548612353862891
TCGA-QK-A6VB-01 0.719598066666667 0.679769499294693 0.7908866 0.670027949504229
TCGA-CN-A6V3-01 0.366785059325351 0.460000339071641 0.5581804 0.4509615
TCGA-CQ-A4C6-01 0.38237 0.351630933333333 0.4364624 0.351630933333333
TCGA-BA-A8YP-01 0.650452066666667 0.574493527005503 0.531025839207571 0.572087871792019
TCGA-D6-6516-01 0.6132213 0.4973905 0.4494799 0.741998333333333
TCGA-CR-7399-01 0.540963912453365 0.5079061 0.3442446 0.441891499292332
TCGA-CQ-7069-01 0.301141633333333 0.2851223 0.580191449917519 0.393652666666667
TCGA-CV-6960-01 0.621264323045408 0.680362711832219 0.781186433333333 0.561822533333333
TCGA-CR-5249-01 0.583777880754375 0.617252 0.3555278 0.457551976934431
TCGA-CV-7423-01 0.513181763509962 0.4454894 0.671052289067182 0.3474892
TCGA-CV-5978-01 0.4196485 0.406997 0.2633656 0.3603576
TCGA-BA-A4IG-01 0.366785059325351 0.388435533333333 0.662468591200785 0.4821371
TCGA-H7-7774-01 0.268128566666667 0.578565953134573 0.578565953134573 0.3889336
TCGA-CR-7404-01 0.318406833333333 0.416015233333333 0.382422666666667 0.3085879
TCGA-CR-7370-01 0.650452066666667 0.632599033277731 0.592153370765168 0.597121066666667
TCGA-CV-5430-01 0.6861086 0.551817933333333 0.420624133333333 0.8529324
TCGA-D6-6826-01 0.4196485 0.191411966666667 0.2851223 0.346979633333333
TCGA-BA-5149-01 0.481656633333333 0.4973905 0.5628913 0.698195966666667
TCGA-CV-7248-01 0.38237 0.351630933333333 0.439297333333333 0.670349966666667
TCGA-UF-A71A-01 0.697491533333333 0.626210663742003 0.613319816912553 0.613319816912553
TCGA-CN-A6V6-01 0.621264323045408 0.505889022843163 0.3711948 0.504235742155289
TCGA-BA-4074-01 0.589851757571243 0.551817933333333 0.413170044303029 0.526251708185216
TCGA-CQ-6218-01 0.318406833333333 0.531025839207571 0.420530466666667 0.4364624
TCGA-DQ-7596-01 0.207627217527698 0.426046566666667 0.561822533333333 0.213673505342862
TCGA-CQ-5332-01 0.746613133333333 0.6446185 0.533903833333333 0.623222775776835
TCGA-P3-A6T4-01 0.4547892 0.594138950748048 0.6861086 0.715159066666667
TCGA-D6-A6EQ-01 0.583777880754375 0.606985966666667 0.3579362 0.5310319
TCGA-CN-5355-01 0.3375141 0.486692833333333 0.439348733333333 0.753858533333333
TCGA-CQ-A4CE-01 0.229635833333333 0.370153850004362 0.600563200425325 0.320992758989518
TCGA-CV-7089-01 0.3995652 0.2633656 0.6213309 0.280305466666667
TCGA-F7-A61V-01 0.621264323045408 0.578565953134573 0.686635207885663 0.594138950748048
TCGA-CV-6937-01 0.38237 0.416015233333333 0.574493527005503 0.715639366666667
TCGA-CN-6013-01 0.481656633333333 0.531025839207571 0.285258866666667 0.389615866666667
TCGA-CR-6482-01 0.3995652 0.2474844 0.2474844 0.339767873247633
TCGA-BA-5556-01 0.2474844 0.3147595 0.311895706082275 0.2685884
TCGA-HD-7831-01 0.38237 0.4360098 0.3147595 0.3085877
TCGA-BA-5555-01 0.466082866666667 0.4454894 0.603356433333333 0.677756223970865
TCGA-UF-A719-01 0.513181763509962 0.631244209172728 0.7417047 0.762443566666667
TCGA-CN-A6V1-01 0.155353253371644 0.214552429093771 0.2330495 0.180606966666667
TCGA-CV-6948-01 0.729982038790572 0.8529324 0.580164994429295 0.6917712
TCGA-CV-7421-01 0.531025839207571 0.388435533333333 0.487879733333333 0.368998821802599
TCGA-DQ-5630-01 0.257405066666667 0.2474844 0.26130895204047 0.241666321844515
TCGA-T2-A6WX-01 0.229635833333333 0.48410547593881 0.345523566666667 0.8168903
TCGA-BA-5151-01 0.4196485 0.6678166 0.403954036092113 0.394470266666667
TCGA-CV-A45P-01 0.301141633333333 0.326263933333333 0.6813576 0.342125333333333
TCGA-F7-A622-01 0.589851757571243 0.6917712 0.718541093379363 0.621788941518118
TCGA-QK-A6IF-01 0.602089571675979 0.632599033277731 0.343613233333333 0.603613933333333
TCGA-CQ-6227-01 0.4196485 0.370153850004362 0.3952737 0.307853066666667
TCGA-CQ-6224-01 0.466082866666667 0.2474844 0.268954266666667 0.2634904
TCGA-CN-6017-01 0.257405066666667 0.4360098 0.173814333333333 0.6692942
TCGA-WA-A7H4-01 0.1852107 0.324970063957224 0.504916061642734 0.2126085
TCGA-CV-A6JT-01 0.513181763509962 0.342125333333333 0.371440966666667 0.449644066666667
TCGA-CN-A49A-01 0.540963912453365 0.4454894 0.6691974 0.4274494
TCGA-CV-5441-01 0.813209533333333 0.632599033277731 0.56187413553763 0.543522033333333
TCGA-QK-AA3K-01 0.540963912453365 0.538067394086945 0.302935033333333 0.802676733333333
TCGA-CV-6961-01 0.3375141 0.606985966666667 0.496039729043323 0.488845427345034
TCGA-CV-7090-01 0.3995652 0.351630933333333 0.2975622 0.372168333333333
TCGA-P3-A5QA-01 0.4547892 0.342125333333333 0.606985966666667 0.318654866666667
TCGA-CQ-5323-01 0.495075146523029 0.632599033277731 0.59223429969177 0.5314291
TCGA-QK-A8ZB-01 0.6861086 0.677756223970865 0.555764333333333 0.828003166666667
TCGA-CV-5435-01 0.621264323045408 0.6678166 0.720058166666667 0.8085508
TCGA-UF-A7JJ-01 0.257405066666667 0.241666321844515 0.2310933 0.207627217527698
TCGA-CN-4727-01 0.540963912453365 0.486692833333333 0.680368466666667 0.691077548595749
TCGA-CN-5361-01 0.501658827899849 0.551817933333333 0.358530566666667 0.482303591105811
TCGA-CN-4728-01 0.268128566666667 0.180606966666667 0.180790366666667 0.215938670794537
TCGA-BA-6870-01 0.431731533333333 0.531025839207571 0.476421133333333 0.318648133333333
TCGA-BA-A6DB-01 0.666771365198711 0.6917712 0.271492766666667 0.541183978579479
TCGA-UF-A7JT-01 0.268128566666667 0.324802284654627 0.275502866666667 0.365493287602418
TCGA-HD-8224-01 0.746613133333333 0.543522033333333 0.507942802922158 0.426046566666667
TCGA-CN-A63Y-01 0.229635833333333 0.2633656 0.326463233333333 0.389198466666667
TCGA-MT-A67A-01 0.275502866666667 0.442333714734844 0.623222775776835 0.4502693
TCGA-CN-4726-01 0.640279166666667 0.3147595 0.3703162 0.461599766666667
TCGA-CN-A499-01 0.431731533333333 0.578565953134573 0.436289266666667 0.503199933333333
TCGA-CV-A45U-01 0.666771365198711 0.342125333333333 0.6678166 0.635283366666667
TCGA-CV-7418-01 0.6861086 0.7417047 0.632776314030933 0.651471884056539
TCGA-BB-A5HU-01 0.331261633333333 0.342125333333333 0.4502693 0.3555278
TCGA-CR-6480-01 0.571732990489767 0.7908866 0.691077548595749 0.656845733333333
TCGA-KU-A66T-01 0.632599033277731 0.8085508 0.867622233333333 0.506573749718132
TCGA-CV-7245-01 0.9172596 0.617252 0.634240666666667 0.881304633333333
TCGA-CV-6938-01 0.220564 0.2474844 0.324802284654627 0.257405066666667
TCGA-CV-A6JO-01 0.38237 0.38397996710136 0.427233866666667 0.258916997203746
TCGA-BA-5559-01 0.38237 0.632599033277731 0.238063033333333 0.551817933333333
TCGA-CV-A45R-01 0.431731533333333 0.377553566666667 0.406341717939439 0.4454894
TCGA-D6-6515-01 0.268128566666667 0.173607266666667 0.198793066666667 0.222100433333333
TCGA-CN-4731-01 0.8529324 0.680362711832219 0.543522033333333 0.680362711832219
TCGA-CV-7178-01 0.513181763509962 0.426046566666667 0.302202633333333 0.5205159
TCGA-CN-6018-01 0.431731533333333 0.307415902691013 0.307853066666667 0.310120266666667
TCGA-CN-4740-01 0.431731533333333 0.279521666666667 0.192336466666667 0.260015090402101
TCGA-CV-7177-01 0.513181763509962 0.632599033277731 0.449331266666667 0.5628913
TCGA-CN-6012-01 0.571732990489767 0.351630933333333 0.439262055593497 0.343613233333333
TCGA-KU-A6H7-06 0.6132213 0.867622233333333 0.473701066666667 0.634450755635001
TCGA-CV-7429-01 0.513181763509962 0.351630933333333 0.445722633333333 0.382573933333333
TCGA-F7-A61W-01 0.7908866 0.7908866 0.8085508 0.656547966666667
TCGA-CV-7255-01 0.466082866666667 0.486692833333333 0.813209533333333 0.538067394086945
TCGA-HD-A633-01 0.650452066666667 0.632599033277731 0.643603768225184 0.546671566666667
TCGA-CN-6989-01 0.38237 0.326263933333333 0.258916997203746 0.6075604
TCGA-CQ-5331-01 0.257405066666667 0.2633656 0.318654866666667 0.279521666666667
TCGA-BA-5152-01 0.331261633333333 0.326263933333333 0.357204 0.867622233333333
TCGA-CR-6478-01 0.513181763509962 0.4360098 0.241666321844515 0.275502866666667
TCGA-CV-A460-01 0.466082866666667 0.461599766666667 0.3085877 0.4196485
TCGA-CN-5356-01 0.366785059325351 0.370153850004362 0.506573749718132 0.407793566666667
TCGA-IQ-A61O-01 0.466082866666667 0.4360098 0.250311033333333 0.250596833333333
TCGA-BB-4224-01 0.531025839207571 0.729982038790572 0.746613133333333 0.837868
TCGA-CV-7406-01 0.589851757571243 0.617252 0.62750222938182 0.580164994429295
TCGA-CV-5440-01 0.697491533333333 0.680362711832219 0.7338286 0.652512443321967
TCGA-UF-A7JK-01 0.632599033277731 0.643603768225184 0.828003166666667 0.632599033277731
TCGA-CV-7440-01 0.449322633333333 0.59223429969177 0.635283366666667 0.748950766666667
TCGA-F7-A624-01 0.275502866666667 0.461599766666667 0.301569666666667 0.460000339071641
TCGA-CV-7410-01 0.155353253371644 0.207627217527698 0.220564 0.197208233333333
TCGA-CV-A6K2-01 0.229635833333333 0.393652666666667 0.495572195050634 0.347624933333333
TCGA-P3-A6T6-01 0.697491533333333 0.662468591200785 0.829435 0.6132213
TCGA-CX-7086-01 0.632599033277731 0.606985966666667 0.719598066666667 0.501658827899849
TCGA-HD-A4C1-01 0.449322633333333 0.606985966666667 0.621264323045408 0.520665033333333
TCGA-UF-A7JD-01 0.411606666666667 0.524151510391977 0.423814088884528 0.7302919
TCGA-CR-6474-01 0.301141633333333 0.370153850004362 0.280305466666667 0.3262704
TCGA-CR-7392-01 0.229635833333333 0.26130895204047 0.229845933333333 0.270611974527809
TCGA-QK-AA3J-01 0.7578272 0.690074061767783 0.777372866666667 0.666771365198711
TCGA-CN-A498-01 0.3375141 0.4973905 0.634261052310222 0.4207513
TCGA-F7-A623-01 0.431731533333333 0.377553566666667 0.633113033333333 0.772809566666667
TCGA-CV-A45T-01 0.1852107 0.258916997203746 0.270611974527809 0.229845933333333
TCGA-BA-A6DE-01 0.896147 0.715159066666667 0.697491533333333 0.59223429969177
TCGA-BA-A6DF-01 0.207627217527698 0.326263933333333 0.375943631771538 0.615627381099534
TCGA-H7-A6C5-01 0.813209533333333 0.617252 0.621788941518118 0.5438078
TCGA-CN-4725-01 0.571732990489767 0.597121066666667 0.693677254694783 0.6402999
TCGA-DQ-7592-01 0.531025839207571 0.461599766666667 0.460000339071641 0.3954556
TCGA-P3-A5QF-01 0.7578272 0.8085508 0.634498822702092 0.6678166
TCGA-CN-A642-01 0.571732990489767 0.4973905 0.428268333333333 0.507942802922158
TCGA-CN-6019-01 0.38237 0.6446185 0.1852107 0.322529917925636
TCGA-CR-7388-01 0.3995652 0.225915433333333 0.331261633333333 0.331261633333333
TCGA-MT-A67D-01 0.3995652 0.370153850004362 0.393652666666667 0.2633656
TCGA-CV-7254-01 0.431731533333333 0.370153850004362 0.2221538 0.388636933333333
TCGA-KU-A6H8-01 0.2474844 0.341394707175953 0.4620725 0.235860447171792
TCGA-CN-4742-01 0.3995652 0.3147595 0.3603576 0.3147595
TCGA-CR-7368-01 0.772809566666667 0.4973905 0.533557633333333 0.679769499294693
TCGA-QK-A8Z7-01 0.719598066666667 0.674130996000948 0.732218233333333 0.671815433333333
TCGA-CQ-6220-01 0.3555278 0.406997 0.584344316765949 0.362020120803905
TCGA-CV-6942-01 0.38237 0.393652666666667 0.235860447171792 0.400949433333333
TCGA-CV-7243-01 0.502791766666667 0.461599766666667 0.577895678496555 0.343160833333333
TCGA-CR-6493-01 0.677756223970865 0.729982038790572 0.705145066666667 0.660889525980735
TCGA-CQ-5324-01 0.513181763509962 0.7417047 0.481656633333333 0.622432333333333
TCGA-CQ-5334-01 0.229635833333333 0.2633656 0.268128566666667 0.378186119306221
TCGA-CN-5365-01 0.481656633333333 0.566886566666667 0.487425433333333 0.515646236967967
TCGA-UF-A7JO-01 0.38237 0.365493287602418 0.310120266666667 0.331545133333333
TCGA-BB-A6UO-01 0.4196485 0.577895678496555 0.4509615 0.9172596
TCGA-F7-8489-01 0.229635833333333 0.2851223 0.371585233333333 0.263601633333333
TCGA-CV-A6JU-01 0.229635833333333 0.416015233333333 0.5313846293881 0.372494433333333
TCGA-CV-A6JE-01 0.632599033277731 0.472056766666667 0.356555633333333 0.777372866666667
TCGA-MT-A67F-01 0.155353253371644 0.225915433333333 0.236974466666667 0.26130895204047
TCGA-UF-A7JH-01 0.632599033277731 0.495572195050634 0.343160833333333 0.4883918
TCGA-H7-8502-01 0.640279166666667 0.729982038790572 0.5310319 0.650452066666667
TCGA-CR-7394-01 0.220564 0.2851223 0.222100433333333 0.229635833333333
TCGA-CV-6433-01 0.449322633333333 0.753400766666667 0.626210663742003 0.857451366666667
TCGA-P3-A6T7-01 0.513181763509962 0.504235742155289 0.597121066666667 0.442333714734844
TCGA-CV-6945-01 0.4196485 0.377553566666667 0.703606021379302 0.428268333333333
TCGA-CV-7568-01 0.538067394086945 0.513181763509962 0.513181763509962 0.518241000980312
TCGA-CN-5369-01 0.180606966666667 0.180606966666667 0.269673566666667 0.225915433333333
TCGA-CV-7261-01 0.495075146523029 0.472056766666667 0.521692466666667 0.504916061642734
TCGA-T2-A6WZ-01 0.632599033277731 0.526251708185216 0.545340533333333 0.4498103
TCGA-CV-A6K1-01 0.540963912453365 0.680362711832219 0.520781966666667 0.562980665641616
TCGA-CN-4735-01 0.561822533333333 0.729982038790572 0.347624933333333 0.600563200425325
TCGA-IQ-A61H-01 0.4547892 0.2633656 0.594138950748048 0.382435466666667
TCGA-CV-5970-01 0.431731533333333 0.4454894 0.4395441 0.773655966666667
TCGA-F7-A50G-01 0.3375141 0.351630933333333 0.347326633333333 0.3442446
TCGA-CV-5973-01 0.719598066666667 0.7417047 0.677756223970865 0.526929209887115
TCGA-IQ-A61G-01 0.571732990489767 0.753400766666667 0.802676733333333 0.643603768225184
TCGA-P3-A6SX-01 0.602089571675979 0.615627381099534 0.749830833333333 0.602089571675979
TCGA-CR-7376-01 0.155353253371644 0.155353253371644 0.155353253371644 0.220564
TCGA-CV-7104-01 0.677756223970865 0.543522033333333 0.346663033333333 0.5313846293881
TCGA-D6-6825-01 0.431731533333333 0.393652666666667 0.280981066666667 0.427439166666667
TCGA-CV-7097-01 0.571732990489767 0.543522033333333 0.331980133333333 0.489357166666667
TCGA-CV-6962-01 0.746613133333333 0.715159066666667 0.872271366666667 0.701006054686625
TCGA-BB-A6UM-01 0.828003166666667 0.723844251211847 0.62224725308928 0.749830833333333
TCGA-CV-6953-01 0.4196485 0.4454894 0.557876210765499 0.416015233333333
TCGA-CV-6950-01 0.555162519693093 0.416015233333333 0.540963912453365 0.486692833333333
TCGA-CN-4739-01 0.571732990489767 0.4454894 0.450346366666667 0.829435
TCGA-BA-6872-01 0.6132213 0.5079061 0.524151510391977 0.358550733333333
TCGA-CQ-6222-01 0.378186119306221 0.368998821802599 0.301863066666667 0.370153850004362
TCGA-CQ-A4CB-01 0.4196485 0.388435533333333 0.358550733333333 0.346663033333333
TCGA-UF-A71D-01 0.6861086 0.614250066115444 0.773655966666667 0.487879733333333
TCGA-CV-5977-01 0.650452066666667 0.6678166 0.666771365198711 0.524151510391977
TCGA-CQ-7065-01 0.6861086 0.762443566666667 0.820721233333333 0.6088397
TCGA-CN-6023-01 0.540963912453365 0.351630933333333 0.419945633333333 0.406341717939439
TCGA-CV-7253-01 0.589851757571243 0.632599033277731 0.9062986 0.634240666666667
TCGA-HD-8314-01 0.571732990489767 0.597121066666667 0.3995652 0.4494799
TCGA-CN-5374-01 0.449322633333333 0.416015233333333 0.4360098 0.718541093379363
TCGA-CQ-5326-01 0.3995652 0.5079061 0.422327981498807 0.443509790577969
TCGA-BA-A6D8-01 0.513181763509962 0.518095966666667 0.518095966666667 0.606985966666667
TCGA-CV-7263-01 0.366785059325351 0.531025839207571 0.356171133333333 0.9062986
TCGA-CN-5367-01 0.561822533333333 0.518095966666667 0.4883918 0.466987766666667
TCGA-CV-A45O-01 0.3555278 0.279521666666667 0.495075146523029 0.2916849
TCGA-CV-7100-01 0.561822533333333 0.578565953134573 0.427439166666667 0.466082866666667
TCGA-CV-A6JZ-01 0.366785059325351 0.370153850004362 0.260015090402101 0.305456270967422
TCGA-CR-5243-01 0.746613133333333 0.8168903 0.402803033333333 0.6446185
TCGA-CN-5373-01 0.531025839207571 0.4360098 0.292800633333333 0.427233866666667
TCGA-CR-7371-01 0.481656633333333 0.406997 0.372168333333333 0.356171133333333
TCGA-CV-7446-01 0.600563200425325 0.592153370765168 0.656547966666667 0.579897153428924
TCGA-CV-6934-01 0.207627217527698 0.416015233333333 0.2126085 0.357204
TCGA-IQ-A61L-01 0.411606666666667 0.461599766666667 0.390034866666667 0.371440966666667
TCGA-D6-6517-01 0.466082866666667 0.4454894 0.505889022843163 0.407910333333333
TCGA-CV-7411-01 0.207627217527698 0.393652666666667 0.488845427345034 0.3703162
TCGA-F7-A50I-01 0.4196485 0.422327981498807 0.548086633333333 0.302935033333333
TCGA-CN-6992-01 0.666771365198711 0.543522033333333 0.622045377673632 0.583777880754375
TCGA-CR-7401-01 0.38237 0.307415902691013 0.400949433333333 0.3187514
TCGA-CV-6941-01 0.602089571675979 0.5079061 0.426046566666667 0.813209533333333
TCGA-UP-A6WW-01 0.7417047 0.652512443321967 0.449644066666667 0.734562229400047
TCGA-CR-7382-01 0.207627217527698 0.191411966666667 0.1807776 0.248163433333333
TCGA-QK-A6V9-01 0.366785059325351 0.496039729043323 0.615627381099534 0.533903833333333
TCGA-CV-A464-01 0.3555278 0.370153850004362 0.362020120803905 0.2975622
TCGA-CR-6473-01 0.857451366666667 0.910079133333333 0.715159066666667 0.7338286
TCGA-BB-4223-01 0.729982038790572 0.777372866666667 0.4207513 0.617252
TCGA-CN-4737-01 0.4196485 0.461599766666667 0.442333714734844 0.3944717
TCGA-C9-A47Z-01 0.621264323045408 0.705145066666667 0.680362711832219 0.62750222938182
TCGA-MZ-A7D7-01 0.621264323045408 0.515646236967967 0.8168903 0.268954266666667
TCGA-CV-7415-01 0.449322633333333 0.416015233333333 0.38397996710136 0.3711948
TCGA-CN-4723-01 0.38237 0.351630933333333 0.449322633333333 0.7683755
TCGA-D6-A6ES-01 0.697491533333333 0.7417047 0.572087871792019 0.626596149678054
TCGA-CN-6022-01 0.331261633333333 0.342125333333333 0.3262704 0.371585233333333
TCGA-TN-A7HL-01 0.502791766666667 0.413170044303029 0.293869566666667 0.420592166666667
TCGA-CR-7364-01 0.540963912453365 0.518095966666667 0.573503638341777 0.531025839207571
TCGA-CR-7386-01 0.275502866666667 0.191411966666667 0.197208233333333 0.281066533333333
TCGA-CR-7367-01 0.3555278 0.2851223 0.307415902691013 0.573503638341777
TCGA-UF-A71E-01 0.7578272 0.734562229400047 0.782298466666667 0.793840766666667
TCGA-CV-7416-01 0.481656633333333 0.597121066666667 0.443509790577969 0.513181763509962
TCGA-CN-6011-01 0.729982038790572 0.6678166 0.565841177493862 0.632776314030933
TCGA-IQ-A61E-01 0.318406833333333 0.326263933333333 0.5079061 0.468517033333333
TCGA-CR-6488-01 0.411606666666667 0.2975622 0.301141633333333 0.3320513
TCGA-UF-A7JA-01 0.366785059325351 0.406631193842313 0.650452066666667 0.236974466666667
TCGA-P3-A6T0-01 0.531025839207571 0.572087871792019 0.729982038790572 0.565841177493862
TCGA-CV-7434-01 0.666771365198711 0.715159066666667 0.542664558219084 0.6213309
TCGA-T2-A6X2-01 0.3555278 0.421012681888499 0.412294866666667 0.426488854377028
TCGA-IQ-A6SH-01 0.555162519693093 0.504916061642734 0.4454894 0.505889022843163
TCGA-CQ-6225-01 0.820721233333333 0.7417047 0.9172596 0.737512762044693
TCGA-F7-7848-01 0.697491533333333 0.393652666666667 0.420592166666667 0.476304533333333
TCGA-QK-A8Z8-01 0.631244209172728 0.62750222938182 0.753400766666667 0.614250066115444
TCGA-CR-7380-01 0.495075146523029 0.426046566666667 0.387642050815727 0.631244209172728
TCGA-CV-A45W-01 0.257405066666667 0.325385039960802 0.341394707175953 0.292665166666667
TCGA-CR-6471-01 0.301141633333333 0.551817933333333 0.324970063957224 0.4726452
TCGA-HD-7832-01 0.449322633333333 0.762443566666667 0.551817933333333 0.624161
TCGA-CN-6988-01 0.729982038790572 0.715159066666667 0.896147 0.693677254694783
TCGA-CV-5443-01 0.583777880754375 0.617252 0.318406833333333 0.520781966666667
TCGA-F7-8298-01 0.7578272 0.518095966666667 0.538067394086945 0.589851757571243
TCGA-CR-5250-01 0.6861086 0.578565953134573 0.4684922 0.548086633333333
TCGA-UF-A718-01 0.275502866666667 0.540963912453365 0.455814258982702 0.896147
TCGA-P3-A5QE-01 0.502791766666667 0.6678166 0.4990553 0.579800533333333
TCGA-CV-7413-01 0.602089571675979 0.2851223 0.351630933333333 0.406631193842313
TCGA-BB-4225-01 0.8010791 0.6446185 0.416229966666667 0.622045377673632
TCGA-BB-A5HZ-01 0.301141633333333 0.307415902691013 0.646332666666667 0.4514342
TCGA-BB-4228-01 0.867622233333333 0.935754 0.518241000980312 0.7908866
TCGA-CN-5360-01 0.9062986 0.370153850004362 0.293828433333333 0.440316666666667
TCGA-BB-8596-01 0.318406833333333 0.33884493415918 0.2916849 0.3375141
TCGA-CN-A63U-01 0.571732990489767 0.543522033333333 0.8529324 0.584344316765949
TCGA-CN-5358-01 0.2474844 0.167713138328514 0.167713138328514 0.17058792140592
TCGA-CR-7402-01 0.602089571675979 0.617252 0.598124266666667 0.578565953134573
TCGA-CR-7398-01 0.746613133333333 0.729982038790572 0.526929209887115 0.719598066666667
TCGA-CR-5248-01 0.318406833333333 0.4973905 0.2636226 0.421012681888499
TCGA-CV-7422-01 0.301141633333333 0.2633656 0.489357166666667 0.293828433333333
TCGA-CV-6939-01 0.257405066666667 0.2851223 0.396203733333333 0.293869566666667
TCGA-CV-7414-01 0.781186433333333 0.8085508 0.584843024180433 0.705145066666667
TCGA-CV-A461-01 0.257405066666667 0.2633656 0.3320513 0.781186433333333
TCGA-CV-6954-01 0.555162519693093 0.461599766666667 0.4274494 0.795248533333333
TCGA-T2-A6X0-01 0.640279166666667 0.666771365198711 0.541183978579479 0.872271366666667
TCGA-CV-7103-01 0.935754 0.486692833333333 0.427805433333333 0.654896205180715
TCGA-UF-A71A-06 0.719598066666667 0.686635207885663 0.8010791 0.671052289067182
TCGA-CQ-A4C7-01 0.2474844 0.307415902691013 0.4514342 0.325385039960802
TCGA-D6-A74Q-01 0.502791766666667 0.508703558444931 0.5567881 0.4993002
TCGA-HD-8635-01 0.781186433333333 0.472056766666667 0.5314291 0.411606666666667
TCGA-CN-4730-01 0.650452066666667 0.461599766666667 0.772809566666667 0.7578272
TCGA-BA-6868-01 0.6132213 0.680362711832219 0.748950766666667 0.626210663742003
TCGA-CV-A45Y-01 0.481656633333333 0.236974466666667 0.270475066666667 0.214552429093771
TCGA-D6-A6EP-01 0.844783066666667 0.881304633333333 0.520665033333333 0.836842166666667
TCGA-CR-7393-01 0.2474844 0.213673505342862 0.191411966666667 0.191411966666667
TCGA-CV-7437-01 0.666771365198711 0.656547966666667 0.721270314924127 0.634498822702092
TCGA-D6-6827-01 0.621264323045408 0.597121066666667 0.656845733333333 0.566886566666667
TCGA-UF-A71B-01 0.38237 0.441891499292332 0.468517033333333 0.450346366666667
TCGA-CV-7091-01 0.502791766666667 0.4360098 0.466987766666667 0.476285650036189
TCGA-QK-A64Z-01 0.3995652 0.4360098 0.603613933333333 0.3779834
TCGA-CN-6024-01 0.666771365198711 0.6446185 0.723844251211847 0.577895678496555
TCGA-4P-AA8J-01 0.220564 0.320992758989518 0.319523933333333 0.332659033333333
TCGA-CV-A45Q-01 0.3375141 0.486692833333333 0.609526326511443 0.466475
TCGA-CV-7433-01 0.197208233333333 0.2851223 0.200372633333333 0.270475066666667
TCGA-BA-A6DI-01 0.2474844 0.180606966666667 0.731003393539344 0.280981066666667
TCGA-CN-5359-01 0.207627217527698 0.180606966666667 0.213673505342862 0.508053033333333
TCGA-KU-A6H7-01 0.38237 0.551817933333333 0.3954556 0.3104373
TCGA-CV-6956-01 0.571732990489767 0.578565953134573 0.881304633333333 0.598124266666667
TCGA-CV-7102-01 0.4547892 0.461599766666667 0.342125333333333 0.3952737
TCGA-CQ-A4CH-01 0.4196485 0.387642050815727 0.546671566666667 0.173607266666667
TCGA-CV-A463-01 0.318406833333333 0.342125333333333 0.670836833333333 0.495075146523029
TCGA-CV-6936-01 0.6132213 0.6446185 0.548075266666667 0.422327981498807
TCGA-H7-8501-01 0.257405066666667 0.393652666666667 0.249501333333333 0.375943631771538
TCGA-QK-A652-01 0.3375141 0.326263933333333 0.416015233333333 0.33884493415918
TCGA-HD-A6I0-01 0.291511 0.6678166 0.432516533333333 0.502791766666667
TCGA-CV-7430-01 0.7417047 0.8168903 0.837868 0.721270314924127
TCGA-D6-A6EK-01 0.257405066666667 0.416015233333333 0.372494433333333 0.431731533333333
TCGA-F7-A620-01 0.495075146523029 0.3147595 0.370153850004362 0.269673566666667
TCGA-CV-5436-01 0.650452066666667 0.6917712 0.608645310834702 0.621264323045408
TCGA-CN-5363-01 0.502791766666667 0.4454894 0.3474892 0.7417047
TCGA-F7-A61S-01 0.318406833333333 0.2851223 0.4821371 0.38397996710136
TCGA-CN-6016-01 0.3375141 0.326263933333333 0.250596833333333 0.319523933333333
TCGA-CV-7101-01 0.38237 0.472056766666667 0.431731533333333 0.331491633333333
TCGA-CX-7219-01 0.540963912453365 0.597121066666667 0.331491633333333 0.439348733333333
TCGA-QK-A6IG-01 0.4196485 0.472056766666667 0.476304533333333 0.432516533333333
TCGA-CN-A49C-01 0.6861086 0.7908866 0.705349566666667 0.6691974
TCGA-CV-6436-01 0.275502866666667 0.225915433333333 0.385465261558732 0.388592833333333
TCGA-TN-A7HI-01 0.677756223970865 0.573503638341777 0.388636933333333 0.6333075
TCGA-RS-A6TO-01 0.466082866666667 0.423814088884528 0.4372905 0.345523566666667
TCGA-P3-A6T2-01 0.621264323045408 0.626596149678054 0.622432333333333 0.703606021379302
TCGA-CV-A6JN-01 0.555162519693093 0.597121066666667 0.4980573 0.4973905
TCGA-CV-7435-01 0.555162519693093 0.388435533333333 0.281066533333333 0.387642050815727
TCGA-BA-5558-01 0.291511 0.2975622 0.378186119306221 0.423814088884528
TCGA-CV-7407-01 0.7417047 0.388435533333333 0.472056766666667 0.341394707175953
TCGA-HD-A6HZ-01 0.3375141 0.377553566666667 0.318648133333333 0.371852233333333
TCGA-CV-5444-01 0.301141633333333 0.2633656 0.2384659 0.271492766666667
TCGA-CQ-5329-01 0.589851757571243 0.578565953134573 0.331545133333333 0.545340533333333
TCGA-CN-4733-01 0.197208233333333 0.17058792140592 0.17058792140592 0.167713138328514
TCGA-BA-A4IH-01 0.729982038790572 0.7417047 0.5438078 0.706349766666667
TCGA-DQ-7591-01 0.715159066666667 0.729982038790572 0.466181786574641 0.603183033333333
TCGA-CR-6481-01 0.2474844 0.191411966666667 0.216259100260163 0.318406833333333
TCGA-CV-7238-01 0.207627217527698 0.311895706082275 0.389198466666667 0.2384659
TCGA-IQ-A6SG-01 0.502791766666667 0.565841177493862 0.758280833333333 0.56187413553763
TCGA-BA-A6DA-01 0.291511 0.472056766666667 0.548612353862891 0.4395441
TCGA-CV-7432-01 0.513181763509962 0.461599766666667 0.674130996000948 0.5079061
TCGA-QK-A8ZA-01 0.685229876945795 0.703606021379302 0.884805 0.746613133333333
TCGA-CV-5434-01 0.666771365198711 0.578565953134573 0.3104373 0.521615373184923
TCGA-CQ-A4CI-01 0.7908866 0.836842166666667 0.701006054686625 0.685229876945795
TCGA-C9-A480-01 0.318406833333333 0.236974466666667 0.6446185 0.382422666666667
TCGA-BA-6871-01 0.561822533333333 0.762443566666667 0.322529917925636 0.910079133333333
TCGA-CV-7247-01 0.3555278 0.551817933333333 0.679769499294693 0.306158037821178
TCGA-CN-6998-01 0.513181763509962 0.393652666666667 0.632599033277731 0.495572195050634
TCGA-CQ-5333-01 0.3375141 0.2851223 0.257405066666667 0.310195533333333
TCGA-CQ-6223-01 0.4196485 0.518095966666667 0.579897153428924 0.5479079
TCGA-CN-A641-01 0.660889525980735 0.461599766666667 0.737512762044693 0.567654066666667
TCGA-CQ-5330-01 0.431731533333333 0.351630933333333 0.248163433333333 0.473701066666667
TCGA-P3-A5Q6-01 0.513181763509962 0.426046566666667 0.497784833333333 0.558455233333333
TCGA-BA-7269-01 0.495075146523029 0.518095966666667 0.48410547593881 0.487425433333333
TCGA-CN-4738-01 0.4196485 0.2851223 0.426488854377028 0.238063033333333
TCGA-CX-A4AQ-01 0.481656633333333 0.606985966666667 0.3187514 0.546819266666667
TCGA-QK-A6IJ-01 0.666771365198711 0.654896205180715 0.4973905 0.809856233333333
TCGA-BA-A6DD-01 0.301141633333333 0.236974466666667 0.361548766666667 0.2474844
TCGA-HD-A634-01 0.632599033277731 0.777372866666667 0.651413566666667 0.732218233333333
TCGA-CQ-5327-01 0.268128566666667 0.472056766666667 0.346979633333333 0.4372905
TCGA-BA-5557-01 0.449322633333333 0.2851223 0.215938670794537 0.2636226
TCGA-P3-A5Q5-01 0.229635833333333 0.406997 0.2685884 0.416229966666667
TCGA-CV-5971-01 0.301141633333333 0.238915649817672 0.225915433333333 0.173814333333333
TCGA-DQ-7593-01 0.3375141 0.377553566666667 0.293967166666667 0.2918366
TCGA-CN-4729-01 0.3375141 0.279521666666667 0.5193879 0.555764333333333
TCGA-CN-5366-01 0.38237 0.2633656 0.406631193842313 0.466868933333333
TCGA-CQ-6219-01 0.28807835087814 0.220564 0.2918366 0.307415902691013
TCGA-UF-A7JV-01 0.540963912453365 0.457551976934431 0.371852233333333 0.427805433333333
TCGA-UF-A7JF-01 0.431731533333333 0.495075146523029 0.589851757571243 0.496039729043323
TCGA-CV-6955-01 0.180606966666667 0.393652666666667 0.501658827899849 0.2330495
TCGA-D6-A4Z9-01 0.495075146523029 0.472056766666667 0.562980665641616 0.439297333333333
TCGA-CQ-7064-01 0.366785059325351 0.406997 0.370793333333333 0.360985333333333
TCGA-CV-7235-01 0.513181763509962 0.393652666666667 0.285594133333333 0.407498338815833
TCGA-IQ-7631-01 0.318406833333333 0.836842166666667 0.504235742155289 0.651413566666667
TCGA-H7-A6C4-01 0.220564 0.342125333333333 0.476285650036189 0.356209233333333
TCGA-IQ-A61K-01 0.561822533333333 0.551817933333333 0.466082866666667 0.449331266666667
TCGA-BA-6869-01 0.621264323045408 0.6678166 0.706349766666667 0.62224725308928
TCGA-CR-7379-01 0.366785059325351 0.2975622 0.3944717 0.331980133333333
TCGA-CV-5966-01 0.275502866666667 0.4454894 0.366785059325351 0.370793333333333
TCGA-CR-7369-01 0.3555278 0.543522033333333 0.503199933333333 0.412022366666667
TCGA-BA-A6DG-01 0.3555278 0.191411966666667 0.279521666666667 0.192336466666667
TCGA-HD-7753-01 0.531025839207571 0.4454894 0.466868933333333 0.935754
TCGA-TN-A7HJ-01 0.291511 0.403954036092113 0.6861682 0.249501333333333
