abscnseq ascat estimate purbayes
TCGA-AR-A24Z-01 0.62 0.72 0.853303657683 0.4542931
TCGA-D8-A143-01 0.65 0.5 0.8411144437 0.7300858
TCGA-A8-A0A4-01 0.65 0.64 0.81645871347 0.6669959
TCGA-B6-A0WZ-01 0.47 0.74 0.869688325698 0.650321
TCGA-A8-A08A-01 0.55 0.67 0.733739131545 0.590984
TCGA-AO-A0J4-01 0.51 0.4 0.718791412199 0.5054082
TCGA-A2-A0D3-01 0.94 0.45 0.828747045647 0.7012703
TCGA-AR-A1AP-01 0.61 0.66 0.729266418253 0.7041537
TCGA-BH-A0BW-01 0.38 0.56 0.66110703098 0.5681306
TCGA-E2-A1IO-01 0.39 0.33 0.640523824281 0.3586199
TCGA-5L-AAT1-01 0.2 0.337514996822896 0.565072490834 0.3599711
TCGA-A2-A0YE-01 0.71 0.61 0.869113144091 0.9525997
TCGA-A8-A06X-01 0.53 0.55 0.786381604996 0.8942322
TCGA-E2-A15P-01 0.45 0.61 0.834666726595 0.5445489
TCGA-B6-A3ZX-01 0.29 0.21 0.581820446468 0.2878175
TCGA-AN-A0XL-01 0.35 0.5 0.742886997873 0.4063659
TCGA-AO-A03V-01 0.71 0.51 0.851556397889 0.7044812
TCGA-A2-A04W-01 0.44 0.28 0.770550666926 0.2213721
TCGA-BH-A0HL-01 0.43 0.83 0.966356307454 0.698843112998647
TCGA-BH-A0E0-01 0.6 0.54 0.876448722687 0.9027352
TCGA-A8-A093-01 0.71 0.75 0.823519353588 0.695558097713783
TCGA-A2-A0CK-01 0.5 0.5 0.746329003531 0.4269855
TCGA-A8-A090-01 0.57 0.46 0.722315968113 0.6062164
TCGA-D8-A1X8-01 0.4 0.37 0.695885338953 0.2991289
TCGA-B6-A0IP-01 0.47 0.58 0.817013686348 0.4190728
TCGA-OL-A5D6-01 0.43 0.51 0.708638921552 0.3566012
TCGA-A8-A09T-01 0.54 0.59 0.773706217783 0.559531664276324
TCGA-BH-A0B4-01 0.47 0.57 0.680435949156 0.4676954
TCGA-A7-A0CJ-01 0.7 0.74 0.875490748739 0.8883744
TCGA-B6-A401-01 0.44 0.25 0.727293053074 0.3674403
TCGA-D8-A27L-01 0.32 0.42 0.663197488163 0.2687951
TCGA-A1-A0SE-01 0.36 0.48 0.804319519055 0.3276548
TCGA-A7-A6VY-01 0.4 0.477629554366998 0.673212376816 0.5649157
TCGA-B6-A0IE-01 0.58 0.57 0.84709201205 0.1374712
TCGA-E9-A24A-01 0.39 0.56 0.642212162584 0.4676375
TCGA-AR-A1AS-01 0.55 0.78 0.831552317927 0.7568527
TCGA-PL-A8LV-01 0.57 0.567802697163807 0.774755461177 0.5932075
TCGA-C8-A12K-01 0.34 0.33 0.563999358633 0.306851888361605
TCGA-AC-A2QI-01 0.44 0.56 0.666579115358 0.4947734
TCGA-AC-A6IX-01 0.53 0.47 0.659007950324 0.4423093
TCGA-AN-A0FK-01 0.48 0.5 0.842982124348 0.7427357
TCGA-C8-A27B-01 0.6 0.58 0.724194206547 0.6244618
TCGA-E2-A15S-01 0.53 0.67 0.948881489698 0.861837
TCGA-BH-A0DG-01 0.51 0.42 0.616461778097 0.3982751
TCGA-BH-A0H5-01 0.21 0.252636183026981 0.436435357099 0.181027046717872
TCGA-A2-A1G6-01 0.63 0.35 0.757989094661 0.1308035
TCGA-A7-A4SD-01 0.51 0.48 0.682851650127 0.3350911
TCGA-AN-A0AT-01 0.53 0.48 0.856321330053 0.550625524503911
TCGA-E2-A15F-01 0.74 0.44 0.850074062304 0.2069545
TCGA-BH-A8G0-01 0.32 0.329859360681273 0.54667773431 0.2098691
TCGA-AN-A0XP-01 0.6 0.68 0.808446561356 0.6476363
TCGA-AN-A0XN-01 0.48 0.48 0.548626087634 0.3625328
TCGA-EW-A1P5-01 0.52 0.55 0.756299880793 0.4819121
TCGA-A8-A0A1-01 0.44 0.63 0.568257449946 0.5626422
TCGA-AR-A1AK-01 0.75 0.49 0.598477945383 0.4243452
TCGA-A7-A5ZV-01 0.673097448854058 0.7 0.826939556159 0.8114363
TCGA-BH-A0B7-01 0.29 0.25 0.589177919438 0.1583162
TCGA-E2-A14T-01 0.58 0.59 0.826507718206 0.3793827
TCGA-E2-A1II-01 0.4 0.46 0.603180703116 0.3513349
TCGA-AR-A2LL-01 0.61 0.51 0.770877381231 0.4473002
TCGA-E9-A54Y-01 0.73 0.61 0.905173037615 0.6992778
TCGA-C8-A12V-01 0.28 0.271514786609366 0.461555604548 0.1385449
TCGA-BH-A0DV-01 0.32 0.37 0.574871681443 0.2708598
TCGA-LL-A50Y-01 0.56 0.74 0.763439112621 0.7740244
TCGA-BH-A0GZ-01 0.5 0.67 0.7869569212 0.6231015
TCGA-BH-A1FD-01 0.71 0.68 0.785253385799 0.8972583
TCGA-E2-A15A-01 0.94 0.47 0.723045424183 0.4919535
TCGA-D8-A1JT-01 0.72 0.74 0.860242595034 0.709034
TCGA-A8-A09G-01 0.76 0.59 0.754934695786 0.5445572
TCGA-EW-A6SC-01 0.56 0.61 0.692292098128 0.4451744
TCGA-A8-A0AB-01 0.78 0.73 0.91620137756 0.8695911
TCGA-D8-A1JI-01 0.75 0.68 0.873370317008 0.6845377
TCGA-A8-A0A6-01 0.44 0.46 0.616360062842 0.4173372
TCGA-D8-A1Y3-01 0.75 0.66 0.728623293172 0.633095165847925
TCGA-A8-A081-01 0.68 0.65 0.778663617874 0.4170831
TCGA-A8-A07F-01 0.94 0.72 0.78633889645 0.9767849
TCGA-AR-A2LR-01 0.76 0.7 0.785966039166 0.9185776
TCGA-BH-A0BV-01 0.53 0.54 0.665552573332 0.6880891
TCGA-OL-A5RU-01 0.28 0.4 0.673029302184 0.3842986
TCGA-B6-A1KN-01 0.6 0.46 0.811171639376 0.4679036
TCGA-AR-A1AV-01 0.61 0.58 0.826025115747 0.600666609786677
TCGA-A2-A04Q-01 0.24 0.25 0.468754084718 0.203570754699227
TCGA-E9-A3X8-01 0.33 0.22 0.612392757441 0.2732682
TCGA-B6-A0X1-01 0.68 0.68 0.815921955427 0.656290786991571
TCGA-AR-A24V-01 0.57 0.45 0.623053677086 0.6796907
TCGA-D8-A27G-01 0.51 0.34 0.663164921974 0.4186624
TCGA-BH-A0H9-01 0.5 0.39 0.858786084375 0.3584974
TCGA-D8-A27W-01 0.76 0.42 0.769462922824 0.2545081
TCGA-BH-A0GY-01 0.64 0.49 0.754935650068 0.8106008
TCGA-AQ-A7U7-01 0.38 0.287952599525564 0.405180495534 0.1843154
TCGA-OL-A5RV-01 0.28 0.5 0.849310090351 0.3753914
TCGA-A2-A0CW-01 0.69 0.51 0.845101233451 0.8074888
TCGA-BH-A42V-01 0.23 0.25 0.698107769509 0.2611796
TCGA-BH-A0HN-01 0.67 0.81 0.892945894193 0.735639867454061
TCGA-Z7-A8R5-01 0.25 0.350841982229605 0.646155753177 0.2236942
TCGA-E2-A158-01 0.9 0.81 0.939276210361 0.9095017
TCGA-AR-A2LN-01 0.42 0.41 0.633529257923 0.3852845
TCGA-A2-A0EX-01 0.56 0.5 0.717559821572 0.4005981
TCGA-C8-A1HJ-01 0.71 0.75 0.869316153507 0.6989755
TCGA-LL-A5YM-01 0.72 0.7 0.792225809734 0.6706733
TCGA-A8-A09K-01 0.58 0.6 0.839332780358 0.9554887
TCGA-D8-A1XZ-01 0.611490929448855 0.62 0.732123566357 0.7311278
TCGA-AR-A24K-01 0.59 0.7 0.90145300196 0.509427
TCGA-C8-A8HQ-01 0.52 0.510165692015043 0.657435667108 0.5909157
TCGA-B6-A0RO-01 0.73 0.53 0.888964007981 0.9296949
TCGA-B6-A0IG-01 0.55 0.69 0.857647239458 0.2831976
TCGA-AR-A1AQ-01 0.64 0.48 0.626311395753 0.9063616
TCGA-BH-A204-01 0.81 0.69 0.866346430063 0.8112302
TCGA-A2-A1G0-01 0.42 0.34 0.692340583464 0.5534544
TCGA-AN-A0FY-01 0.76 0.65 0.819247835261 0.67179540069972
TCGA-BH-A0DS-01 0.41 0.66 0.678747566736 0.2903727
TCGA-AO-A0J7-01 0.64 0.68 0.906135950285 0.8452753
TCGA-LD-A7W5-01 0.44 0.391649680600191 0.606007054034 0.2420603
TCGA-D8-A140-01 0.63 0.66 0.771958389361 0.6626844
TCGA-AC-A8OP-01 0.43 0.478496272669622 0.785355370652 0.3453275
TCGA-LL-A740-01 0.39 0.56 0.707336865916 0.4119067
TCGA-BH-A1FC-01 0.581537726681566 0.46 0.726398626846 0.8006183
TCGA-S3-A6ZF-01 0.52 0.55 0.763976265706 0.3868284
TCGA-AC-A6IV-01 0.48 0.348824026608119 0.487306142399 0.198788
TCGA-EW-A1PH-01 0.673008487459643 0.66 0.856455301699 0.8198096
TCGA-E9-A244-01 0.63 0.45 0.848748595546 0.3743379
TCGA-A8-A07P-01 0.94 0.75 0.764384710888 0.7138557
TCGA-A7-A26F-01 0.51 0.51 0.597692283822 0.5078414
TCGA-AC-A7VB-01 0.86 0.763974127379988 0.952828780145 0.8235235
TCGA-C8-A1HG-01 0.61 0.49 0.67534296825 0.6196423
TCGA-B6-A0RL-01 0.88 0.78 0.902009627026766 0.8215529
TCGA-E2-A154-01 0.38 0.63 0.84995339504 0.9768389
TCGA-Z7-A8R6-01 0.63 0.641367170921466 0.842194666134 0.7379418
TCGA-A2-A0T2-01 0.68 0.79 0.799035863499 0.690528997504092
TCGA-A2-A0D1-01 0.76 0.66 0.895576782626 0.9057113
TCGA-JL-A3YW-01 0.32 0.29 0.53083463581 0.3287574
TCGA-BH-A0BS-01 0.3 0.6 0.884852060948 0.7350826
TCGA-D8-A1JN-01 0.77 0.78 0.899526784707 0.8524021
TCGA-S3-AA17-01 0.35 0.369320056705858 0.575709372557 0.3020752
TCGA-C8-A1HE-01 0.57 0.71 0.825997520248 0.5509351
TCGA-OL-A66P-01 0.3 0.28 0.474465597428 0.2502599
TCGA-LL-A5YO-01 0.36 0.32025086788388 0.492722561847 0.2078474
TCGA-A2-A0CT-01 0.65 0.7 0.86523537145 0.6294292
TCGA-A8-A06U-01 0.73 0.62 0.809651465071 0.646774487131188
TCGA-BH-A28Q-01 0.63 0.61 0.80108626765 0.6735366
TCGA-BH-A18V-06 0.7 0.55 0.58819600279 0.514756792122823
TCGA-A8-A08B-01 0.57 0.46 0.83219914173 0.7309654
TCGA-BH-A0DP-01 0.39 0.49 0.673491388434 0.7016985
TCGA-OL-A66O-01 0.65 0.67 0.877598093189 0.7496423
TCGA-EW-A1P3-01 0.39 0.61 0.783830246348 0.3068134
TCGA-3C-AALK-01 0.55 0.493163624666669 0.719900455098 0.3738828
TCGA-BH-A0DE-01 0.46 0.54 0.65477642362 0.4902835
TCGA-AO-A1KS-01 0.67 0.65 0.821738516464 0.6671625
TCGA-AO-A0J3-01 0.78 0.8 0.932182254448 0.6228776
TCGA-AR-A1AM-01 0.56 0.45 0.731490928024 0.3796348
TCGA-E2-A1BC-01 0.37 0.56 0.792776700376 0.5259146
TCGA-E9-A1RH-01 0.63 0.38 0.827256049311 0.3547778
TCGA-C8-A278-01 0.63 0.26 0.57338901003 0.2223501
TCGA-AC-A3QQ-01 0.6 0.67 0.6857138339 0.3934597
TCGA-EW-A2FW-01 0.8 0.72 0.852163678064 0.8448244
TCGA-BH-A0B6-01 0.32 0.31 0.479213357817 0.3331622
TCGA-GM-A2D9-01 0.48 0.71 0.750917321834 0.3866294
TCGA-PE-A5DD-01 0.48 0.71 0.717021551362 0.7354736
TCGA-A2-A04Y-01 0.6 0.56 0.70374049887 0.555957
TCGA-BH-A18U-01 0.57 0.63 0.77096757909 0.6825617
TCGA-A7-A4SF-01 0.53 0.7 0.832331384913 0.5206353
TCGA-D8-A1XQ-01 0.48 0.43 0.664432470727 0.7570096
TCGA-A2-A0SY-01 0.62 0.63 0.618539366089 0.599081
TCGA-D8-A1XA-01 0.67 0.66 0.812201146511 0.8213477
TCGA-AN-A0AK-01 0.83 0.63 0.858336224433 0.727854
TCGA-C8-A12N-01 0.43 0.68 0.685920291196 0.686058
TCGA-D8-A27I-01 0.32 0.24 0.601672184179 0.1599023
TCGA-D8-A1Y2-01 0.51 0.27 0.440990539707 0.3740291
TCGA-E2-A1IH-01 0.46 0.44 0.470985538905 0.5617669
TCGA-A2-A1FZ-01 0.39 0.49 0.679081334679 0.4341677
TCGA-A2-A0SV-01 0.63 0.63 0.66900372405 0.7438047
TCGA-WT-AB41-01 0.53 0.466382729787621 0.607665384161 0.4650688
TCGA-D8-A27F-01 0.62 0.69 0.80317473637 0.8085075
TCGA-AC-A23C-01 0.45 0.48 0.708645581835 0.3179268
TCGA-E2-A15I-01 0.32 0.57 0.745782277346 0.6065627
TCGA-BH-A0HQ-01 0.54 0.69 0.793951309946 0.6013471
TCGA-E2-A1LS-01 0.652473308888962 0.648426524430798 0.887587340498 0.666678001803455
TCGA-D8-A146-01 0.3 0.39 0.696830048766 0.5374098
TCGA-AN-A049-01 0.87 0.66 0.718758589518 0.6019611
TCGA-BH-A0BC-01 0.6 0.58 0.604432166852 0.5355304
TCGA-E9-A3HO-01 0.68 0.66 0.795690612317 0.5987465
TCGA-A8-A084-01 0.63 0.73 0.846489328478 0.7743042
TCGA-A2-A0CV-01 0.54 0.33 0.678845512233 0.3638665
TCGA-OL-A5DA-01 0.55 0.63 0.817448434766 0.302491
TCGA-A2-A04N-01 0.47 0.68 0.757312820978 0.2796052
TCGA-B6-A0RI-01 0.55 0.72 0.756657847038 0.6621381
TCGA-A2-A4S2-01 0.38 0.58 0.675721590663 0.4872886
TCGA-AO-A129-01 0.65 0.34 0.686852289578 0.2286153
TCGA-AC-A3TN-01 0.44 0.74 0.825396265088 0.3902811
TCGA-AN-A0FV-01 0.55 0.56 0.820419932704 0.3964842
TCGA-AO-A03U-01 0.69 0.71 0.555022947012 0.4591422
TCGA-A2-A0EM-01 0.39 0.69 0.783620331152 0.6615177
TCGA-E9-A5UP-01 0.61 0.65 0.906594152577 0.662057821646226
TCGA-D8-A1JL-01 0.52 0.42 0.599940847678 0.7704505
TCGA-A8-A09E-01 0.71 0.77 0.8798274219 0.9689464
TCGA-A2-A0EU-01 0.71 0.62 0.83360306793 0.8551904
TCGA-E2-A15E-06 0.6 0.6 0.837835399967 0.610170765224415
TCGA-GM-A2DO-01 0.33 0.36 0.511193535416 0.2141621
TCGA-A2-A3XX-01 0.52 0.43 0.782735212748 0.4665952
TCGA-AO-A1KT-01 0.6 0.56 0.742231047775 0.6456774
TCGA-BH-A0W7-01 0.59 0.56 0.567066872994 0.4078216
TCGA-AN-A0FD-01 0.69 0.73 0.713949051734 0.634131410808301
TCGA-E2-A155-01 0.76 0.77 0.922024169168 0.7869544
TCGA-A8-A08I-01 0.52 0.62 0.636806969247 0.5375305
TCGA-EW-A1P0-01 0.66 0.75 0.810185390182 0.682627
TCGA-LL-A6FR-01 0.54 0.5 0.790246733374 0.9670729
TCGA-AC-A3HN-01 0.28 0.29 0.590984007819 0.3103455
TCGA-B6-A0RN-01 0.67 0.74 0.802074517198 0.7318339
TCGA-A2-A25D-01 0.66 0.53 0.617788820941 0.4606821
TCGA-AR-A2LM-01 0.57 0.55 0.699765084527 0.5618685
TCGA-A8-A094-01 0.42 0.42 0.646517152776 0.52654
TCGA-D8-A1X6-01 0.55 0.63 0.753618384396 0.7749943
TCGA-D8-A1JP-01 0.56 0.64 0.66048935179 0.6407173
TCGA-UU-A93S-01 0.6 0.563824541512012 0.876693338015 0.368872
TCGA-C8-A26Y-01 0.46 0.43 0.861483456661 0.5499603
TCGA-A2-A0EQ-01 0.62 0.25 0.602330914762 0.4165585
TCGA-AR-A0TV-01 0.62 0.57 0.758318408503 0.570698476762935
TCGA-E9-A54X-01 0.4 0.75 0.750605916933028 0.4956327
TCGA-AN-A0XS-01 0.4 0.47 0.633125900487 0.6126051
TCGA-A7-A3IZ-01 0.74 0.83 0.887488245525 0.6760355
TCGA-EW-A1J6-01 0.64 0.64 0.755941795573 0.335995
TCGA-AO-A0J5-01 0.58 0.45 0.705789133241 0.4004492
TCGA-A2-A3XZ-01 0.66 0.28 0.67557157336 0.2772267
TCGA-AC-A5EI-01 0.42 0.32 0.717388839049208 0.8859946
TCGA-A2-A0YL-01 0.21 0.22 0.715648625439 0.142986
TCGA-AC-A2FE-01 0.49 0.24 0.536366864294 0.3309969
TCGA-A1-A0SB-01 0.32 0.550928606294651 0.935093412918 0.5552033
TCGA-BH-A18G-01 0.48 0.65 0.79773317711 0.7427924
TCGA-AO-A12D-01 0.34 0.48 0.582117058955 0.2408726
TCGA-E9-A1R3-01 0.51 0.47 0.676874457318 0.4218193
TCGA-D8-A1XJ-01 0.52 0.59 0.825406657584 0.6114278
TCGA-AC-A3QP-01 0.71 0.43 0.627678087406 0.4404273
TCGA-BH-A0AW-01 0.41 0.45 0.513078850363 0.6340945
TCGA-A8-A09M-01 0.61 0.61 0.727718351207 0.4940477
TCGA-D8-A27K-01 0.38 0.58 0.729083582255 0.5779915
TCGA-A2-A1FX-01 0.84 0.69 0.737769850182 0.3926211
TCGA-A2-A0D2-01 0.6 0.52 0.739468765377 0.5333069
TCGA-A7-A5ZX-01 0.29 0.36 0.782561760887 0.2248716
TCGA-C8-A133-01 0.4 0.28 0.930246230131 0.8426276
TCGA-C8-A12L-01 0.6 0.52 0.856487795975 0.6623687
TCGA-E2-A15M-01 0.51 0.35 0.471041935274 0.518062
TCGA-A8-A07I-01 0.68 0.68 0.692857864333 0.6094936
TCGA-A8-A06P-01 0.4 0.46 0.692413598958 0.5507363
TCGA-AR-A0TU-01 0.626946050656747 0.66 0.811369582918 0.629916900962643
TCGA-AC-A62Y-01 0.52 0.45 0.679456385894 0.4632842
TCGA-AO-A0J2-01 0.73 0.62 0.783358193427 0.635371077775753
TCGA-A2-A0T4-01 0.54 0.49 0.619671663903 0.4694356
TCGA-E2-A14O-01 0.66 0.59 0.843327526375 0.8729652
TCGA-E9-A2JS-01 0.62 0.57 0.830327065389 0.5749754
TCGA-BH-A0BL-01 0.38 0.33 0.537301339011 0.2415155
TCGA-BH-A0B3-01 0.46 0.35 0.683348569842 0.9292892
TCGA-AR-A2LK-01 0.74 0.61 0.775294426421 0.3747622
TCGA-A1-A0SN-01 0.51 0.45 0.670994527891 0.4272167
TCGA-BH-A0HP-01 0.33 0.49 0.723092293652 0.4050091
TCGA-BH-A0HB-01 0.61 0.64 0.699762699971 0.579776
TCGA-BH-A0AV-01 0.43 0.33 0.689569212536 0.9792694
TCGA-E9-A1NF-01 0.53 0.45 0.593017647967 0.3527238
TCGA-A2-A25A-01 0.22 0.23 0.612552929839 0.252030434926478
TCGA-A8-A08R-01 0.497134624818284 0.51 0.676903205491 0.324884
TCGA-E9-A248-01 0.62 0.31 0.624445638831 0.2559578
TCGA-E9-A1N8-01 0.68 0.85 0.928048032045 0.5048376
TCGA-BH-A1EU-01 0.33 0.44 0.514489904317 0.5127563
TCGA-A2-A0ET-01 0.6 0.75 0.867358671649 0.679650100172217
TCGA-A8-A08G-01 0.72 0.65 0.775755224186 0.2653961
TCGA-A7-A13E-01 0.83 0.68 0.890305671557 0.5894322
TCGA-E2-A15H-01 0.61 0.52 0.846568875681 0.5764268
TCGA-AR-A0U3-01 0.73 0.76 0.880169122035 0.7308577
TCGA-AN-A0FJ-01 0.66 0.65 0.833514655308 0.4126448
TCGA-A7-A4SC-01 0.512016628098389 0.41 0.731678150216 0.464410207928435
TCGA-AN-A04D-01 0.79 0.81 0.955428490329 0.800834398706785
TCGA-EW-A423-01 0.63 0.63 0.778428912546 0.5660463
TCGA-AR-A255-01 0.47 0.43 0.662321336974 0.3293805
TCGA-B6-A0I2-01 0.49 0.45 0.693733221993 0.192006
TCGA-AN-A0FW-01 0.53 0.61 0.799261251529 0.5634708
TCGA-BH-A5J0-01 0.5 0.47 0.561531474166 0.5363829
TCGA-EW-A2FR-01 0.51 0.23 0.624682389095 0.3304506
TCGA-D8-A1XC-01 0.38 0.85 0.926986250967 0.8034572
TCGA-A2-A25F-01 0.63 0.298300908312991 0.22372765848 0.2282058
TCGA-C8-A275-01 0.58 0.51 0.649912685367 0.4781096
TCGA-A2-A0ST-01 0.71 0.39146919303959 0.47020569373 0.138201
TCGA-B6-A0IM-01 0.73 0.75 0.825019830747 0.641259
TCGA-A2-A0EW-01 0.42 0.28 0.630382898812 0.3547011
TCGA-LL-A7SZ-01 0.48 0.417146529254618 0.607386067932 0.3054515
TCGA-E9-A1NE-01 0.47 0.25 0.494091203527 0.1970767
TCGA-BH-A1EV-01 0.48 0.58 0.826109684339 0.3940187
TCGA-BH-A0HA-01 0.53 0.72 0.616309671526 0.7085498
TCGA-A8-A06T-01 0.88 0.62 0.784562071779 0.7376648
TCGA-BH-A18H-01 0.44 0.3 0.627640920904 0.2989301
TCGA-AC-A2FK-01 0.64 0.51 0.772448185033 0.6085589
TCGA-BH-A0EA-01 0.31 0.5 0.729030152757 0.5188433
TCGA-AR-A0TP-01 0.9 0.88 0.927286395312 0.9642597
TCGA-A2-A4S0-01 0.47 0.3 0.899207477116 0.6647659
TCGA-LL-A440-01 0.44 0.379377568604626 0.514862890618 0.3388475
TCGA-AR-A24L-01 0.45 0.53 0.761211487743 0.3649635
TCGA-A7-A426-01 0.53 0.29 0.745919833669 0.4427676
TCGA-C8-A1HF-01 0.56 0.52 0.757554891001467 0.6782061
TCGA-AR-A0U1-01 0.42 0.4 0.660360084423659 0.4101315
TCGA-AN-A0XV-01 0.63 0.54 0.728246013 0.582558
TCGA-AN-A0FF-01 0.45 0.66 0.717947368731 0.5056046
TCGA-A8-A09B-01 0.66 0.63 0.804748000459 0.3740088
TCGA-AO-A0JG-01 0.68 0.52 0.67977623198 0.4615784
TCGA-A8-A075-01 0.54 0.51 0.713311452877 0.3705901
TCGA-D8-A1JA-01 0.77 0.75 0.772703967791 0.7585176
TCGA-A8-A07G-01 0.75 0.48 0.694016466515 0.4592103
TCGA-BH-A1FE-06 0.31 0.33 0.696360522693 0.354733066061104
TCGA-AR-A5QN-01 0.5 0.49 0.737348312439 0.4447119
TCGA-AR-A0TW-01 0.51 0.46 0.731633567696 0.866131
TCGA-E2-A1IE-01 0.56 0.71 0.924060276169 0.5204102
TCGA-A8-A07Z-01 0.56 0.66 0.823756397573 0.614036125566939
TCGA-AR-A0TX-01 0.52 0.42 0.594861709966 0.3620022
TCGA-D8-A27V-01 0.84 0.64 0.789389002468 0.680464458850607
TCGA-E2-A10B-01 0.48 0.69 0.766677233747 0.8871772
TCGA-C8-A26Z-01 0.7 0.7 0.869397411782 0.578265
TCGA-B6-A0X4-01 0.57 0.674058177340459 0.967831418325 0.7485471
TCGA-C8-A12Q-01 0.51 0.47 0.727700138598 0.5290426
TCGA-A2-A3XU-01 0.73 0.77 0.949954033489 0.8914587
TCGA-A2-A3XV-01 0.41 0.63 0.786703325755 0.5301766
TCGA-E9-A22H-01 0.64 0.71 0.824810418888 0.6522567
TCGA-C8-A132-01 0.45 0.44 0.608366742235 0.2363188
TCGA-A2-A0CP-01 0.69 0.46 0.719720665517 0.4307366
TCGA-E9-A1RF-01 0.48 0.47 0.633105978183 0.4472063
TCGA-E9-A1R6-01 0.6 0.57 0.845204655317 0.4091859
TCGA-BH-A0W4-01 0.36 0.54 0.829727541227 0.979517
TCGA-BH-A1ES-01 0.54 0.71 0.866439921606 0.8379375
TCGA-E2-A1B4-01 0.87 0.75 0.865798887603 0.7176085
TCGA-MS-A51U-01 0.3 0.405128723588213 0.720112294422 0.2832071
TCGA-A1-A0SO-01 0.84 0.69 0.952588579572 0.820029
TCGA-A8-A079-01 0.602473889768374 0.62 0.848272932733 0.4856859
TCGA-B6-A0IH-01 0.33 0.27 0.669598073235 0.1141363
TCGA-A7-A0CE-01 0.52 0.67 0.881080836079 0.629977514787112
TCGA-AO-A03L-01 0.65 0.45 0.720127147384 0.2915665
TCGA-B6-A1KC-01 0.91 0.71 0.8909855567 0.773197861873705
TCGA-A2-A0D0-01 0.72 0.65 0.842485647433 0.7885197
TCGA-S3-A6ZG-01 0.74 0.65 0.795174614959 0.9132596
TCGA-E2-A1IF-01 0.5 0.23 0.729385095593 0.3311826
TCGA-D8-A27R-01 0.63 0.38 0.717426037235 0.2989249
TCGA-GI-A2C9-01 0.51 0.63 0.779681742669 0.5795852
TCGA-AR-A24Q-01 0.53 0.54 0.694816499886 0.503250801488476
TCGA-C8-A12U-01 0.81 0.59 0.836052967769 0.8209248
TCGA-E2-A14W-01 0.91 0.51 0.917393434472 0.6471293
TCGA-AC-A2B8-01 0.64 0.34 0.629284118155 0.4443669
TCGA-E9-A2JT-01 0.34 0.37 0.400528544189 0.1361323
TCGA-B6-A1KI-01 0.34 0.515271638982383 0.826473970124 0.5517155
TCGA-A2-A0CO-01 0.45 0.53 0.553812143951 0.3884472
TCGA-A7-A2KD-01 0.54 0.58 0.670039033498 0.3738447
TCGA-A2-A0CL-01 0.62 0.31 0.405028452928 0.1228505
TCGA-B6-A0IO-01 0.7 0.6 0.868628268883 0.9781335
TCGA-AC-A2BM-01 0.51 0.54 0.780919055851 0.2728494
TCGA-AR-A2LH-01 0.2 0.296524745231136 0.578499050647 0.1535458
TCGA-E9-A1R4-01 0.4 0.4 0.643749993084 0.3531839
TCGA-EW-A1IX-01 0.58 0.36 0.701032516923 0.2769858
TCGA-BH-A1ET-01 0.41 0.62 0.768784573357 0.6284892
TCGA-AN-A03Y-01 0.657935782784194 0.64 0.80196610659 0.852928
TCGA-E2-A153-01 0.54 0.62 0.641562060592 0.5151492
TCGA-LQ-A4E4-01 0.65 0.77 0.888421462937 0.6595716
TCGA-EW-A1J2-01 0.48 0.45 0.648904142882 0.3706307
TCGA-BH-A0DK-01 0.59 0.53 0.513976080498 0.4758466
TCGA-XX-A899-01 0.45 0.367308583674765 0.537084122883 0.2354268
TCGA-AR-A1AO-01 0.2 0.222239111903505 0.396809343049 0.1227789
TCGA-E2-A15L-01 0.53 0.65 0.813781776828 0.7576711
TCGA-D8-A142-01 0.553007748135923 0.32 0.69660445023 0.8893722
TCGA-AR-A1AL-01 0.29 0.46 0.708564101411 0.4044224
TCGA-AQ-A1H3-01 0.51 0.57 0.718577818459 0.5707675
TCGA-AO-A0JI-01 0.69 0.76 0.893115260553 0.7458541
TCGA-AO-A0JF-01 0.33 0.44 0.569778830668 0.3764311
TCGA-D8-A1JS-01 0.69 0.86 0.925713874053 0.8586582
TCGA-E2-A15O-01 0.75 0.71 0.885806931647 0.7128582
TCGA-C8-A1HN-01 0.61 0.68 0.827494989026 0.8662395
TCGA-E9-A3QA-01 0.33 0.28 0.611880724569 0.3285731
TCGA-A2-A04R-01 0.79 0.82 0.887705134099 0.8748946
TCGA-BH-A0BO-01 0.57 0.29 0.612554579177 0.2837468
TCGA-BH-A18T-01 0.621256529241179 0.59 0.857625633167 0.621723578021689
TCGA-AR-A0TQ-01 0.63 0.6 0.724507198459 0.2500541
TCGA-E9-A295-01 0.42 0.45 0.785464311557 0.3307782
TCGA-BH-A42T-01 0.62 0.73 0.749363541207 0.6558579
TCGA-A2-A0EV-01 0.45 0.43 0.672196832213 0.6754366
TCGA-E9-A5UO-01 0.81 0.8 0.958967729091 0.7363933
TCGA-B6-A0RP-01 0.6 0.53 0.696398987703 0.6255293
TCGA-GM-A2DF-01 0.58 0.41 0.643074811404 0.1619797
TCGA-BH-A1FH-01 0.61 0.24 0.654857748005 0.1425488
TCGA-BH-A18I-01 0.66 0.53 0.600997764858 0.674008
TCGA-AC-A8OR-01 0.5 0.623141387255653 0.892166431517 0.7314097
TCGA-A2-A0SW-01 0.4 0.37 0.613744644882 0.4978748
TCGA-BH-A0HI-01 0.36 0.64 0.753211813023 0.5854358
TCGA-BH-A0HW-01 0.62 0.78 0.965514460306 0.7504619
TCGA-BH-A0EI-01 0.8 0.41 0.796657431865 0.5398579
TCGA-C8-A12P-01 0.41 0.43 0.729796855064 0.3014271
TCGA-B6-A0RG-01 0.83 0.72 0.870526907844 0.8882194
TCGA-C8-A1HM-01 0.52 0.36 0.65237174085 0.413657745428248
TCGA-EW-A3E8-01 0.35 0.33 0.607345923099 0.3052066
TCGA-E2-A15K-01 0.606399631166415 0.66 0.709263002616 0.6818583
TCGA-AN-A04A-01 0.62 0.55 0.750415041917 0.4945367
TCGA-LL-A441-01 0.35 0.398958539326312 0.598930699371 0.3964569
TCGA-AR-A24N-01 0.66 0.71 0.794360112394 0.6370097
TCGA-A8-A06Z-01 0.81 0.78 0.899902110772 0.9127998
TCGA-EW-A6S9-01 0.64 0.618030163650548 0.79386160431 0.7015041
TCGA-A2-A4S3-01 0.58 0.55 0.768709491247 0.5060121
TCGA-D8-A73X-01 0.4 0.61 0.771221899585 0.5041224
TCGA-E2-A107-01 0.47 0.48 0.881025852363 0.6774013
TCGA-EW-A1PB-01 0.58 0.35 0.598157666116 0.5125419
TCGA-A2-A0CR-01 0.24 0.27 0.45358550282 0.25189
TCGA-AN-A0FN-01 0.44 0.2 0.397837964878 0.217415675427327
TCGA-EW-A1PG-01 0.58 0.491085553619629 0.768358663422 0.2472018
TCGA-A7-A4SB-01 0.61 0.59 0.868372826481 0.5420334
TCGA-BH-A0B9-01 0.54 0.58 0.763939663757 0.551517565153736
TCGA-E2-A56Z-01 0.79 0.68 0.868326175215 0.5039357
TCGA-D8-A27T-01 0.55 0.64 0.618739047644 0.4564027
TCGA-AC-A3OD-01 0.48 0.28 0.614623898689 0.3515984
TCGA-AO-A03M-01 0.36 0.49 0.687469432146 0.240431
TCGA-EW-A1J5-01 0.64 0.68 0.665604375486 0.6219551
TCGA-AR-A2LO-01 0.44 0.22 0.646106622247 0.2821423
TCGA-AO-A03P-01 0.63 0.7 0.844803171425 0.4390656
TCGA-B6-A0IN-01 0.6 0.61 0.616801755284 0.5160908
TCGA-E2-A14Y-01 0.71 0.71 0.888228647521 0.703368
TCGA-AR-A1AH-01 0.77 0.68 0.906805909381 0.8953719
TCGA-AC-A3YJ-01 0.41 0.533024131067571 0.80323460192 0.5847644
TCGA-OL-A5S0-01 0.47 0.41 0.668420278524 0.4675592
TCGA-A8-A08X-01 0.97 0.39 0.627664554393 0.1758282
TCGA-C8-A26X-01 0.27 0.25 0.53022391571 0.2979813
TCGA-A8-A09R-01 0.53 0.51 0.696273879521 0.3935368
TCGA-AO-A03R-01 0.59 0.62 0.736149733163 0.6017778
TCGA-A2-A1FW-01 0.69 0.76 0.842292118865 0.8116204
TCGA-E9-A1NI-01 0.61 0.62 0.773395727898 0.1304459
TCGA-EW-A1IZ-01 0.46 0.2 0.591645427453 0.3203327
TCGA-S3-AA10-01 0.42 0.492849178490579 0.608006461386 0.7175208
TCGA-C8-A135-01 0.4 0.25 0.719981030268 0.44392
TCGA-OL-A66J-01 0.58 0.55 0.738203934183 0.5171778
TCGA-BH-A1EO-01 0.63 0.45 0.568467828339 0.3741208
TCGA-A8-A07J-01 0.78 0.6 0.529117044487 0.3876982
TCGA-AN-A0AR-01 0.86 0.84 0.925508872755 0.9011406
TCGA-BH-A0BD-01 0.85 0.65 0.695082899571 0.6163637
TCGA-A8-A09A-01 0.37 0.38 0.733245400303 0.1722687
TCGA-BH-A0BT-01 0.77 0.63 0.778149679545 0.742481
TCGA-AR-A1AX-01 0.26 0.41 0.538674940905 0.2069788
TCGA-D8-A1XG-01 0.59 0.75 0.859422123305 0.7863283
TCGA-GM-A3XN-01 0.49 0.3 0.638446297658 0.3522915
TCGA-A8-A0AD-01 0.86 0.54 0.691346482822 0.6215876
TCGA-B6-A40C-01 0.44 0.65 0.729287849906 0.5126091
TCGA-A8-A095-01 0.43 0.67 0.811897542537 0.5609828
TCGA-AR-A0TZ-01 0.76 0.81 0.855974329138 0.8130452
TCGA-AN-A03X-01 0.69 0.52 0.662064207668 0.9742459
TCGA-A8-A07C-01 0.542845319834787 0.45 0.776628941425 0.508805757007883
TCGA-E2-A10A-01 0.56 0.65 0.813213459808 0.7568412
TCGA-AR-A0TY-01 0.68 0.7 0.890608318946 0.6469302
TCGA-AC-A3W5-01 0.51 0.44 0.528223205074 0.3906431
TCGA-D8-A147-01 0.58 0.55 0.788549026864 0.4140532
TCGA-C8-A131-01 0.37 0.28 0.74073886045 0.3447453
TCGA-B6-A0WY-01 0.28 0.28 0.756378955644 0.2023813
TCGA-B6-A0X7-01 0.35 0.54 0.796952671899 0.4820755
TCGA-AR-A24U-01 0.69 0.3 0.541139777126 0.2436862
TCGA-D8-A1XT-01 0.49 0.54 0.671705091758 0.5542694
TCGA-B6-A409-01 0.57 0.58 0.825711668729 0.4039189
TCGA-OL-A66I-01 0.56 0.26 0.478982908693 0.2878988
TCGA-E2-A1LG-01 0.56 0.67 0.894292197982 0.2821867
TCGA-AN-A04C-01 0.82 0.6 0.840842641841 0.681317285757064
TCGA-B6-A0I5-01 0.5 0.65 0.763283701425 0.6274693
TCGA-AR-A2LJ-01 0.44 0.42 0.564477544646 0.4393676
TCGA-BH-A0DL-01 0.37 0.35 0.675016478399 0.272777
TCGA-OK-A5Q2-01 0.41 0.37 0.658728801313 0.3546011
TCGA-A7-A5ZW-01 0.35 0.31 0.65779136384 0.3039717
TCGA-E2-A15T-01 0.8 0.82 0.928718532403 0.6256407
TCGA-E2-A14Q-01 0.56 0.35 0.820911544952 0.4869775
TCGA-AQ-A54N-01 0.84 0.78 0.928378940081 0.709876
TCGA-AR-A1AT-01 0.501438427722831 0.47116987357864 0.650971933101 0.449176833189056
TCGA-BH-A0DO-01 0.54 0.41 0.849615288926 0.3619785
TCGA-AO-A1KO-01 0.62 0.38 0.829454531479 0.273363
TCGA-A8-A099-01 0.78 0.82 0.812757258343 0.739561479917946
TCGA-AC-A6NO-01 0.42 0.478010696652351 0.871045984129 0.2125438
TCGA-BH-A1F6-01 0.62 0.45 0.700375144071 0.4687112
TCGA-OL-A97C-01 0.46 0.505217582925022 0.740831085348 0.5029122
TCGA-E2-A1L8-01 0.69 0.56 0.752023038234 0.9275754
TCGA-AQ-A04J-01 0.28 0.44 0.585093670527 0.8038355
TCGA-C8-A1HL-01 0.69 0.63 0.759105996687 0.4234892
TCGA-D8-A1XW-01 0.81 0.64 0.609579302315 0.592956925641129
TCGA-A2-A0ES-01 0.48 0.37 0.695806483871 0.423575164501901
TCGA-A2-A0SU-01 0.62 0.55 0.767053740563 0.4287289
TCGA-LL-A6FQ-01 0.68 0.7 0.793915039281 0.4899922
TCGA-A1-A0SI-01 0.4 0.49 0.620905872996 0.4537603
TCGA-D8-A1XB-01 0.35 0.58 0.776101467699 0.3399077
TCGA-BH-A18L-01 0.67200183467678 0.66 0.904671199048 0.7336667
TCGA-E2-A2P5-01 0.66 0.56 0.797056738386 0.6274303
TCGA-A2-A0EN-01 0.85 0.3 0.468647492667 0.3949047
TCGA-A8-A09Z-01 0.96 0.81 0.758932974288 0.8108671
TCGA-B6-A0IB-01 0.7 0.61 0.933636237392 0.1330318
TCGA-A8-A08L-01 0.74 0.55 0.749910870419 0.7045678
TCGA-E9-A247-01 0.66 0.62 0.89554229654 0.5480144
TCGA-BH-A0HX-01 0.53 0.56 0.760722656789 0.2544519
TCGA-BH-A1EY-01 0.55 0.52 0.577397311765 0.4826366
TCGA-BH-A1FL-01 0.65 0.74 0.849712678727 0.7127683
TCGA-AC-A6IW-01 0.35 0.40874137666702 0.638952527492 0.3736871
TCGA-BH-A201-01 0.59 0.52 0.776066507567 0.5031905
TCGA-B6-A0I1-01 0.59 0.74 0.945424517348 0.7358694
TCGA-B6-A0IA-01 0.84 0.82 0.917514849211 0.804042810503706
TCGA-D8-A1JF-01 0.53 0.48 0.743586621183 0.4540641
TCGA-AC-A5XU-01 0.51 0.6 0.799874320311 0.415392
TCGA-A7-A4SA-01 0.75 0.27 0.621434983457 0.3991185
TCGA-BH-A202-01 0.8 0.35 0.719454792828 0.353494
TCGA-GM-A3XL-01 0.58 0.56 0.77630617975 0.390175
TCGA-A8-A083-01 0.37 0.73 0.909679534935 0.6032808
TCGA-A2-A4S1-01 0.38 0.53 0.513243989736 0.5095116
TCGA-BH-A0BJ-01 0.45 0.38 0.708466384364 0.2660842
TCGA-BH-A6R9-01 0.46 0.28 0.42218355399 0.1709477
TCGA-BH-A0C3-01 0.51 0.37 0.614923938274 0.3649666
TCGA-E2-A105-01 0.73 0.73 0.903247971296 0.7740998
TCGA-OL-A66L-01 0.5 0.59 0.639239564327 0.4519064
TCGA-EW-A6SB-01 0.42 0.22 0.681296323837 0.2422098
TCGA-S3-AA15-01 0.24 0.253703083480606 0.460908012911 0.10844184
TCGA-LD-A66U-01 0.32 0.42 0.65923913173 0.2334214
TCGA-A2-A1FV-01 0.77 0.75 0.887003657531 0.8409476
TCGA-GM-A2DK-01 0.6 0.49 0.694571054488 0.4395787
TCGA-A8-A08O-01 0.61 0.55 0.848194654997 0.6483715
TCGA-GM-A2DH-01 0.73 0.34 0.723358732207 0.4299799
TCGA-BH-A18P-01 0.57 0.63012874336195 0.799897602497 0.8311585
TCGA-BH-A18N-01 0.69 0.77 0.854762778935 0.710315770362561
TCGA-A8-A08Z-01 0.44 0.63 0.590959901052 0.6310466
TCGA-AN-A0G0-01 0.58 0.55 0.853042129961 0.591524945324142
TCGA-AO-A128-01 0.34 0.26 0.464195817551 0.557052
TCGA-D8-A1XR-01 0.6 0.74 0.846108955673 0.8590497
TCGA-OL-A6VR-01 0.63 0.699173345067667 0.928560992694 0.8535691
TCGA-BH-A0DT-01 0.35 0.46 0.718832377466 0.7615491
TCGA-BH-A8FY-01 0.59 0.661048616663716 0.884844126492 0.8040328
TCGA-D8-A1JJ-01 0.43 0.45 0.732213422113 0.490608
TCGA-OL-A66K-01 0.51 0.43 0.793792463885 0.6681871
TCGA-B6-A2IU-01 0.42 0.68 0.890059252031 0.6139424
TCGA-AN-A0AJ-01 0.56 0.63 0.697935775786 0.6907755
TCGA-B6-A40B-01 0.57 0.58 0.7889236413 0.4910047
TCGA-A8-A07O-01 0.57 0.55 0.809654173774 0.4998963
TCGA-A2-A0YF-01 0.7 0.71 0.789272083202 0.7442002
TCGA-BH-A0C0-01 0.32 0.28 0.599023194732 0.549898
TCGA-C8-A26W-01 0.61 0.62 0.701506013803 0.6285203
TCGA-A8-A07R-01 0.86 0.69 0.903184618346 0.4954919
TCGA-AR-A1AJ-01 0.27 0.2 0.45209550553 0.131169
TCGA-A7-A3J0-01 0.36 0.567165221143264 0.866162997934 0.6941846
TCGA-A2-A4RY-01 0.66 0.501923332808188 0.710513698024 0.2946741
TCGA-OL-A5D8-01 0.75 0.72 0.812130908175 0.7490698
TCGA-AN-A046-01 0.32 0.55 0.628249988259 0.411491570647823
TCGA-AC-A2FO-01 0.45 0.4 0.584139440178 0.3073796
TCGA-EW-A6SA-01 0.728188362361662 0.73 0.955224605493 0.8710714
TCGA-A2-A0CX-01 0.5 0.36 0.672006553296 0.7194027
TCGA-D8-A73W-01 0.54 0.504340554077999 0.681198453725 0.500763
TCGA-HN-A2OB-01 0.47 0.39 0.710647768538 0.2460847
TCGA-AO-A12H-01 0.3 0.42 0.843983777721 0.7755799
TCGA-D8-A1XU-01 0.61 0.48 0.724233526777 0.518736148497976
TCGA-AC-A23E-01 0.36 0.52 0.628103319308 0.3661051
TCGA-A8-A09D-01 0.64 0.56 0.616895170028 0.4014556
TCGA-E2-A1LH-01 0.35 0.33 0.582206624418 0.3372032
TCGA-A8-A09Q-01 0.555098486724781 0.65 0.634108282651 0.526451204848966
TCGA-E9-A1RI-01 0.6 0.56 0.695058071281 0.3151026
TCGA-A2-A0EO-01 0.51 0.46 0.645492761759 0.5935929
TCGA-E2-A574-01 0.65 0.63 0.955146295501 0.6355066
TCGA-AR-A24M-01 0.58 0.62 0.748678877115 0.4379748
TCGA-A1-A0SK-01 0.98 0.84 0.947401339315212 0.8987743
TCGA-A2-A3Y0-01 0.41 0.46 0.760256780653 0.4586461
TCGA-EW-A1IW-01 0.53 0.38 0.755555049437 0.552758
TCGA-C8-A8HP-01 0.39 0.389225181761431 0.652687209257 0.2143749
TCGA-AO-A0J8-01 0.62 0.7 0.736904975257 0.6939072
TCGA-A8-A08J-01 0.61 0.53 0.750087660902 0.3828849
TCGA-A1-A0SH-01 0.28 0.45 0.668971150837 0.3552032
TCGA-EW-A1P6-01 0.91 0.68 0.802559918992 0.5801648
TCGA-A8-A091-01 0.62 0.74 0.832115776814 0.7499268
TCGA-AR-A252-01 0.61 0.378366792297404 0.464321179899 0.2111614
TCGA-AN-A0AL-01 0.609701995746858 0.72 0.664566969731 0.6882352
TCGA-A7-A26G-01 0.38 0.37 0.558455985869 0.3146183
TCGA-AR-A2LE-01 0.46 0.69 0.828047164751 0.7075498
TCGA-C8-A1HI-01 0.55 0.54 0.824580868789 0.4500012
TCGA-A1-A0SD-01 0.64 0.52 0.741852764413 0.4766231
TCGA-JL-A3YX-01 0.49 0.5 0.868574133164 0.7058861
TCGA-AR-A1AR-01 0.48 0.53 0.567986702707 0.5020274
TCGA-AR-A24X-01 0.51 0.51 0.791538399535 0.3747582
TCGA-A7-A26H-01 0.44 0.4 0.689721950819 0.4041941
TCGA-5T-A9QA-01 0.56 0.65755566232278 0.9538294243 0.7099818
TCGA-A7-A6VX-01 0.75 0.618583967816968 0.794549421034 0.568661
TCGA-E2-A9RU-01 0.68 0.572592224389182 0.784732786122 0.4639024
TCGA-E2-A1IK-01 0.64 0.25 0.766689645932 0.4070541
TCGA-E2-A15R-01 0.84 0.79 0.940296386134 0.822483
TCGA-EW-A1OV-01 0.58 0.3 0.478904529383 0.329074
TCGA-AC-A5EH-01 0.47 0.39 0.681627911053 0.403138
TCGA-AO-A0JB-01 0.83 0.69 0.765743669096 0.743422
TCGA-AO-A03T-01 0.49 0.55 0.819176348634 0.8856077
TCGA-A7-A4SE-01 0.52 0.45 0.762789230802 0.867108
TCGA-AO-A126-01 0.57 0.53 0.69808502298 0.6541389
TCGA-BH-A0H7-01 0.653886739704527 0.59 0.755592854877 0.9795022
TCGA-D8-A1XM-01 0.41 0.52 0.626328670387 0.5051555
TCGA-E9-A1NC-01 0.41 0.42 0.61453605591 0.359487
TCGA-D8-A1J9-01 0.65 0.49 0.740026701674 0.6803074
TCGA-D8-A1JD-01 0.62 0.45 0.686744935488 0.2425618
TCGA-D8-A1JK-01 0.45 0.36 0.61381287655 0.9653176
TCGA-A8-A09X-01 0.37 0.3 0.587143181168 0.4475667
TCGA-GM-A5PX-01 0.67 0.48 0.714761657209 0.3466298
TCGA-BH-A0B0-01 0.4 0.53 0.612828300103 0.4881571
TCGA-C8-A12W-01 0.5 0.44 0.701502160732 0.9301345
TCGA-A2-A0YD-01 0.44 0.51 0.596149867691 0.366991
TCGA-GM-A2DD-01 0.3 0.32 0.500801536072 0.2973756
TCGA-B6-A0IQ-01 0.53 0.54 0.864784158804 0.7278811
TCGA-C8-A1HK-01 0.56 0.65 0.861939831595 0.2958908
TCGA-D8-A27N-01 0.66 0.56 0.639105020246 0.6359483
TCGA-C8-A138-01 0.5 0.43 0.583535044677 0.4882965
TCGA-A2-A0YT-01 0.75 0.52 0.855237558653 0.8626072
TCGA-PE-A5DC-01 0.64 0.65 0.838996642433 0.6672609
TCGA-AR-A5QQ-01 0.2 0.31 0.593965035901 0.2463057
TCGA-A2-A0CZ-01 0.506105256758616 0.55 0.594410836909 0.455897405027626
TCGA-A2-A1G4-01 0.69 0.72 0.865877076701 0.7349054
TCGA-D8-A27M-01 0.67 0.46 0.548478691411 0.2359879
TCGA-D8-A1XS-01 0.82 0.75 0.7477901774 0.7470235
TCGA-AC-A2QH-01 0.664470920417485 0.662507089273511 0.906383129376 0.683955431413672
TCGA-E2-A1B1-01 0.3 0.4 0.543145579503 0.1405046
TCGA-E9-A22E-01 0.56 0.41 0.545259369529 0.226721
TCGA-BH-A0C1-01 0.48 0.46 0.716772327146 0.3516362
TCGA-D8-A3Z5-01 0.4 0.28 0.858737895107 0.4202778
TCGA-AO-A0JM-01 0.59 0.55 0.747743437379 0.4244665
TCGA-E9-A1RA-01 0.57 0.37 0.78282649303 0.2932164
TCGA-BH-A0HO-01 0.27 0.64 0.739699403107 0.5494999
TCGA-AN-A0XR-01 0.78 0.79 0.881740625682 0.8236532
TCGA-BH-A1EN-01 0.53 0.64 0.833636393296 0.4624805
TCGA-A2-A25C-01 0.44 0.64 0.763313536157 0.3758424
TCGA-5L-AAT0-01 0.32 0.405641197749281 0.63335036782 0.4056984
TCGA-OL-A5RW-01 0.688487729982725 0.77 0.821420949987 0.8075563
TCGA-A2-A0EY-01 0.5 0.47 0.751463201507 0.3625663
TCGA-B6-A0WS-01 0.45 0.5 0.632316465242 0.5045998
TCGA-AQ-A0Y5-01 0.52 0.46 0.727844150466 0.426101
TCGA-C8-A26V-01 0.58 0.72 0.819563059277 0.7700367
TCGA-E9-A22B-01 0.86 0.48 0.723452137852 0.5890794
TCGA-B6-A0X0-01 0.31 0.63 0.915684760868 0.6453054
TCGA-BH-A0E1-01 0.4 0.71 0.846760089357 0.6248668
TCGA-LL-A73Z-01 0.36 0.25 0.647308752542 0.2371774
TCGA-EW-A3U0-01 0.49 0.26 0.471212841088 0.3992543
TCGA-A7-A13D-01 0.51 0.52 0.882795037997 0.380188
TCGA-S3-AA0Z-01 0.75 0.699248166044203 0.784020902726 0.9483966
TCGA-A2-A3KC-01 0.51 0.49 0.690365519257 0.494907
TCGA-E2-A159-01 0.88 0.31 0.639551813356 0.4560865
TCGA-D8-A73U-01 0.22 0.229450567883444 0.361047992299 0.1903577
TCGA-A7-A6VW-01 0.7 0.640035086057916 0.786030450348 0.7401678
TCGA-EW-A1P7-01 0.29 0.293000112534945 0.451669920614 0.2392919
TCGA-E2-A14N-01 0.25 0.2 0.835567433079 0.3604771
TCGA-BH-A0DH-01 0.83 0.74 0.798120877369 0.6160801
TCGA-E2-A1IL-01 0.6 0.72 0.819739013512 0.7299944
TCGA-EW-A1PA-01 0.6 0.63 0.801994154055 0.5419288
TCGA-AO-A12G-01 0.66 0.65 0.753812739543 0.6766595
TCGA-D8-A1Y1-01 0.69 0.58 0.691850808743 0.3891707
TCGA-B6-A0RU-01 0.92 0.52 0.850433600369 0.4753289
TCGA-BH-A1F2-01 0.58 0.46 0.730303529165 0.4812846
TCGA-OL-A6VO-01 0.64 0.701069048233872 0.851166179276 0.9788596
TCGA-AR-A0TR-01 0.74 0.73 0.925540416921 0.4942625
TCGA-AN-A0XO-01 0.44 0.67 0.877528223022 0.5441511
TCGA-E9-A1R0-01 0.66 0.49 0.738078861267 0.3518804
TCGA-AR-A24W-01 0.43 0.24 0.811270957487 0.1485035
TCGA-E9-A1NA-01 0.6 0.52 0.680947354769 0.5275028
TCGA-BH-A18S-01 0.67 0.67 0.865507417408 0.7423731
TCGA-LL-A9Q3-01 0.56 0.564491012768102 0.74530169954 0.6396204
TCGA-E9-A6HE-01 0.43 0.62 0.708299887826 0.5691639
TCGA-E2-A1L7-01 0.63 0.47 0.695777034936 0.7090037
TCGA-B6-A0RM-01 0.81 0.78 0.896846591155 0.5011427
TCGA-XX-A89A-01 0.54 0.417253448366497 0.496813103173 0.4170085
TCGA-AN-A0AM-01 0.48 0.450239911379838 0.744927118365 0.2248342
TCGA-A2-A0CU-01 0.58 0.52 0.841505963705 0.5951792
TCGA-B6-A0WV-01 0.55 0.61 0.947711259967 0.6479666
TCGA-E9-A1N3-01 0.35 0.62 0.922150513921 0.4746198
TCGA-4H-AAAK-01 0.65 0.530768394477691 0.704956784829 0.4456502
TCGA-C8-A12X-01 0.66 0.78 0.81414960443 0.7888015
TCGA-LL-A5YL-01 0.94 0.5 0.700229817355 0.4473323
TCGA-BH-A0BQ-01 0.31 0.42 0.649734536112 0.3409491
TCGA-AN-A0FX-01 0.59 0.47 0.842040025402 0.7442951
TCGA-AR-A0U4-01 0.38 0.43 0.589674152563 0.2942052
TCGA-AR-A250-01 0.63 0.62 0.644339385421 0.3102299
TCGA-A8-A07E-01 0.52 0.5 0.636355039614 0.4572127
TCGA-AC-A3TM-01 0.57 0.52 0.753741387471 0.4023734
TCGA-C8-A27A-01 0.71 0.68 0.910132979525 0.5703821
TCGA-A2-A3XY-01 0.67 0.58 0.602889886721 0.2793836
TCGA-C8-A273-01 0.68 0.68 0.78861442943 0.6644781
TCGA-E2-A570-01 0.55 0.39 0.774129458084 0.569381
TCGA-A2-A0YI-01 0.63 0.46 0.574461139025 0.282374
TCGA-BH-A0H6-01 0.7 0.73 0.810294983532 0.7155577
TCGA-E2-A15A-06 0.45 0.39 0.662332271647 0.407090105813247
TCGA-AO-A124-01 0.79 0.74 0.890806709297 0.746359522266526
TCGA-E9-A5FL-01 0.37 0.34 0.778914070822 0.3876299
TCGA-BH-A1F0-01 0.22 0.25 0.445829205465 0.1203457
TCGA-D8-A1XL-01 0.58 0.57 0.682286578445 0.4484383
TCGA-EW-A1PE-01 0.66 0.49 0.637044585441 0.6399714
TCGA-A1-A0SQ-01 0.68 0.654298994858472 0.843391878388 0.7330193
TCGA-A7-A26J-01 0.613094491576931 0.57 0.776499570027 0.7389931
TCGA-A2-A04X-01 0.55 0.56 0.670590223936 0.4887344
TCGA-E2-A3DX-01 0.57 0.23 0.489750290775 0.4375338
TCGA-AC-A6IX-06 0.39 0.31 0.669438268714 0.360897382229599
TCGA-BH-A0BR-01 0.52 0.54 0.618201519487 0.4161478
TCGA-E9-A22D-01 0.91 0.39 0.538783181381 0.2100668
TCGA-BH-A1FR-01 0.62 0.3 0.795993407666 0.6559306
TCGA-BH-A0RX-01 0.23 0.278333557560342 0.508004356374 0.1527483
TCGA-BH-A5IZ-01 0.62 0.69 0.857857992878 0.6776114
TCGA-BH-A8FZ-01 0.46 0.400976035154503 0.589306027019 0.2873715
TCGA-BH-A0W3-01 0.73 0.7 0.875565208504 0.8452038
TCGA-E2-A156-01 0.78 0.69 0.917476461315 0.8761086
TCGA-B6-A0IJ-01 0.4 0.41 0.692651121052 0.6390744
TCGA-EW-A1OX-01 0.79 0.85 0.867803219549997 0.61395
TCGA-B6-A0I8-01 0.56 0.58 0.872612727469 0.604998442957383
TCGA-LL-A5YP-01 0.53 0.39 0.660552657396 0.6202009
TCGA-BH-A209-01 0.51 0.28 0.571258182196 0.2950566
TCGA-AN-A0FT-01 0.85 0.642701427860363 0.731730771589 0.659653073889532
TCGA-E2-A1LB-01 0.44 0.66 0.813000480445 0.6293521
TCGA-A8-A08C-01 0.61 0.85 0.858083867442 0.2243223
TCGA-BH-A0AY-01 0.53 0.43 0.743215790088444 0.7550189
TCGA-AO-A1KR-01 0.49 0.4 0.878478829115 0.3946347
TCGA-BH-A0BA-01 0.55 0.47 0.773706075276 0.8141374
TCGA-A2-A0YM-01 0.53 0.55 0.749225214928 0.9160708
TCGA-BH-A0DQ-01 0.48 0.61 0.671733785841 0.6664664
TCGA-A8-A07U-01 0.4 0.24 0.544948400518 0.7190606
TCGA-EW-A2FV-01 0.64 0.55 0.705905671433 0.546759659575788
TCGA-E2-A14V-01 0.5 0.49 0.88346879458 0.4515386
TCGA-A2-A04T-01 0.58 0.58 0.7744881609 0.7236958
TCGA-A2-A3XS-01 0.54 0.51 0.765762825739 0.9653774
TCGA-A8-A08T-01 0.67 0.77 0.812153952979 0.6600927
TCGA-A8-A092-01 0.69283409115633 0.67 0.822315392295 0.9762548
TCGA-BH-A28O-01 0.55 0.491445408796742 0.701668188905 0.3965516
TCGA-AC-A8OQ-01 0.39 0.467287955891072 0.636187284868 0.5923811
TCGA-D8-A4Z1-01 0.35 0.32 0.748495065306 0.1944268
TCGA-A1-A0SG-01 0.73 0.6 0.744929883489 0.6323185
TCGA-A2-A259-01 0.52 0.45 0.70679003057 0.3770715
TCGA-OL-A5D7-01 0.6 0.56 0.736100960766 0.4190488
TCGA-E9-A228-01 0.68 0.57 0.835592999994 0.7279336
TCGA-E9-A1RC-01 0.82 0.78 0.888347431232 0.769930231351132
TCGA-LD-A9QF-01 0.56 0.325254652302548 0.417335717079 0.11197574
TCGA-A2-A25E-01 0.59 0.67 0.842747451933 0.6397455
TCGA-AR-A5QM-01 0.6 0.24 0.672246307729 0.4046832
TCGA-LL-A5YN-01 0.43 0.24 0.596236095834 0.1379214
TCGA-D8-A1JM-01 0.74 0.74 0.914465301923 0.7943573
TCGA-A8-A0A9-01 0.71 0.64 0.772029049703 0.9266359
TCGA-BH-A18V-01 0.63 0.55 0.677467396732 0.53125131198346
TCGA-D8-A1Y0-01 0.98 0.56 0.639146462643 0.5500737
TCGA-A8-A085-01 0.77 0.81 0.880865907844 0.7606111
TCGA-BH-A0WA-01 0.63 0.56 0.814825024304 0.594601744349175
TCGA-BH-A0H0-01 0.49 0.81 0.894316218402 0.8196859
TCGA-BH-A0EB-01 0.44 0.43 0.588675701101 0.4204321
TCGA-E2-A1IN-01 0.58 0.55 0.746565851052 0.545346112523019
TCGA-A2-A0YH-01 0.45 0.39 0.581842789405 0.3666319
TCGA-A2-A0YG-01 0.55 0.49 0.864546918842 0.8884453
TCGA-BH-A2L8-01 0.39 0.22 0.556875637144 0.3360494
TCGA-AO-A12F-01 0.623075311921618 0.64 0.818774130542 0.624342756819307
TCGA-AR-A24O-01 0.36 0.43 0.583430460815 0.2572888
TCGA-PL-A8LY-01 0.64 0.514413431787297 0.868372324554 0.11208419
TCGA-EW-A1P1-01 0.73 0.430942678608646 0.537637688491 0.1786695
TCGA-E9-A1R2-01 0.61 0.64 0.784605549539 0.6766695
TCGA-GM-A2DN-01 0.52 0.36 0.60998383788 0.2483273
TCGA-B6-A0WW-01 0.645865087616258 0.66 0.825883187722 0.7145836
TCGA-GM-A4E0-01 0.44 0.26 0.491529069416 0.2779853
TCGA-B6-A0I6-01 0.65 0.72 0.834352060049 0.669873341277695
TCGA-V7-A7HQ-01 0.4 0.537442335040392 0.79228732935 0.6350445
TCGA-A2-A3KD-01 0.35 0.49 0.815128235515 0.3133527
TCGA-S3-A6ZH-01 0.62 0.65 0.869381866815 0.463056
TCGA-E2-A1B6-01 0.26 0.298758462259414 0.569152067176 0.10596099
TCGA-A8-A076-01 0.69 0.53 0.726557412317 0.726045
TCGA-D8-A3Z6-01 0.45 0.57 0.805849346215 0.4913924
TCGA-BH-A0BP-01 0.54 0.49 0.714020263273 0.3631966
TCGA-A7-A13H-01 0.49 0.45 0.636538047383 0.4012065
TCGA-AR-A0TT-01 0.66 0.32 0.458322258368 0.3543952
TCGA-D8-A145-01 0.28 0.43 0.730386604266 0.3449718
TCGA-AO-A0JA-01 0.68 0.63 0.667947091854 0.5590261
TCGA-AC-A7VC-01 0.51 0.568110846893073 0.707062178349 0.7805918
TCGA-D8-A1X7-01 0.83 0.71 0.81295075152 0.6774211
TCGA-AO-A1KP-01 0.88 0.8 0.92040613081 0.9195259
TCGA-AN-A0FZ-01 0.641465336871373 0.635507414371938 0.860850236928 0.6665563
TCGA-E2-A14X-01 0.49 0.44 0.734809250164 0.3694935
TCGA-A2-A0YK-01 0.3 0.23 0.503747863739 0.1926018
TCGA-PL-A8LZ-01 0.33 0.347243966958158 0.546390755069 0.2762074
TCGA-A7-A0CG-01 0.54 0.38 0.588221007482 0.3388018
TCGA-BH-A18F-01 0.32 0.49 0.695574171235 0.4483117
TCGA-AC-A4ZE-01 0.6 0.626200885432425 0.85753303172 0.6808781
TCGA-A2-A0T3-01 0.656671947898427 0.64 0.898643208156 0.6845456
TCGA-A7-A0D9-01 0.72 0.74 0.871898862992 0.7350947
TCGA-A2-A0T6-01 0.44 0.55 0.54914223811 0.4952368
TCGA-BH-A0BG-01 0.58 0.41 0.706210685377 0.474947316126581
TCGA-D8-A1J8-01 0.6 0.68 0.642890438796 0.555849711532163
TCGA-D8-A1XK-01 0.4 0.49 0.806125167731 0.491363316921527
TCGA-A7-A26I-01 0.575388899747602 0.557959182768938 0.76682478067 0.555670869273888
TCGA-A8-A096-01 0.56 0.62 0.550301615863 0.5814725
TCGA-C8-A12M-01 0.65 0.61 0.87059434256 0.8551092
TCGA-B6-A0I9-01 0.7 0.58 0.851555305103 0.3404252
TCGA-A8-A0A2-01 0.45 0.61 0.738307380217 0.3158665
TCGA-AN-A0XU-01 0.6 0.58 0.849349857803 0.9305966
TCGA-A8-A06Q-01 0.83 0.71 0.933498291215 0.6344167
TCGA-A8-A097-01 0.64 0.5 0.717980243742 0.5781148
TCGA-AO-A0JJ-01 0.32 0.5 0.550363872396 0.5282327
TCGA-3C-AAAU-01 0.78 0.649195619922878 0.91887382811 0.4623303
TCGA-E2-A1IU-01 0.5 0.64 0.836599968741 0.318228
TCGA-A7-A3IY-01 0.35 0.46 0.634120220942 0.3062867
TCGA-A2-A0T5-01 0.38 0.63 0.810778118586 0.6009797
TCGA-D8-A1XO-01 0.49 0.62 0.67640555672 0.6090719
TCGA-BH-A18J-01 0.51 0.51 0.781152830918 0.4816573
TCGA-E2-A10F-01 0.32 0.5 0.609806542582 0.4786227
TCGA-BH-A1EW-01 0.56 0.32 0.733913335896 0.446607632599207
TCGA-A2-A0D4-01 0.574450075674756 0.65 0.905531261729 0.1854719
TCGA-A2-A0EP-01 0.25 0.43 0.288643613703 0.11515977
TCGA-E2-A1LK-01 0.66 0.54 0.906310820127 0.8626206
TCGA-GM-A2DL-01 0.73 0.56 0.673052927652 0.4865766
TCGA-E9-A249-01 0.5 0.53 0.850202157454 0.6971299
TCGA-AR-A5QP-01 0.42 0.22 0.769829714898 0.3370821
TCGA-AC-A3BB-01 0.38 0.28 0.546882434482 0.6460239
TCGA-A8-A07W-01 0.64803567448254 0.59 0.775053217295 0.9134068
TCGA-BH-A0HF-01 0.35 0.34 0.652339364776 0.352117994782423
TCGA-A8-A08S-01 0.72 0.8 0.829653899506 0.7736672
TCGA-LD-A74U-01 0.2 0.35240606480806 0.656287500626 0.2748252
TCGA-A7-A0DB-01 0.39 0.44 0.729572827429 0.4039182
TCGA-A8-A08P-01 0.429824374014021 0.387122617631139 0.578462323804 0.2800482
TCGA-C8-A137-01 0.72 0.72 0.882833536727 0.7511195
TCGA-AR-A254-01 0.55 0.44 0.590952341922 0.4171431
TCGA-S3-AA11-01 0.49 0.605689926221436 0.910535517098 0.6346377
TCGA-S3-AA12-01 0.66 0.706827275728622 0.89569751433 0.9061069
TCGA-OL-A5RX-01 0.57 0.28 0.781421496094 0.3316267
TCGA-E2-A15E-01 0.48 0.35 0.868888187633 0.3825662
TCGA-3C-AALJ-01 0.63 0.555182368476377 0.706364714905 0.577322
TCGA-AR-A1AU-01 0.58 0.51 0.799278697513 0.3705411
TCGA-E2-A15J-01 0.48 0.74 0.880946756372 0.8722798
TCGA-A2-A0SX-01 0.48 0.57 0.579833819254 0.5253868
TCGA-E2-A572-01 0.57 0.66 0.872358344962 0.638289471380997
TCGA-E9-A1N9-01 0.67 0.49 0.804353991998 0.3651169
TCGA-AR-A0U2-01 0.63 0.54 0.845195537323 0.6461181
TCGA-GM-A3NY-01 0.51 0.69 0.809381623363 0.5981094
TCGA-E2-A573-01 0.37 0.29 0.687525910184 0.4135224
TCGA-A8-A09I-01 0.52 0.56 0.710172609173 0.3951487
TCGA-A1-A0SF-01 0.46 0.42 0.721385771341 0.319345
TCGA-BH-A6R8-01 0.63 0.644380489653276 0.778885569071 0.8569754
TCGA-3C-AALI-01 0.5 0.513607408802302 0.735154309035 0.501249426572082
TCGA-GM-A2DC-01 0.62 0.69 0.864278750762 0.5038346
TCGA-W8-A86G-01 0.35 0.460023639961328 0.864966823932 0.2273005
TCGA-D8-A1X5-01 0.49 0.56 0.722191713195 0.3562692
TCGA-AC-A62X-01 0.62 0.65 0.919912964251 0.671008848093218
TCGA-E9-A5FK-01 0.24 0.310880494697467 0.529318456885 0.2511691
TCGA-BH-A0AU-01 0.64 0.44 0.743615587144 0.4609633
TCGA-AC-A3YI-01 0.75 0.49441399932168 0.674351707049 0.2114333
TCGA-LL-A6FP-01 0.83 0.86 0.939301703041 0.825430487124344
TCGA-B6-A408-01 0.67 0.6 0.665186160025 0.3012229
TCGA-E9-A245-01 0.48 0.31 0.885195843997 0.3678643
TCGA-AO-A12B-01 0.691842907614744 0.75 0.882633926101 0.7538868
TCGA-PL-A8LX-01 0.67 0.643855173045255 0.842116698945 0.7004491
TCGA-BH-A0E9-01 0.34 0.27 0.783435349208 0.2807889
TCGA-E2-A14Z-01 0.43 0.59 0.615047265762 0.3976701
TCGA-EW-A1J3-01 0.64 0.71 0.824384223111 0.6533704
TCGA-AC-A5XS-01 0.38 0.3 0.622627371287 0.455337
TCGA-A2-A3XW-01 0.38 0.38909554753977 0.684254253284 0.1733854
TCGA-AO-A12A-01 0.28 0.412590983990252 0.734255176336 0.3175415
TCGA-AQ-A1H2-01 0.79 0.8 0.841403353902 0.6599452
TCGA-E2-A1LA-01 0.42 0.55 0.623801690603 0.5443976
TCGA-A2-A0CQ-01 0.52 0.7 0.795937834052 0.7117444
TCGA-A2-A0T0-01 0.42 0.56 0.775993782924 0.5184063
TCGA-AQ-A54O-01 0.4 0.72 0.804053365371 0.577366552594194
TCGA-A8-A09N-01 0.66 0.66 0.809184866225 0.7506123
TCGA-E9-A1RD-01 0.4 0.62 0.796972519658 0.9311392
TCGA-A2-A0YJ-01 0.69 0.49 0.910331686643 0.8602565
TCGA-AO-A0JE-01 0.5 0.47 0.541206296884 0.4356788
TCGA-OL-A66N-01 0.29 0.37 0.68758616185 0.3515352
TCGA-A8-A07L-01 0.71 0.76 0.859681408728 0.8446292
TCGA-E2-A152-01 0.5 0.4 0.721365408355 0.3034284
TCGA-AN-A0XW-01 0.52 0.55 0.510993948364 0.4338388
TCGA-BH-A0BF-01 0.31 0.43 0.41526045315 0.3897275
TCGA-AC-A23H-01 0.51 0.61 0.85020233182 0.590740809043369
TCGA-AR-A251-01 0.63 0.62 0.830546743345 0.6201116
TCGA-AO-A12E-01 0.61 0.58 0.746116666573 0.4746632
TCGA-A2-A0YC-01 0.5 0.6 0.744977118536 0.6604616
TCGA-A2-A0T7-01 0.7 0.49 0.748140554212 0.4200587
TCGA-EW-A1OY-01 0.628204285566951 0.63 0.840762037756 0.631728850369613
TCGA-GI-A2C8-01 0.52 0.43 0.591960808632 0.3762258
TCGA-WT-AB44-01 0.52 0.571326006687331 0.745670968184 0.7184888
TCGA-BH-A1FM-01 0.85 0.66 0.788688846346 0.6357111
TCGA-E9-A227-01 0.5 0.38 0.654023938753 0.5199306
TCGA-E9-A1RG-01 0.76 0.65 0.766314293645 0.4430865
TCGA-BH-A1EX-01 0.49 0.53 0.67294808231 0.6250283
TCGA-E9-A1R7-01 0.77 0.63 0.908367232115 0.5421445
TCGA-AC-A3W6-01 0.64 0.69 0.538009141251 0.4609861
TCGA-EW-A1IY-01 0.67 0.45 0.588002842361 0.3406026
TCGA-D8-A27H-01 0.85 0.66 0.778001028032 0.7466487
TCGA-A2-A0CM-01 0.41 0.35 0.636843463659 0.2497017
TCGA-A2-A0CS-01 0.59 0.37 0.747562234817 0.6469651
TCGA-BH-A18K-01 0.44 0.56 0.775127848508 0.8516223
TCGA-E2-A1B0-01 0.56 0.31 0.736377257593 0.4302532
TCGA-PE-A5DE-01 0.4 0.43 0.530687761858 0.2697635
TCGA-B6-A0IC-01 0.38 0.84 0.959445967125 0.182413
TCGA-BH-A0W5-01 0.36 0.22 0.546603977756 0.2154042
TCGA-C8-A130-01 0.77 0.5 0.786323965857 0.4041869
TCGA-C8-A12O-01 0.45 0.38 0.66431265585 0.4134386
TCGA-AR-A1AN-01 0.63 0.54 0.692769903351 0.5364747
TCGA-A8-A06Y-01 0.78 0.68 0.928922184514 0.8756957
TCGA-E2-A1AZ-01 0.47 0.48 0.624261337151 0.3975363
TCGA-A8-A086-01 0.74 0.71 0.767572844674 0.665704653997157
TCGA-D8-A27P-01 0.28 0.61 0.856293534756 0.4735221
TCGA-BH-A1ES-06 0.44 0.53 0.916376655903 0.566991409085519
TCGA-AR-A24H-01 0.71 0.67 0.813312651746 0.6657714
TCGA-AR-A0U0-01 0.45 0.4 0.683341548314 0.3025464
TCGA-GM-A3NW-01 0.58 0.48 0.828292295142 0.4501366
TCGA-AC-A2FB-01 0.85 0.53 0.518260677819 0.2499519
TCGA-AR-A1AW-01 0.8 0.420420644145693 0.396919840459 0.2805389
TCGA-BH-AB28-01 0.43 0.500728534755096 0.730309188456 0.536886
TCGA-AR-A256-01 0.71 0.67 0.828814263683 0.667627798437099
TCGA-B6-A0RQ-01 0.26 0.415904212897091 0.879648962812 0.114519
TCGA-AO-A03N-01 0.66 0.66 0.815405067262 0.4804555
TCGA-EW-A1PD-01 0.42 0.56 0.776006167117 0.4435847
TCGA-EW-A1OZ-01 0.5620483847816 0.55 0.738094589155 0.5383287
TCGA-GM-A3XG-01 0.51 0.50192362938072 0.873217304803 0.2065102
TCGA-A1-A0SP-01 0.6 0.6 0.768382962962 0.5146706
TCGA-AR-A24P-01 0.41 0.62 0.742730247959 0.4636602
TCGA-LL-A7T0-01 0.58 0.571789595292206 0.790519020501 0.572641351745314
TCGA-E2-A150-01 0.54 0.44 0.728340927926 0.483181635536143
TCGA-A8-A09V-01 0.41 0.72 0.83450501701 0.864651
TCGA-B6-A0IK-01 0.52 0.52 0.816707371656 0.4857518
TCGA-E9-A1N4-01 0.36 0.64 0.623630872815 0.6891759
TCGA-E2-A15K-06 0.83 0.83 0.925647744666 0.808173741832215
TCGA-EW-A1J1-01 0.66 0.43 0.767674233015 0.6836342
TCGA-BH-A0E6-01 0.39 0.36 0.782382773818 0.3041727
TCGA-A1-A0SM-01 0.7 0.57 0.727881127002 0.6085326
TCGA-GM-A2DB-01 0.31 0.31 0.808857594943 0.2977853
TCGA-B6-A400-01 0.51 0.46 0.737243386743 0.5116481
TCGA-E2-A576-01 0.61 0.77 0.825597207415 0.4557391
TCGA-A8-A08H-01 0.29 0.348331365679069 0.36351439371 0.6346442
TCGA-BH-A0DI-01 0.49 0.35 0.596113315029 0.3105371
TCGA-E9-A1RB-01 0.58 0.57 0.835221898449 0.5056062
TCGA-AN-A0FS-01 0.61 0.62 0.777168548938 0.594590836998096
TCGA-BH-A0BZ-01 0.31 0.31 0.549328429464 0.6751783
TCGA-BH-A0BM-01 0.62 0.62 0.770053989193 0.5819963
TCGA-EW-A6SD-01 0.56 0.50764419440764 0.71758248957 0.4305663
TCGA-A2-A4RX-01 0.32 0.34 0.678961612138 0.3706698
TCGA-GM-A2DA-01 0.79 0.5 0.59700807261 0.4625635
TCGA-C8-A9FZ-01 0.82 0.705151963150367 0.863068717578277 0.7577851
TCGA-A8-A06O-01 0.69 0.56 0.776550699369 0.7699804
TCGA-AR-A24T-01 0.61 0.69 0.6453406799 0.4316763
TCGA-A7-A3J1-01 0.47 0.54 0.603201436833 0.5040134
TCGA-E2-A2P6-01 0.74 0.75 0.807029438083 0.7128452
TCGA-A2-A0T1-01 0.61 0.22 0.485090113066 0.1882879
TCGA-AC-A8OS-01 0.33 0.400875397555588 0.651505012067 0.3418466
TCGA-AC-A23G-01 0.26 0.4 0.5731925973 0.2974491
TCGA-BH-A1FJ-01 0.52 0.83 0.911888051756 0.8724815
TCGA-E2-A15G-01 0.59 0.36 0.862927296828 0.401386
TCGA-BH-A0HK-01 0.52 0.72 0.737167878606 0.7019436
TCGA-C8-A12T-01 0.6 0.66 0.733537749331 0.5074253
TCGA-AC-A2FG-01 0.96 0.54 0.812155875154 0.4710457
TCGA-AC-A2QJ-01 0.45 0.26 0.528540270166 0.2967128
TCGA-A7-A425-01 0.44 0.47 0.695392733041 0.4898492
TCGA-AO-A0JD-01 0.79 0.41 0.86383432284 0.5498115
TCGA-E9-A229-01 0.46 0.58 0.626815232054 0.4512928
TCGA-BH-A1FU-01 0.48 0.24 0.654131681888 0.1498927
TCGA-LL-A73Y-01 0.47 0.588685173209662 0.690214239845 0.9498433
TCGA-BH-A1FE-01 0.54 0.43 0.591808356915 0.3035993
TCGA-AO-A0JC-01 0.33 0.409026411573342 0.367284906046 0.8520933
TCGA-LL-A8F5-01 0.55 0.534781305124154 0.7624778497 0.4897957
TCGA-B6-A0RE-01 0.61 0.54 0.85653391508 0.2436428
TCGA-C8-A134-01 0.8 0.58 0.76231409264 0.633353427570848
TCGA-D8-A1JU-01 0.49 0.4 0.567858421258 0.2843471
TCGA-E9-A1R5-01 0.43 0.67 0.806868785647 0.4563761
TCGA-E9-A226-01 0.69 0.59 0.795248759983 0.2516532
TCGA-D8-A1JE-01 0.46 0.48 0.645932498068 0.449893
TCGA-E9-A1RE-01 0.65 0.72 0.884653029199 0.9740679
TCGA-UL-AAZ6-01 0.62 0.640482879708407 0.895744702906 0.656930824465558
TCGA-D8-A1XF-01 0.76 0.68 0.927694112135 0.730163637411805
TCGA-AN-A0FL-01 0.87 0.85 0.905216777177 0.9116481
TCGA-AN-A0AS-01 0.56 0.5 0.704365998421 0.7686306
TCGA-EW-A1PC-01 0.57 0.69 0.898610091309 0.5477499
TCGA-BH-A1F8-01 0.62 0.57 0.821073668129 0.6958243
TCGA-OL-A5RY-01 0.3 0.280031701191869 0.473612655468 0.1322968
TCGA-D8-A13Y-01 0.84 0.85 0.958944839586 0.507871
TCGA-AR-A1AY-01 0.6 0.73 0.861789482702 0.7555696
TCGA-C8-A274-01 0.61 0.67 0.881079573124 0.5337822
TCGA-E9-A243-01 0.45 0.23 0.421901360434 0.2664038
TCGA-AC-A62V-01 0.52 0.65 0.805636742899 0.5315107
TCGA-BH-A0HU-01 0.62 0.76 0.86978331385 0.6917396
TCGA-AC-A3W7-01 0.43 0.58 0.786807398264 0.4165475
TCGA-C8-A8HR-01 0.32 0.339595106959773 0.561414424005 0.2290251
TCGA-AR-A1AI-01 0.37 0.38 0.722807776678 0.3470227
TCGA-E9-A1NH-01 0.45 0.63 0.681079380663 0.6784968
TCGA-E2-A1LL-01 0.51 0.41 0.890861105844 0.4190431
TCGA-E9-A22G-01 0.82 0.82 0.90506898391 0.6240256
TCGA-BH-A0B8-01 0.87 0.77 0.834187196368 0.758535808337723
TCGA-OL-A66H-01 0.48 0.49 0.666820499857 0.4711358
TCGA-A7-A3RF-01 0.49 0.74 0.897350152256 0.4988602
TCGA-AC-A2BK-01 0.83 0.67 0.963901174144 0.764310868979591
TCGA-D8-A27E-01 0.61 0.38 0.832363088085 0.6558245
TCGA-B6-A1KF-01 0.87 0.74 0.916757879039 0.6591641
TCGA-E9-A1N5-01 0.47 0.43 0.649644109088 0.3996209
TCGA-OL-A5RZ-01 0.65 0.64 0.899626989964 0.3539478
TCGA-A8-A08F-01 0.57854544851525 0.57 0.63889217256 0.76953
TCGA-E2-A1LE-01 0.55 0.51 0.586896224209 0.552041
TCGA-A8-A09C-01 0.58 0.75 0.86236163701 0.6215831
TCGA-A7-A13G-01 0.87 0.81 0.874201666863 0.8522729
TCGA-E2-A109-01 0.94 0.69 0.813020563004 0.6880791
TCGA-D8-A1JC-01 0.7 0.69 0.742938309105 0.6649759
TCGA-A2-A25B-01 0.531444582254442 0.49 0.748043188819 0.4327746
TCGA-D8-A141-01 0.34 0.24 0.456022408273 0.2890802
TCGA-BH-A0DX-01 0.42 0.24 0.610129650923 0.3740511
TCGA-AO-A03O-01 0.602576814539788 0.65 0.792372155372 0.5358813
TCGA-AO-A0J6-01 0.86 0.48 0.798204500079 0.70991
TCGA-BH-A0E7-01 0.76 0.76 0.882592730656 0.730621
TCGA-A8-A07B-01 0.614075642495576 0.63 0.785905641971 0.6418543
TCGA-E2-A14S-01 0.72 0.73 0.76871919388 0.6831169
TCGA-E2-A1L9-01 0.55 0.61 0.641990382969 0.6965258
TCGA-AO-A0J9-01 0.45 0.42 0.537820797273 0.6253016
TCGA-E2-A1IJ-01 0.46 0.39 0.550222394007 0.3327706
TCGA-EW-A2FS-01 0.71 0.55 0.776891782816 0.252858
TCGA-D8-A1XV-01 0.38 0.623880228269962 0.916507859589 0.8405446
TCGA-B6-A0WX-01 0.43 0.35 0.676898820728 0.4014265
TCGA-A2-A3XT-01 0.43 0.35 0.678925510661 0.4135379
TCGA-B6-A0X5-01 0.7 0.85 0.897994534943 0.9211718
TCGA-AR-A24R-01 0.62 0.51 0.76739547785 0.5685084
TCGA-E9-A1ND-01 0.49 0.36 0.573244748961 0.3786983
TCGA-E2-A10C-01 0.49 0.44 0.721186198755 0.4293179
TCGA-A8-A09W-01 0.69 0.71 0.738632815355 0.6579286
TCGA-BH-A1FN-01 0.71 0.57 0.813841180827 0.8375404
TCGA-GM-A5PV-01 0.41 0.56 0.847232213387 0.6282668
TCGA-BH-A0HY-01 0.56 0.64 0.847974455047 0.5676031
TCGA-A7-A6VV-01 0.59 0.548093125428875 0.684087924782 0.6314085
TCGA-A2-A1G1-01 0.5 0.27 0.635901655217 0.3118702
TCGA-E2-A1IG-01 0.7 0.72 0.753483244476 0.7342482
TCGA-BH-A203-01 0.52 0.37 0.731820513544 0.362098
TCGA-OL-A6VQ-01 0.32 0.381362037461267 0.712682930239 0.1644763
TCGA-E9-A1NG-01 0.65 0.21 0.537680501928 0.2110464
TCGA-D8-A1JG-01 0.46 0.44 0.662994373817 0.2488915
TCGA-E2-A14P-01 0.5 0.46 0.829365830435 0.9392599
TCGA-BH-A0H3-01 0.43 0.51 0.686351563104 0.5432055
TCGA-B6-A0RT-01 0.33 0.264146148806053 0.4190041901 0.1153777
TCGA-GM-A2DM-01 0.62 0.72 0.819295413233 0.6142325
TCGA-AN-A0XT-01 0.65 0.61 0.848934049968 0.8011066
TCGA-A7-A0CH-01 0.44 0.76 0.825512034628 0.7582771
TCGA-AC-A3EH-01 0.63 0.64 0.806176422736 0.6002481
TCGA-A8-A082-01 0.56 0.76 0.800529575633 0.7180663
TCGA-AR-A0TS-01 0.35 0.21 0.581565824066 0.5233791
TCGA-A2-A4RW-01 0.47 0.49 0.749134215148 0.4457506
TCGA-D8-A1X9-01 0.66 0.74 0.708838541352 0.6072313
TCGA-A2-A04V-01 0.75 0.79 0.744751664155 0.7981775
TCGA-E2-A1BD-01 0.48 0.66 0.815798387305 0.880973
TCGA-AC-A2FF-01 0.38 0.44 0.541686795944 0.2103813
TCGA-B6-A402-01 0.73 0.56 0.897919646978 0.532699
TCGA-E2-A14R-01 0.77 0.73 0.762529821065 0.680598114600821
TCGA-B6-A0WT-01 0.41 0.66 0.80501685198 0.6660478
TCGA-BH-A18M-01 0.44 0.37 0.714291559798 0.3750727
TCGA-A2-A0ER-01 0.657477510779841 0.73 0.85286644111 0.6348033
TCGA-A8-A06N-01 0.79 0.77 0.963693656208 0.6096133
TCGA-GM-A2DI-01 0.28 0.270650197855259 0.424390148156 0.1965984
TCGA-A1-A0SJ-01 0.58 0.6 0.785914737432 0.3473279
TCGA-BH-A0EE-01 0.43 0.44 0.872797399671 0.5381951
TCGA-E2-A15D-01 0.37 0.46 0.77314240216 0.3407749
TCGA-BH-A0DD-01 0.58 0.82 0.848480081323 0.5198616
TCGA-E9-A1QZ-01 0.41 0.388397019899184 0.598338351419 0.2768308
TCGA-AO-A125-01 0.6 0.88 0.955027464557 0.9695349
TCGA-AR-A2LQ-01 0.3 0.26 0.605860061638 0.168921
TCGA-E2-A1B5-01 0.38 0.28 0.490108791473 0.1686208
TCGA-B6-A0RV-01 0.62 0.46 0.7731354415 0.4152102
TCGA-AQ-A04H-01 0.79 0.73 0.877716862095 0.736904108688774
TCGA-C8-A3M8-01 0.55 0.64 0.85291440233 0.5706901
TCGA-A2-A04U-01 0.78 0.71 0.874534819456 0.724792729372771
TCGA-C8-A3M7-01 0.3 0.4 0.728269910217 0.374394
TCGA-BH-A0B5-01 0.62 0.5 0.733819316826 0.4920538
TCGA-BH-A0E2-01 0.62 0.69 0.758525792594 0.7044498
TCGA-A7-A0CD-01 0.84 0.78 0.869891648959 0.7291461
TCGA-C8-A1HO-01 0.73 0.78 0.872786333068 0.7674173
TCGA-A7-A56D-01 0.43 0.43 0.67681748027 0.3885068
TCGA-A7-A26E-01 0.47 0.64 0.70888132265 0.5984179
TCGA-BH-A0C7-01 0.43 0.41 0.809705065557 0.6982626
TCGA-BH-A0DZ-01 0.6 0.49 0.63394862318 0.5989084
TCGA-BH-A18R-01 0.54 0.53 0.843127626766 0.5134263
TCGA-BH-A18Q-01 0.68 0.66 0.784040257002 0.634906996909346
TCGA-BH-A0AZ-01 0.32 0.5 0.622976399597 0.49311
TCGA-E9-A3Q9-01 0.31 0.91 0.725720909766 0.6017354
TCGA-BH-A1FG-01 0.67 0.78 0.844388221788 0.3885595
TCGA-BH-A1F5-01 0.55 0.69 0.867262180906 0.7871015
TCGA-EW-A1P8-01 0.96 0.68 0.710914289461 0.931083
TCGA-BH-A42U-01 0.33 0.373650378470123 0.658589062077 0.2077982
TCGA-D8-A1XY-01 0.44 0.43 0.743910828521 0.1938945
TCGA-E2-A14U-01 0.38 0.22 0.893127994451 0.3077602
TCGA-E2-A1L6-01 0.3 0.35 0.78114716665 0.2385513
TCGA-S3-AA14-01 0.73 0.599893085400463 0.794650196383 0.5089662
TCGA-A7-A13F-01 0.65 0.66 0.824032365797 0.5344882
TCGA-BH-A208-01 0.49 0.31 0.566075733004 0.3811449
TCGA-B6-A0RH-01 0.84 0.62 0.772299063709 0.6227618
TCGA-B6-A0RS-01 0.44 0.47 0.727479759173 0.462396670682881
TCGA-C8-A12Y-01 0.65 0.51 0.789908174817 0.6131149
TCGA-C8-A12Z-01 0.65603919388365 0.67 0.875554023799 0.6758282
TCGA-E2-A1LI-01 0.35 0.34 0.804363551061 0.3119754
TCGA-LD-A7W6-01 0.57 0.577892067546571 0.799243351496 0.5977011
TCGA-A8-A06R-01 0.55607715546256 0.51 0.66043468605 0.6914638
TCGA-EW-A1P4-01 0.48 0.43 0.709349994628 0.5493928
TCGA-E2-A108-01 0.22 0.26 0.548344256714854 0.1507983
TCGA-AN-A041-01 0.52 0.58 0.76792839324 0.4301707
TCGA-HN-A2NL-01 0.82 0.82 0.859359712219 0.5695252
TCGA-A8-A0A7-01 0.65 0.355055084801123 0.385032138581 0.1898294
TCGA-D8-A1JH-01 0.49 0.480281940058753 0.649659036095 0.5062899
TCGA-BH-A0B1-01 0.54 0.59 0.780707798303 0.562568254392823
TCGA-D8-A13Z-01 0.79 0.33 0.695165874397 0.9794655
TCGA-AR-A24S-01 0.49 0.47 0.551231215593 0.3912286
TCGA-E9-A22A-01 0.48 0.44 0.527416070128 0.3641741
TCGA-AC-A2FM-01 0.77 0.65 0.887685773756 0.5565139
TCGA-A2-A04P-01 0.55 0.54 0.716846209079 0.519154398956463
TCGA-D8-A1JB-01 0.36 0.28 0.603152846993 0.1797013
TCGA-A7-A0DA-01 0.49 0.5 0.817012045286 0.3935532
TCGA-E2-A15C-01 0.55 0.64 0.775066135234 0.6604483
