abscnseq ascat estimate purbayes
TCGA-D7-5577-01 0.4311670694114 0.591600633333333 0.346461833333333 0.469740064195407
TCGA-CD-8528-01 0.520270850424683 0.415976153308537 0.543720333333333 0.483055866666667
TCGA-CD-8529-01 0.198697433333333 0.167933926666667 0.238538133333333 0.239892766666667
TCGA-BR-6457-01 0.369326199113262 0.309163222217785 0.248067833333333 0.217945966666667
TCGA-HU-A4HD-01 0.5734927 0.516724233333333 0.658121875675812 0.566520786509669
TCGA-R5-A7ZR-01 0.587305766666667 0.628129982261246 0.716642366666667 0.6511772
TCGA-BR-8682-01 0.4311670694114 0.232509666666667 0.381336990649429 0.400030966666667
TCGA-BR-8297-01 0.394919827729752 0.286465476190956 0.438328956905648 0.578487240519871
TCGA-CD-5803-01 0.327139 0.273241800833968 0.184249955456468 0.259318481125785
TCGA-BR-7722-01 0.381336990649429 0.714424107209609 0.489612681128084 0.686760533333333
TCGA-KB-A6F7-01 0.442164366666667 0.523664545591674 0.523664545591674 0.5984942
TCGA-RD-A7BT-01 0.4311670694114 0.521225713163096 0.7032144 0.474219888689885
TCGA-BR-A4J9-01 0.167933926666667 0.3205065 0.3857947 0.237648166666667
TCGA-BR-4253-01 0.686760533333333 0.373172119990785 0.2328804 0.420641966666667
TCGA-IN-A7NU-01 0.654697666666667 0.523210003847486 0.421096133333333 0.483526238507379
TCGA-CG-4442-01 0.304673033333333 0.861204866666667 0.591600633333333 0.589000208984567
TCGA-D7-8570-01 0.381336990649429 0.273241800833968 0.2277826 0.328463166666667
TCGA-IP-7968-01 0.716121859301796 0.769522166666667 0.444929927825577 0.626086674449517
TCGA-VQ-A923-01 0.3550088 0.381336990649429 0.337275568444348 0.424388358676955
TCGA-BR-7196-01 0.203762733333333 0.261179202856356 0.247780471630178 0.239245866666667
TCGA-HU-8610-01 0.327139 0.286465476190956 0.329033445742734 0.2954082
TCGA-CG-4474-01 0.2179042 0.208538766666667 0.28099315360798 0.403899733333333
TCGA-D7-A4YY-01 0.747018166666667 0.740712 0.389771194407171 0.6324717
TCGA-BR-8590-01 0.31562 0.232509666666667 0.287241233333333 0.248067833333333
TCGA-HU-8238-01 0.596360224705589 0.4971003 0.483172356991332 0.501622033333333
TCGA-VQ-A8DZ-01 0.686760533333333 0.717713345742437 0.6360233 0.907669266666667
TCGA-VQ-AA6B-01 0.520270850424683 0.694814862334763 0.760310166666667 0.935043266666667
TCGA-HU-A4GX-01 0.304673033333333 0.4654066368486 0.4630404939206 0.438121788356657
TCGA-VQ-A8PP-01 0.290980446443709 0.42358931174033 0.506386433333333 0.433217582240036
TCGA-BR-6802-01 0.2798162 0.167933926666667 0.399012566666667 0.31657772883271
TCGA-FP-7735-01 0.8494607 0.483055866666667 0.451883377180586 0.765784866666667
TCGA-D7-A6F0-01 0.707109874728818 0.543720333333333 0.569890383595216 0.602799424422542
TCGA-F1-A448-01 0.167933926666667 0.285936641782678 0.31562 0.256608733333333
TCGA-HU-A4H3-01 0.4971003 0.483055866666667 0.6257191 0.530452757715869
TCGA-BR-8677-01 0.327139 0.286465476190956 0.275280166666667 0.2480545
TCGA-HU-A4G8-01 0.290980446443709 0.501622033333333 0.527086974121623 0.458279505286748
TCGA-BR-4279-01 0.686760533333333 0.1759729 0.188010066666667 0.3629398
TCGA-BR-A4J2-01 0.468964933333333 0.187472333333333 0.232560133333333 0.2277826
TCGA-BR-6709-01 0.506386433333333 0.300018933333333 0.2179042 0.337275568444348
TCGA-VQ-A8PJ-01 0.506386433333333 0.576164850700229 0.788630766666667 0.590637103535577
TCGA-BR-A4QM-01 0.327139 0.415976153308537 0.398107595763465 0.444929927825577
TCGA-VQ-A92D-01 0.617757045336306 0.612785965951549 0.7357471 0.598539533333333
TCGA-F1-6177-01 0.6734472 0.897448266666667 0.6830573 0.702861442121174
TCGA-BR-6455-01 0.456297863218392 0.682958559465532 0.41484762600372 0.527086974121623
TCGA-VQ-A91Q-01 0.6404215 0.577964107289084 0.617757045336306 0.561775333333333
TCGA-BR-4255-01 0.506386433333333 0.382976782829687 0.2733278 0.389108551262586
TCGA-CD-5799-01 0.596360224705589 0.483055866666667 0.590637103535577 0.822714233333333
TCGA-BR-A4IU-01 0.167933926666667 0.271599077023363 0.273467 0.269184533333333
TCGA-D7-6526-01 0.5734927 0.58262252278605 0.697331766666667 0.389771194407171
TCGA-BR-8291-01 0.4311670694114 0.1759729 0.227803666666667 0.3447029
TCGA-BR-8683-01 0.403899733333333 0.263167666666667 0.443260960437875 0.329033445742734
TCGA-BR-4188-01 0.707109874728818 0.309163222217785 0.42358931174033 0.3857947
TCGA-VQ-A8P2-01 0.369326199113262 0.528961036849376 0.822714233333333 0.544026391350813
TCGA-BR-8364-01 0.2562864 0.284022541402064 0.244477870454853 0.293598084438717
TCGA-BR-A4CQ-01 0.7302953 0.722376133333333 0.669495099496661 0.658121875675812
TCGA-B7-A5TJ-01 0.816229133333333 0.649072533333333 0.673600387754361 0.576164850700229
TCGA-VQ-A8PQ-01 0.2562864 0.244477870454853 0.205945751740015 0.191196866666667
TCGA-BR-8060-01 0.679180424951345 0.4971003 0.363354907057349 0.511338178374519
TCGA-CD-8533-01 0.560513933333333 0.6969254 0.791637866666667 0.489054666666667
TCGA-BR-6565-01 0.456297863218392 0.4352986 0.382976782829687 0.300413666666667
TCGA-3M-AB47-01 0.2562864 0.348237500242167 0.32950035923173 0.386932266666667
TCGA-BR-8368-01 0.654697666666667 0.501622033333333 0.663107343165469 0.58262252278605
TCGA-HU-A4GC-01 0.4311670694114 0.273241800833968 0.552924133333333 0.3221912
TCGA-BR-8372-01 0.344696933333333 0.4352986 0.3988425 0.415534540598865
TCGA-B7-5818-01 0.716121859301796 0.783223366666667 0.408901633299904 0.612085738249991
TCGA-HU-A4H2-01 0.412772117374787 0.3988425 0.555390333333333 0.404730766666667
TCGA-IN-A6RL-01 0.419697081555685 0.384046693643098 0.649072533333333 0.64325212415285
TCGA-D7-A6F2-01 0.609576690262956 0.617757045336306 0.438736866666667 0.679180424951345
TCGA-CG-4460-01 0.802360733333333 0.591600633333333 0.596987773369956 0.644132181344088
TCGA-BR-8686-01 0.5482295 0.376601653770685 0.285936641782678 0.304673033333333
TCGA-ZQ-A9CR-01 0.412772117374787 0.37280231807311 0.3229785 0.369326199113262
TCGA-CG-5720-01 0.419697081555685 0.6969254 0.362990012376385 0.5686035
TCGA-R5-A7ZF-01 0.381336990649429 0.464411040634275 0.825866954392849 0.3104121
TCGA-VQ-A8E7-01 0.873565533333333 0.72129510192238 0.682958559465532 0.637087566666667
TCGA-D7-6528-01 0.924337533333333 0.552924133333333 0.724521666666667 0.716642366666667
TCGA-D7-6527-01 0.520270850424683 0.384046693643098 0.5483586 0.482716834265748
TCGA-FP-8209-01 0.243626533333333 0.361234959240768 0.176346666666667 0.327139
TCGA-BR-7704-01 0.4875513 0.415976153308537 0.345157566666667 0.645092456063067
TCGA-BR-4366-01 0.716121859301796 0.617757045336306 0.5261063 0.7032144
TCGA-RD-A8N1-01 0.520270850424683 0.37203521021469 0.273241800833968 0.337358360430107
TCGA-IN-A6RI-01 0.686760533333333 0.740712 0.819988366666667 0.654697666666667
TCGA-VQ-A8PO-01 0.3550088 0.413842365424767 0.419697081555685 0.419697081555685
TCGA-VQ-A8P3-01 0.2798162 0.458829424257543 0.537986 0.512077086147652
TCGA-BR-6452-01 0.224771430605218 0.263167666666667 0.442164366666667 0.346289554944028
TCGA-IN-A7NR-01 0.31562 0.371544648203418 0.5372813 0.227803666666667
TCGA-KB-A93H-01 0.755579933333333 0.709348320242863 0.770696466666667 0.669286572930138
TCGA-BR-6801-01 0.654697666666667 0.591600633333333 0.537815619054169 0.596848566990568
TCGA-B7-A5TI-01 0.456297863218392 0.591600633333333 0.468964933333333 0.523210003847486
TCGA-CG-5716-01 0.266964233333333 0.408112493491561 0.476958656498554 0.413842365424767
TCGA-IN-A6RP-01 0.4875513 0.405425186525921 0.387378701673577 0.32950035923173
TCGA-D7-A6EY-01 0.203762733333333 0.208538766666667 0.327139 0.285936641782678
TCGA-BR-4361-01 0.412772117374787 0.682958559465532 0.300018933333333 0.4654066368486
TCGA-BR-8381-01 0.167933926666667 0.384046693643098 0.238893166666667 0.263451666666667
TCGA-HU-A4GU-01 0.686760533333333 0.6969254 0.702861442121174 0.507432233333333
TCGA-VQ-A94U-01 0.6404215 0.680876264889443 0.566520786509669 0.795102966666667
TCGA-D7-6519-01 0.702861442121174 0.714424107209609 0.603844028874517 0.6969254
TCGA-D7-A4YU-01 0.304673033333333 0.449439233333333 0.2954082 0.41445758841626
TCGA-CD-5813-01 0.217060095822546 0.205945751740015 0.180001266666667 0.191064008766305
TCGA-CG-5726-01 0.560513933333333 0.604031235835314 0.769522166666667 0.612785965951549
TCGA-ZA-A8F6-01 0.520270850424683 0.408901633299904 0.351193738256484 0.335754672069989
TCGA-VQ-A91A-01 0.4311670694114 0.390947538541637 0.335075984199163 0.399012566666667
TCGA-IN-A6RR-01 0.861204866666667 0.783223366666667 0.680876264889443 0.716121859301796
TCGA-VQ-A8PS-01 0.816229133333333 0.644132181344088 0.612785965951549 0.541030600885428
TCGA-CG-4438-01 0.609576690262956 0.649072533333333 0.400030966666667 0.8344616
TCGA-HU-A4H6-01 0.2562864 0.187472333333333 0.438121788356657 0.260590678756219
TCGA-HU-8249-01 0.617757045336306 0.682958559465532 0.573811733333333 0.617757045336306
TCGA-VQ-A8PZ-01 0.3550088 0.337275568444348 0.328463166666667 0.274537033333333
TCGA-CD-A489-01 0.394919827729752 0.4654066368486 0.369326199113262 0.802360733333333
TCGA-R5-A805-01 0.468964933333333 0.509025796088729 0.290980446443709 0.756862730831075
TCGA-IN-7806-01 0.468964933333333 0.6324717 0.716121859301796 0.569890383595216
TCGA-VQ-A8DU-01 0.755579933333333 0.612085738249991 0.589000208984567 0.563783066666667
TCGA-RD-A7BS-01 0.468964933333333 0.232509666666667 0.403899733333333 0.263167666666667
TCGA-BR-6705-01 0.506386433333333 0.335754672069989 0.273570233333333 0.205945751740015
TCGA-BR-8080-01 0.31562 0.293353335231249 0.2480545 0.267477833333333
TCGA-BR-A44T-01 0.679180424951345 0.335075984199163 0.208538766666667 0.180001266666667
TCGA-BR-8678-01 0.702861442121174 0.649072533333333 0.667376166666667 0.755579933333333
TCGA-CG-5734-01 0.442164366666667 0.300018933333333 0.297004625206085 0.208538766666667
TCGA-BR-4292-01 0.602799424422542 0.722376133333333 0.4692762 0.596360224705589
TCGA-CD-A4MI-01 0.198697433333333 0.4352986 0.203762733333333 0.297004625206085
TCGA-BR-4363-01 0.4971003 0.667376166666667 0.307651745553784 0.48867781121507
TCGA-BR-8362-01 0.520270850424683 0.415976153308537 0.373464066666667 0.447086342987831
TCGA-HU-A4G2-01 0.381336990649429 0.449439233333333 0.483526238507379 0.924337533333333
TCGA-D7-8575-01 0.873565533333333 0.591600633333333 0.452428799639826 0.561433466666667
TCGA-CG-4437-01 0.3550088 0.309163222217785 0.339101919090608 0.830623533333333
TCGA-CG-5719-01 0.237648166666667 0.426942266666667 0.305089966666667 0.37280231807311
TCGA-BR-6710-01 0.290980446443709 0.263167666666667 0.596848566990568 0.6895472
TCGA-BR-A4IY-01 0.381336990649429 0.309163222217785 0.287263455222907 0.311133066666667
TCGA-HU-8608-01 0.412772117374787 0.351193738256484 0.256608733333333 0.383197396809136
TCGA-VQ-A8PX-01 0.369326199113262 0.4630404939206 0.714424107209609 0.357111449928671
TCGA-RD-A8N4-01 0.304673033333333 0.370107286824624 0.384046693643098 0.384046693643098
TCGA-CG-4301-01 0.394919827729752 0.384046693643098 0.373457833333333 0.327962166666667
TCGA-HU-A4GJ-01 0.783223366666667 0.2516717 0.226042366666667 0.399340753255668
TCGA-BR-A4QI-01 0.560513933333333 0.501622033333333 0.587305766666667 0.719103449502824
TCGA-CG-5723-01 0.327139 0.501622033333333 0.350158454770729 0.415976153308537
TCGA-HU-8243-01 0.560513933333333 0.3988425 0.68191043876758 0.420289733333333
TCGA-D7-6521-01 0.394919827729752 0.340556066666667 0.269184533333333 0.247370633333333
TCGA-BR-4371-01 0.327139 0.53316949745248 0.617955666666667 0.722376133333333
TCGA-VQ-A8E0-01 0.5482295 0.513143323287318 0.62685789093422 0.407575414432333
TCGA-BR-8363-01 0.403899733333333 0.2952413 0.293353335231249 0.351193738256484
TCGA-CD-8526-01 0.403899733333333 0.232509666666667 0.5075872 0.300018933333333
TCGA-CG-5724-01 0.679180424951345 0.591600633333333 0.4697162 0.819988366666667
TCGA-BR-8486-01 0.654697666666667 0.58262252278605 0.415976153308537 0.788630766666667
TCGA-HU-8244-01 0.560513933333333 0.924337533333333 0.893808466666667 0.740712
TCGA-BR-A4J7-01 0.2798162 0.407575414432333 0.2330671 0.694814862334763
TCGA-BR-6852-01 0.167933926666667 0.309163222217785 0.2516717 0.286465476190956
TCGA-HF-7132-01 0.290980446443709 0.373172119990785 0.3447029 0.37203521021469
TCGA-BR-8296-01 0.266964233333333 0.232509666666667 0.373938366666667 0.2872825
TCGA-VQ-A925-01 0.596360224705589 0.579028786708908 0.719103449502824 0.555031433333333
TCGA-BR-4187-01 0.5372813 0.167933926666667 0.1759729 0.2562864
TCGA-BR-8485-01 0.344696933333333 0.501622033333333 0.431256307850795 0.497965166666667
TCGA-IN-8462-01 0.6404215 0.501622033333333 0.512077086147652 0.458829424257543
TCGA-VQ-A8PT-01 0.369326199113262 0.389324085724788 0.383197396809136 0.399667327305319
TCGA-SW-A7EA-01 0.304673033333333 0.476958656498554 0.516724233333333 0.579028786708908
TCGA-R5-A7O7-01 0.480984870940394 0.458279505286748 0.507432233333333 0.373464066666667
TCGA-BR-A4J4-01 0.243626533333333 0.3988425 0.456297863218392 0.443260960437875
TCGA-F1-6874-01 0.31562 0.351193738256484 0.404421033333333 0.386640498549993
TCGA-CD-8536-01 0.266964233333333 0.300018933333333 0.426942266666667 0.371544648203418
TCGA-CD-8535-01 0.783223366666667 0.819988366666667 0.776458233333333 0.717713345742437
TCGA-VQ-A8DV-01 0.560513933333333 0.605809155906888 0.853124266666667 0.591600633333333
TCGA-HU-A4G3-01 0.224771430605218 0.351193738256484 0.6404215 0.330326583500092
TCGA-CG-4443-01 0.830623533333333 0.893808466666667 0.6895472 0.700073282785488
TCGA-D7-A4Z0-01 0.381336990649429 0.2516717 0.348237500242167 0.3229785
TCGA-VQ-A94R-01 0.830623533333333 0.642400974532477 0.452407166666667 0.62685789093422
TCGA-CG-4436-01 0.569890383595216 0.591600633333333 0.5482295 0.5835789
TCGA-IN-A6RO-01 0.7302953 0.707264306738058 0.795102966666667 0.666732845629222
TCGA-VQ-AA6G-01 0.853124266666667 0.68191043876758 0.707109874728818 0.5487053
TCGA-HU-8604-01 0.344696933333333 0.208538766666667 0.263451666666667 0.335075984199163
TCGA-VQ-A8E2-01 0.31562 0.424388358676955 0.5487053 0.382976782829687
TCGA-BR-4369-01 0.5734927 0.309163222217785 0.4352986 0.568364633333333
TCGA-D7-5579-01 0.403899733333333 0.232509666666667 0.311133066666667 0.2952413
TCGA-CG-4469-01 0.679180424951345 0.861204866666667 0.48867781121507 0.6734472
TCGA-VQ-A8PD-01 0.344696933333333 0.297004625206085 0.280167333333333 0.2114635
TCGA-KB-A93G-01 0.716121859301796 0.371622700936086 0.243626533333333 0.1899179
TCGA-HU-A4H8-01 0.369326199113262 0.722376133333333 0.755579933333333 0.582991686147179
TCGA-BR-A4J1-01 0.907669266666667 0.682958559465532 0.834713566666667 0.707264306738058
TCGA-BR-8371-01 0.369326199113262 0.300018933333333 0.359257159010147 0.188010066666667
TCGA-VQ-AA6K-01 0.506386433333333 0.566520786509669 0.530452757715869 0.697331766666667
TCGA-BR-4294-01 0.893808466666667 0.795102966666667 0.720278192544689 0.75610394670315
TCGA-BR-8487-01 0.394919827729752 0.795102966666667 0.490066165954577 0.562251908897186
TCGA-EQ-5647-01 0.830623533333333 0.53316949745248 0.700073282785488 0.788981933333333
TCGA-BR-6454-01 0.480984870940394 0.300018933333333 0.385651333333333 0.412772117374787
TCGA-BR-A4J6-01 0.596360224705589 0.58262252278605 0.553059066666667 0.552924133333333
TCGA-CD-5800-01 0.442164366666667 0.3988425 0.679180424951345 0.311948166666667
TCGA-BR-4257-01 0.381336990649429 0.543720333333333 0.300857566666667 0.5734927
TCGA-CG-4444-01 0.654697666666667 0.4352986 0.394919827729752 0.444619498976359
TCGA-D7-A74B-01 0.419697081555685 0.30861721518333 0.3115331 0.167933926666667
TCGA-RD-A8MW-01 0.419697081555685 0.32950035923173 0.263167666666667 0.293353335231249
TCGA-RD-A8N9-01 0.412772117374787 0.357111449928671 0.260590678756219 0.385157233333333
TCGA-VQ-A94P-01 0.167933926666667 0.259318481125785 0.2872825 0.187472333333333
TCGA-B7-A5TN-01 0.5372813 0.516724233333333 0.456980033333333 0.42358931174033
TCGA-BR-A452-01 0.4971003 0.351193738256484 0.747182445153475 0.538382595022495
TCGA-VQ-A8PB-01 0.369326199113262 0.490066165954577 0.5873694 0.476958656498554
TCGA-CG-4477-01 0.344696933333333 0.273241800833968 0.3104121 0.3988425
TCGA-CD-8530-01 0.5734927 0.340556066666667 0.344696933333333 0.371622700936086
TCGA-BR-8360-01 0.442164366666667 0.543720333333333 0.445861368282228 0.489612681128084
TCGA-D7-A74A-01 0.816229133333333 0.8770905 0.694814862334763 0.4971003
TCGA-VQ-A91U-01 0.5734927 0.645092456063067 0.520270850424683 0.897448266666667
TCGA-VQ-A91V-01 0.7302953 0.719103449502824 0.816229133333333 0.714424107209609
TCGA-CD-8524-01 0.381336990649429 0.286465476190956 0.420641966666667 0.385651333333333
TCGA-BR-4368-01 0.237648166666667 0.649072533333333 0.346289554944028 0.436730988412295
TCGA-BR-8369-01 0.4875513 0.208538766666667 0.579028786708908 0.261179202856356
TCGA-BR-7197-01 0.596360224705589 0.6324717 0.707264306738058 0.528961036849376
TCGA-FP-A4BE-01 0.3550088 0.53316949745248 0.412772117374787 0.452428799639826
TCGA-CG-5730-01 0.7302953 0.783223366666667 0.697434138370383 0.673600387754361
TCGA-VQ-A8PE-01 0.419697081555685 0.531593891296567 0.560513933333333 0.6404215
TCGA-BR-6456-01 0.327139 0.4352986 0.337358360430107 0.421096133333333
TCGA-FP-7998-01 0.290980446443709 0.2516717 0.1899179 0.2474186
TCGA-BR-8058-01 0.304673033333333 0.286465476190956 0.224771430605218 0.273467
TCGA-VQ-A91K-01 0.456297863218392 0.475744903316944 0.4654066368486 0.472179176812629
TCGA-CG-5717-01 0.203762733333333 0.369326199113262 0.447086342987831 0.376601653770685
TCGA-CD-A486-01 0.617757045336306 0.543720333333333 0.4971003 0.6830573
TCGA-SW-A7EB-01 0.381336990649429 0.41484762600372 0.562251908897186 0.2798162
TCGA-BR-7723-01 0.4971003 0.516724233333333 0.497965166666667 0.389324085724788
TCGA-BR-7715-01 0.609576690262956 0.965803733333333 0.577964107289084 0.720278192544689
TCGA-VQ-A94O-01 0.5372813 0.674319327917385 0.6511772 0.965803733333333
TCGA-3M-AB46-01 0.716121859301796 0.64325212415285 0.626086674449517 0.6257191
TCGA-BR-A4CS-01 0.419697081555685 0.3988425 0.472010265482176 0.346461833333333
TCGA-CD-5798-01 0.203762733333333 0.226042366666667 0.3221912 0.243626533333333
TCGA-D7-A6ET-01 0.6360233 0.663107343165469 0.645092456063067 0.737056233333333
TCGA-VQ-AA64-01 0.4311670694114 0.499572068613553 0.551559858789309 0.507006166666667
TCGA-HU-A4H5-01 0.602799424422542 0.53316949745248 0.6734472 0.499572068613553
TCGA-CD-A4MG-01 0.344696933333333 0.58262252278605 0.41445758841626 0.4630404939206
TCGA-MX-A666-01 0.419697081555685 0.4352986 0.674319327917385 0.5022614
TCGA-RD-A8N6-01 0.4971003 0.645597886007964 0.641629384947391 0.8494607
TCGA-R5-A7ZE-01 0.468964933333333 0.480984870940394 0.897448266666667 0.244477870454853
TCGA-VQ-A922-01 0.602799424422542 0.578487240519871 0.5984942 0.617955666666667
TCGA-CG-5721-01 0.2798162 0.293598084438717 0.245850252348655 0.309163222217785
TCGA-CG-4440-01 0.654697666666667 0.483055866666667 0.605809155906888 0.776458233333333
TCGA-VQ-AA69-01 0.6404215 0.679180424951345 0.669286572930138 0.735774966666667
TCGA-CG-5727-01 0.4311670694114 0.4654066368486 0.472179176812629 0.663107343165469
TCGA-BR-8286-01 0.6360233 0.384046693643098 0.458279505286748 0.724521666666667
TCGA-BR-A4IZ-01 0.224771430605218 0.340556066666667 0.2114635 0.184249955456468
TCGA-BR-8077-01 0.935043266666667 0.3988425 0.399340753255668 0.405425186525921
TCGA-IN-A7NT-01 0.5482295 0.530452757715869 0.628129982261246 0.4692762
TCGA-HU-A4GY-01 0.203762733333333 0.226042366666667 0.169136786666667 0.2328804
TCGA-VQ-A8PC-01 0.369326199113262 0.358204694298122 0.408112493491561 0.256570766666667
TCGA-IN-8663-01 0.783223366666667 0.722376133333333 0.72129510192238 0.68191043876758
TCGA-CG-4306-01 0.602799424422542 0.483055866666667 0.386640498549993 0.488724397739238
TCGA-BR-A4J8-01 0.442164366666667 0.4971003 0.474219888689885 0.408112493491561
TCGA-MX-A5UG-01 0.237648166666667 0.224771430605218 0.1991019 0.171480233333333
TCGA-VQ-A91D-01 0.369326199113262 0.444619498976359 0.4978202 0.451883377180586
TCGA-HU-A4G9-01 0.520270850424683 0.8494607 0.907669266666667 0.669495099496661
TCGA-VQ-A91N-01 0.965803733333333 0.825866954392849 0.735774966666667 0.825866954392849
TCGA-VQ-AA6I-01 0.5482295 0.542912848391743 0.60608631302383 0.542912848391743
TCGA-F1-A72C-01 0.442164366666667 0.389108551262586 0.423086893186943 0.284022541402064
TCGA-IN-7808-01 0.394919827729752 0.273241800833968 0.2562864 0.387378701673577
TCGA-CD-8525-01 0.304673033333333 0.198697433333333 0.405425186525921 0.355025233333333
TCGA-BR-6564-01 0.5372813 0.247370633333333 0.292333144433132 0.2095599
TCGA-FP-A8CX-01 0.266964233333333 0.397083539221498 0.596360224705589 0.31562
TCGA-BR-6803-01 0.381336990649429 0.232509666666667 0.284022541402064 0.217060095822546
TCGA-BR-8059-01 0.327139 0.273241800833968 0.501622033333333 0.339101919090608
TCGA-BR-8676-01 0.31562 0.444929927825577 0.458829424257543 0.528219775488427
TCGA-VQ-A91X-01 0.5482295 0.551559858789309 0.924337533333333 0.4352986
TCGA-RD-A7C1-01 0.506386433333333 0.273241800833968 0.355025233333333 0.390507542657467
TCGA-HF-7131-01 0.412772117374787 0.373172119990785 0.506554166666667 0.398107595763465
TCGA-D7-5578-01 0.480984870940394 0.552924133333333 0.390507542657467 0.483152730678101
TCGA-HJ-7597-01 0.344696933333333 0.552924133333333 0.598539533333333 0.506554166666667
TCGA-HU-A4GP-01 0.468964933333333 0.740712 0.661783106796577 0.674319327917385
TCGA-VQ-A8PH-01 0.520270850424683 0.661783106796577 0.6969254 0.809300033333333
TCGA-VQ-AA6J-01 0.419697081555685 0.394919827729752 0.397083539221498 0.3513236
TCGA-RD-A7BW-01 0.2798162 0.245850252348655 0.200354 0.198697433333333
TCGA-HU-A4GN-01 0.237648166666667 0.4654066368486 0.637087566666667 0.456297863218392
TCGA-VQ-A8P5-01 0.520270850424683 0.474219888689885 0.5022614 0.373938366666667
TCGA-VQ-A91Y-01 0.442164366666667 0.383197396809136 0.295441733333333 0.408901633299904
TCGA-CG-4441-01 0.266964233333333 0.6324717 0.421723465322982 0.461184990542003
TCGA-BR-8367-01 0.266964233333333 0.361234959240768 0.424388358676955 0.3164469
TCGA-VQ-A8PM-01 0.31562 0.339101919090608 0.390947538541637 0.256713766666667
TCGA-MX-A663-01 0.2798162 0.3205065 0.4311670694114 0.271599077023363
TCGA-BR-8365-01 0.327139 0.247370633333333 0.279831249304976 0.3048694
TCGA-D7-6818-01 0.266964233333333 0.361234959240768 0.2952413 0.816229133333333
TCGA-FP-8631-01 0.468964933333333 0.483055866666667 0.642400974532477 0.834713566666667
TCGA-HF-A5NB-01 0.765784866666667 0.924337533333333 0.686760533333333 0.747182445153475
TCGA-VQ-A91E-01 0.369326199113262 0.443260960437875 0.659423933333333 0.340556066666667
TCGA-D7-8574-01 0.167933926666667 0.384046693643098 0.1720513 0.1991019
TCGA-FP-7829-01 0.7302953 0.740712 0.541030600885428 0.645597886007964
TCGA-D7-6524-01 0.290980446443709 0.263167666666667 0.2760634 0.295441733333333
TCGA-HF-7134-01 0.747018166666667 0.830623533333333 0.5734927 0.642400974532477
TCGA-CG-4462-01 0.290980446443709 0.180001266666667 0.171480233333333 0.226042366666667
TCGA-D7-A4YT-01 0.520270850424683 0.617757045336306 0.709348320242863 0.667376166666667
TCGA-BR-A4PD-01 0.516724233333333 0.3205065 0.464411040634275 0.438736866666667
TCGA-BR-8370-01 0.327139 0.309163222217785 0.374474433333333 0.468964933333333
TCGA-CG-5722-01 0.243626533333333 0.300018933333333 0.266964233333333 0.238321333333333
TCGA-D7-8573-01 0.403899733333333 0.552924133333333 0.698022033333333 0.7302953
TCGA-BR-4280-01 0.5482295 0.760310166666667 0.511338178374519 0.596987773369956
TCGA-BR-8382-01 0.167933926666667 0.187472333333333 0.385157233333333 0.287263455222907
TCGA-BR-8690-01 0.381336990649429 0.426942266666667 0.3048694 0.60608631302383
TCGA-BR-4183-01 0.617757045336306 0.2516717 0.376601653770685 0.305089966666667
TCGA-RD-A8MV-01 0.412772117374787 0.359257159010147 0.316275314693562 0.329259191695086
TCGA-BR-4357-01 0.4875513 0.449439233333333 0.301158633333333 0.853124266666667
TCGA-CD-8532-01 0.2798162 0.449439233333333 0.329259191695086 0.370107286824624
TCGA-BR-8078-01 0.4311670694114 0.830623533333333 0.330326583500092 0.537815619054169
TCGA-BR-8373-01 0.5734927 0.6969254 0.488724397739238 0.456980033333333
TCGA-D7-8572-01 0.2798162 0.373172119990785 0.37203521021469 0.362638633333333
TCGA-FP-8099-01 0.587305766666667 0.483055866666667 0.53316949745248 0.538138648242826
TCGA-HU-A4H0-01 0.3550088 0.273241800833968 0.4875513 0.345157566666667
TCGA-MX-A5UJ-01 0.237648166666667 0.389771194407171 0.482716834265748 0.4001600719489
TCGA-BR-8687-01 0.5482295 0.609576690262956 0.603466707413427 0.709348320242863
TCGA-EQ-8122-01 0.716121859301796 0.340556066666667 0.561433466666667 0.415405415869475
TCGA-BR-8295-01 0.617757045336306 0.501622033333333 0.935043266666667 0.516724233333333
TCGA-BR-8384-01 0.327139 0.516724233333333 0.271599077023363 0.203762733333333
TCGA-RD-A8NB-01 0.290980446443709 0.355988148638226 0.3513236 0.363354907057349
TCGA-RD-A8N2-01 0.2798162 0.350158454770729 0.3629398 0.362990012376385
TCGA-EQ-A4SO-01 0.765784866666667 0.819988366666667 0.809300033333333 0.698022033333333
TCGA-BR-8284-01 0.243626533333333 0.232509666666667 0.261179202856356 0.2733278
TCGA-BR-7901-01 0.3550088 0.337358360430107 0.362638633333333 0.238893166666667
TCGA-HU-8602-01 0.224771430605218 0.4654066368486 0.4001600719489 0.397083539221498
TCGA-HU-A4HB-01 0.442164366666667 0.415976153308537 0.335754672069989 0.41484762600372
TCGA-VQ-A928-01 0.3550088 0.433217582240036 0.544026391350813 0.381336990649429
TCGA-BR-A4IV-01 0.456297863218392 0.330326583500092 0.3164469 0.176346666666667
TCGA-IN-AB1V-01 0.403899733333333 0.482716834265748 0.788981933333333 0.344696933333333
TCGA-D7-8576-01 0.5734927 0.591600633333333 0.538382595022495 0.5204511
TCGA-VQ-A8PY-01 0.520270850424683 0.412772117374787 0.389324085724788 0.298090244641876
TCGA-BR-6566-01 0.167933926666667 0.247370633333333 0.320693133333333 0.290980446443709
TCGA-BR-7717-01 0.4971003 0.273241800833968 0.5204511 0.438328956905648
TCGA-BR-8591-01 0.304673033333333 0.4654066368486 0.461184990542003 0.438024889011852
TCGA-CG-4449-01 0.783223366666667 0.617757045336306 0.3550088 0.507096133333333
TCGA-BR-4191-01 0.560513933333333 0.5261063 0.237648166666667 0.4978202
TCGA-R5-A804-01 0.224771430605218 0.298090244641876 0.304673033333333 0.307651745553784
TCGA-BR-8380-01 0.266964233333333 0.232509666666667 0.413842365424767 0.273570233333333
TCGA-KB-A93J-01 0.893808466666667 0.641629384947391 0.433217582240036 0.577964107289084
TCGA-D7-6525-01 0.480984870940394 0.4352986 0.509025796088729 0.5483586
TCGA-HU-A4GQ-01 0.2798162 0.41445758841626 0.475744903316944 0.420439903039241
TCGA-VQ-AA6A-01 0.679180424951345 0.720278192544689 0.765784866666667 0.783223366666667
TCGA-D7-6820-01 0.506386433333333 0.4654066368486 0.645597886007964 0.5873694
TCGA-BR-8361-01 0.442164366666667 0.591600633333333 0.523210003847486 0.53316949745248
TCGA-BR-A4CR-01 0.783223366666667 0.667376166666667 0.873565533333333 0.682958559465532
TCGA-CG-4466-01 0.700073282785488 0.809300033333333 0.7302953 0.769522166666667
TCGA-BR-4201-01 0.506386433333333 0.2952413 0.2474186 0.361234959240768
TCGA-BR-7716-01 0.3550088 0.247370633333333 0.361234959240768 0.30861721518333
TCGA-HU-A4H4-01 0.224771430605218 0.340556066666667 0.415534540598865 0.28099315360798
TCGA-D7-6518-01 0.419697081555685 0.2952413 0.259318481125785 0.2516717
TCGA-CG-4465-01 0.381336990649429 0.760310166666667 0.371544648203418 0.501943521513449
TCGA-VQ-A8P8-01 0.224771430605218 0.329033445742734 0.449439233333333 0.224771430605218
TCGA-BR-8483-01 0.716121859301796 0.6969254 0.740712 0.4697162
TCGA-CD-A48A-01 0.707109874728818 0.543720333333333 0.578487240519871 0.603466707413427
TCGA-HU-A4GT-01 0.506386433333333 0.8494607 0.64325212415285 0.641629384947391
TCGA-D7-A4YV-01 0.290980446443709 0.2952413 0.371622700936086 0.348237500242167
TCGA-BR-6563-01 0.266964233333333 0.187472333333333 0.191196866666667 0.219123466666667
TCGA-CD-8534-01 0.602799424422542 0.568364633333333 0.501943521513449 0.553059066666667
TCGA-VQ-A8PU-01 0.686760533333333 0.75610394670315 0.756862730831075 0.873565533333333
TCGA-HF-7136-01 0.755579933333333 0.722376133333333 0.644132181344088 0.604031235835314
TCGA-HU-8245-01 0.617757045336306 0.501622033333333 0.604031235835314 0.893808466666667
TCGA-BR-A4QL-01 0.5734927 0.783223366666667 0.654697666666667 0.628129982261246
TCGA-RD-A8N0-01 0.654697666666667 0.415405415869475 0.232509666666667 0.423086893186943
TCGA-BR-A4PF-01 0.6734472 0.3988425 0.438024889011852 0.404421033333333
TCGA-D7-A747-01 0.237648166666667 0.292333144433132 0.298090244641876 0.245850252348655
TCGA-D7-8579-01 0.243626533333333 0.273241800833968 0.311948166666667 0.292333144433132
TCGA-FP-A4BF-01 0.442164366666667 0.198697433333333 0.2095599 0.390947538541637
TCGA-IN-A6RN-01 0.587305766666667 0.511338178374519 0.469740064195407 0.480984870940394
TCGA-HU-A4GH-01 0.468964933333333 0.552924133333333 0.783223366666667 0.355988148638226
TCGA-D7-A6EX-01 0.755579933333333 0.830623533333333 0.717713345742437 0.697434138370383
TCGA-BR-8589-01 0.290980446443709 0.483055866666667 0.407575414432333 0.421723465322982
TCGA-R5-A7ZI-01 0.419697081555685 0.387378701673577 0.358204694298122 0.373457833333333
TCGA-HU-A4GD-01 0.6404215 0.568364633333333 0.8494607 0.861204866666667
TCGA-BR-4256-01 0.456297863218392 0.226042366666667 0.187472333333333 0.273241800833968
TCGA-BR-6458-01 0.419697081555685 0.3988425 0.309163222217785 0.3550088
TCGA-BR-8081-01 0.2179042 0.3205065 0.238321333333333 0.295420138391424
TCGA-BR-6707-01 0.2562864 0.483055866666667 0.370107286824624 0.770696466666667
TCGA-D7-6822-01 0.560513933333333 0.667376166666667 0.6324717 0.6360233
TCGA-F1-6875-01 0.809300033333333 0.809300033333333 0.8344616 0.7357471
TCGA-BR-8366-01 0.224771430605218 0.361234959240768 0.217060095822546 0.320693133333333
TCGA-BR-A44U-01 0.816229133333333 0.568364633333333 0.582991686147179 0.5548621
TCGA-IN-A6RS-01 0.5372813 0.512077086147652 0.528219775488427 0.475744903316944
TCGA-CD-A48C-01 0.654697666666667 0.5261063 0.480984870940394 0.760310166666667
TCGA-VQ-A8PK-01 0.6404215 0.590637103535577 0.612085738249991 0.605809155906888
TCGA-FP-8210-01 0.290980446443709 0.3988425 0.191064008766305 0.226057666666667
TCGA-CG-4455-01 0.403899733333333 0.3205065 0.427760866666667 0.659423933333333
TCGA-CD-A4MH-01 0.587305766666667 0.449439233333333 0.5686035 0.426942266666667
TCGA-D7-6520-01 0.516724233333333 0.501622033333333 0.483152730678101 0.516783733333333
TCGA-IN-A6RJ-01 0.31562 0.432370977225807 0.747018166666667 0.2760634
TCGA-CG-5718-01 0.6734472 0.53316949745248 0.432370977225807 0.445861368282228
TCGA-CD-A487-01 0.327139 0.309163222217785 0.340556066666667 0.350158454770729
TCGA-BR-4184-01 0.3550088 0.3205065 0.355988148638226 0.373172119990785
TCGA-BR-8285-01 0.167933926666667 0.309163222217785 0.300413666666667 0.300857566666667
TCGA-VQ-AA6D-01 0.716121859301796 0.666732845629222 0.861204866666667 0.587305766666667
TCGA-CD-A4MJ-01 0.243626533333333 0.6969254 0.568364633333333 0.520270850424683
TCGA-BR-8592-01 0.394919827729752 0.226042366666667 0.274537033333333 0.2330671
TCGA-BR-7703-01 0.31562 0.667376166666667 0.58262252278605 0.531593891296567
TCGA-FP-A9TM-01 0.381336990649429 0.398107595763465 0.531593891296567 0.275280166666667
TCGA-KB-A6F5-01 0.456297863218392 0.447086342987831 0.420439903039241 0.452407166666667
TCGA-D7-6522-01 0.2562864 0.184249955456468 0.167933926666667 0.169136786666667
TCGA-CG-4300-01 0.468964933333333 0.60608631302383 0.576164850700229 0.791637866666667
TCGA-D7-A4YX-01 0.3550088 0.552924133333333 0.483055866666667 0.543720333333333
TCGA-HF-7133-01 0.765784866666667 0.58262252278605 0.389108551262586 0.4875513
TCGA-B7-A5TK-01 0.381336990649429 0.2516717 0.226057666666667 0.2179042
TCGA-D7-8578-01 0.381336990649429 0.167933926666667 0.399667327305319 0.359257159010147
TCGA-BR-6453-01 0.266964233333333 0.426942266666667 0.217945966666667 0.280167333333333
TCGA-HU-A4GF-01 0.6404215 0.649072533333333 0.609576690262956 0.5372813
TCGA-BR-A4PE-01 0.456297863218392 0.449439233333333 0.415405415869475 0.442164366666667
TCGA-VQ-A91W-01 0.290980446443709 0.461184990542003 0.513143323287318 0.537986
TCGA-BR-8484-01 0.394919827729752 0.263167666666667 0.327962166666667 0.72129510192238
TCGA-VQ-A94T-01 0.654697666666667 0.589000208984567 0.75610394670315 0.490066165954577
TCGA-BR-8588-01 0.237648166666667 0.208538766666667 0.293598084438717 0.301158633333333
TCGA-CG-5725-01 0.714424107209609 0.907669266666667 0.802360733333333 0.680876264889443
TCGA-BR-A4J5-01 0.243626533333333 0.208538766666667 0.30861721518333 0.239071566666667
TCGA-FP-7916-01 0.394919827729752 0.232509666666667 0.239892766666667 0.322443
TCGA-VQ-A927-01 0.167933926666667 0.329259191695086 0.5548621 0.1759729
TCGA-VQ-A924-01 0.290980446443709 0.423086893186943 0.499572068613553 0.431256307850795
TCGA-VQ-A8E3-01 0.5734927 0.538382595022495 0.521225713163096 0.560513933333333
TCGA-CG-4305-01 0.381336990649429 0.198697433333333 0.286465476190956 0.316275314693562
TCGA-BR-4267-01 0.587305766666667 0.769522166666667 0.516783733333333 0.661783106796577
TCGA-VQ-AA6F-01 0.369326199113262 0.415534540598865 0.542912848391743 0.3205065
TCGA-D7-A6EV-01 0.602799424422542 0.552924133333333 0.737056233333333 0.609576690262956
TCGA-CD-8527-01 0.686760533333333 0.6969254 0.5835789 0.449439233333333
TCGA-D7-6815-01 0.6404215 0.568364633333333 0.555031433333333 0.5482295
TCGA-BR-7959-01 0.4875513 0.300018933333333 0.386932266666667 0.374474433333333
TCGA-VQ-A8DT-01 0.369326199113262 0.445861368282228 0.722376133333333 0.3115331
TCGA-D7-6817-01 0.4311670694114 0.426942266666667 0.563783066666667 0.358204694298122
TCGA-RD-A8N5-01 0.243626533333333 0.28099315360798 0.256713766666667 0.238538133333333
TCGA-FP-8211-01 0.5482295 0.714424107209609 0.602799424422542 0.8770905
TCGA-BR-8289-01 0.5372813 0.3205065 0.528961036849376 0.513143323287318
TCGA-BR-4362-01 0.224771430605218 0.552924133333333 0.404730766666667 0.4311670694114
TCGA-BR-8680-01 0.480984870940394 0.6324717 0.8770905 0.603844028874517
TCGA-CG-5733-01 0.266964233333333 0.667376166666667 0.436730988412295 0.472010265482176
TCGA-VQ-A8PF-01 0.167933926666667 0.260590678756219 0.247370633333333 0.266964233333333
TCGA-CD-8531-01 0.6404215 0.722376133333333 0.286609571881602 0.551559858789309
TCGA-BR-8679-01 0.5372813 0.415976153308537 0.561775333333333 0.509025796088729
TCGA-CD-5802-01 0.2798162 0.247370633333333 0.31657772883271 0.394919827729752
TCGA-CG-5728-01 0.2179042 0.232509666666667 0.2798162 0.279831249304976
TCGA-BR-6706-01 0.2562864 0.373172119990785 0.219123466666667 0.232560133333333
TCGA-BR-7707-01 0.2562864 0.568364633333333 0.507006166666667 0.464411040634275
TCGA-B7-5816-01 0.243626533333333 0.286465476190956 0.239071566666667 0.286609571881602
TCGA-CD-5801-01 0.304673033333333 0.3205065 0.322443 0.287241233333333
TCGA-BR-7958-01 0.304673033333333 0.340556066666667 0.239245866666667 0.432370977225807
TCGA-BR-7957-01 0.2562864 0.187472333333333 0.373172119990785 0.232509666666667
TCGA-D7-A748-01 0.617757045336306 0.307651745553784 0.198697433333333 0.200354
TCGA-CG-4304-01 0.483526238507379 0.552924133333333 0.3205065 0.506386433333333
TCGA-CG-4475-01 0.520270850424683 0.384046693643098 0.420289733333333 0.649072533333333
TCGA-D7-A6EZ-01 0.4971003 0.6969254 0.37280231807311 0.523664545591674
TCGA-IN-AB1X-01 0.327139 0.421723465322982 0.507096133333333 0.385212866666667
TCGA-BR-4370-01 0.198697433333333 0.198697433333333 0.256570766666667 0.247780471630178
TCGA-HU-A4G6-01 0.5372813 0.769522166666667 0.830623533333333 0.573811733333333
TCGA-VQ-A8DL-01 0.344696933333333 0.390507542657467 0.385212866666667 0.427760866666667
TCGA-VQ-A91Z-01 0.776458233333333 0.756862730831075 0.965803733333333 0.707109874728818
TCGA-CG-5732-01 0.506386433333333 0.552924133333333 0.489054666666667 0.521225713163096
TCGA-BR-A453-01 0.167933926666667 0.208538766666667 0.295420138391424 0.1720513
TCGA-VQ-A91S-01 0.5482295 0.528219775488427 0.538138648242826 0.5261063
TCGA-CG-4476-01 0.290980446443709 0.232509666666667 0.267477833333333 0.555390333333333
TCGA-CD-5804-01 0.4875513 0.361234959240768 0.357111449928671 0.747018166666667
TCGA-BR-7851-01 0.344696933333333 0.617757045336306 0.444619498976359 0.483172356991332
TCGA-VQ-AA68-01 0.5372813 0.541030600885428 0.666732845629222 0.5075872
