abscnseq ascat estimate purbayes
TCGA-AR-A24Z-01 0.617625866666667 0.739993466666667 0.699284666666667 0.484764366666667
TCGA-D8-A143-01 0.653085909286788 0.4888009 0.670487933333333 0.7000286
TCGA-A8-A0A4-01 0.653085909286788 0.641123466666667 0.641952633333333 0.653792129884425
TCGA-B6-A0WZ-01 0.4378456 0.773873466666667 0.732336533333333 0.63681658112065
TCGA-A8-A08A-01 0.527730166666667 0.680501366666667 0.514149760751481 0.590328
TCGA-AO-A0J4-01 0.4817248 0.388248433333333 0.489736766666667 0.528725531492564
TCGA-A2-A0D3-01 0.919844966666667 0.434486566666667 0.6586785 0.677925796424504
TCGA-AR-A1AP-01 0.603925933333333 0.667520566666667 0.507304033333333 0.68205184489226
TCGA-BH-A0BW-01 0.334402366666667 0.5566193 0.418357566666667 0.576043533333333
TCGA-E2-A1IO-01 0.347993328267041 0.320925666666667 0.398867066666667 0.399539966666667
TCGA-5L-AAT1-01 0.168653663333333 0.328500098940965 0.3032339 0.399990366666667
TCGA-A2-A0YE-01 0.712647266666667 0.610056921741472 0.728339633333333 0.8941999
TCGA-A8-A06X-01 0.506036533333333 0.542947766666667 0.60114986664675 0.8380774
TCGA-E2-A15P-01 0.418017033333333 0.610056921741472 0.667878066666667 0.558182966666667
TCGA-B6-A3ZX-01 0.2386094 0.1747121 0.3209498 0.3392725
TCGA-AN-A0XL-01 0.302963833333333 0.4888009 0.5280408 0.448788633333333
TCGA-AO-A03V-01 0.712647266666667 0.5003786 0.696353533333333 0.682526216284686
TCGA-A2-A04W-01 0.403492366666667 0.2703488 0.564756466666667 0.2737907
TCGA-BH-A0HL-01 0.393878733333333 0.8941999 0.946500733333333 0.676281037666216
TCGA-BH-A0E0-01 0.585788850864731 0.532096633333333 0.7446748 0.844245066666667
TCGA-A8-A093-01 0.712647266666667 0.7942092 0.648159366666667 0.675186032571261
TCGA-A2-A0CK-01 0.4695763 0.4888009 0.533170533333333 0.465160590889874
TCGA-A8-A090-01 0.551843466666667 0.447972733333333 0.494634133333333 0.605405466666667
TCGA-D8-A1X8-01 0.358483833333333 0.358483833333333 0.464032018122333 0.349709633333333
TCGA-B6-A0IP-01 0.4378456 0.580255833333333 0.645643608155186 0.459690933333333
TCGA-OL-A5D6-01 0.393878733333333 0.5003786 0.4818834 0.398867066666667
TCGA-A8-A09T-01 0.517121105640509 0.59431897521371 0.570880733333333 0.569843888092108
TCGA-BH-A0B4-01 0.4378456 0.569675366666667 0.444459303793279 0.496539577602729
TCGA-A7-A0CJ-01 0.707136566666667 0.773873466666667 0.7434835 0.832791466666667
TCGA-B6-A401-01 0.403492366666667 0.232973666666667 0.501174033333333 0.409146766666667
TCGA-D8-A27L-01 0.2703488 0.4077322 0.4195661 0.316348655961293
TCGA-A1-A0SE-01 0.316348655961293 0.468117108272761 0.6236822 0.369218266666667
TCGA-A7-A6VY-01 0.358483833333333 0.464032018122333 0.438006233333333 0.571638566666667
TCGA-B6-A0IE-01 0.5632705 0.569675366666667 0.685849933333333 0.205640589294481
TCGA-E9-A24A-01 0.347993328267041 0.5566193 0.399829 0.496122011585032
TCGA-AR-A1AS-01 0.527730166666667 0.8319982 0.662375870317353 0.732284233333333
TCGA-PL-A8LV-01 0.551843466666667 0.568105532387936 0.572015433333333 0.5944025
TCGA-C8-A12K-01 0.294187266666667 0.320925666666667 0.299442433333333 0.358950629453868
TCGA-AC-A2QI-01 0.403492366666667 0.5566193 0.4247662 0.5182578
TCGA-AC-A6IX-01 0.506036533333333 0.458852833333333 0.418017033333333 0.477436433333333
TCGA-AN-A0FK-01 0.4437355 0.4888009 0.676281037666216 0.717578566666667
TCGA-C8-A27B-01 0.585788850864731 0.580255833333333 0.496539577602729 0.621487266666667
TCGA-E2-A15S-01 0.506036533333333 0.680501366666667 0.9014199 0.810612333333333
TCGA-BH-A0DG-01 0.4817248 0.4077322 0.368294666666667 0.439425033333333
TCGA-BH-A0H5-01 0.178173 0.246974694342327 0.2059738 0.240342348905957
TCGA-A2-A1G6-01 0.6319037 0.3392725 0.548845528260533 0.193601166666667
TCGA-A7-A4SD-01 0.4817248 0.468117108272761 0.448336366666667 0.3783637
TCGA-AN-A0AT-01 0.506036533333333 0.468117108272761 0.7000286 0.563541841501304
TCGA-E2-A15F-01 0.743345566666667 0.424188733333333 0.694357109994242 0.262318166666667
TCGA-BH-A8G0-01 0.2703488 0.320239720227091 0.285142266666667 0.26350643261842
TCGA-AN-A0XP-01 0.585788850864731 0.6909484 0.626227842756654 0.635878766666667
TCGA-AN-A0XN-01 0.4437355 0.468117108272761 0.287183804178315 0.406559776418206
TCGA-EW-A1P5-01 0.493662033333333 0.542947766666667 0.547083770661153 0.507304033333333
TCGA-A8-A0A1-01 0.403492366666667 0.629373270640539 0.3038844 0.570880733333333
TCGA-AR-A1AK-01 0.750197266666667 0.4768091 0.342483033333333 0.461838357859547
TCGA-A7-A5ZV-01 0.682526216284686 0.717578566666667 0.657845533333333 0.770478766666667
TCGA-BH-A0B7-01 0.2386094 0.232973666666667 0.3307141 0.2261054
TCGA-E2-A14T-01 0.5632705 0.59431897521371 0.657265133566573 0.419794233333333
TCGA-E2-A1II-01 0.358483833333333 0.447972733333333 0.350830333333333 0.390444966666667
TCGA-AR-A2LL-01 0.603925933333333 0.5003786 0.565067766666667 0.4824334
TCGA-E9-A54Y-01 0.7322804 0.610056921741472 0.811550333333333 0.676425933333333
TCGA-C8-A12V-01 0.224249433333333 0.263860528869789 0.224249433333333 0.209514966666667
TCGA-BH-A0DV-01 0.2703488 0.358483833333333 0.3117987 0.320239720227091
TCGA-LL-A50Y-01 0.538383066666667 0.773873466666667 0.557735166666667 0.7446748
TCGA-BH-A0GZ-01 0.4695763 0.680501366666667 0.603925933333333 0.6177005
TCGA-BH-A1FD-01 0.712647266666667 0.6909484 0.595059733333333 0.8390861
TCGA-E2-A15A-01 0.919844966666667 0.458852833333333 0.495022933333333 0.517317833333333
TCGA-D8-A1JT-01 0.723023266666667 0.773873466666667 0.708546622484687 0.686344666666667
TCGA-A8-A09G-01 0.764611833333333 0.59431897521371 0.545513333333333 0.558185733333333
TCGA-EW-A6SC-01 0.538383066666667 0.610056921741472 0.457945151963691 0.4817248
TCGA-A8-A0AB-01 0.780827666666667 0.760278132902262 0.8327398 0.8198637
TCGA-D8-A1JI-01 0.750197266666667 0.6909484 0.736643410450378 0.668179233333333
TCGA-A8-A0A6-01 0.403492366666667 0.447972733333333 0.366777566666667 0.4591124
TCGA-D8-A1Y3-01 0.750197266666667 0.667520566666667 0.5068185 0.624365055282642
TCGA-A8-A081-01 0.684855933333333 0.655875932812366 0.586038266666667 0.4590277
TCGA-A8-A07F-01 0.919844966666667 0.739993466666667 0.597713499851684 0.922261633333333
TCGA-AR-A2LR-01 0.764611833333333 0.717578566666667 0.5963028 0.8628592
TCGA-BH-A0BV-01 0.506036533333333 0.532096633333333 0.424188733333333 0.669363033333333
TCGA-OL-A5RU-01 0.224249433333333 0.388248433333333 0.4378456 0.4247662
TCGA-B6-A1KN-01 0.585788850864731 0.447972733333333 0.6332068 0.49660907646024
TCGA-AR-A1AV-01 0.603925933333333 0.580255833333333 0.656624447092565 0.597713499851684
TCGA-A2-A04Q-01 0.197056333333333 0.232973666666667 0.227326566666667 0.257856918233076
TCGA-E9-A3X8-01 0.2844738 0.1851259 0.360179033333333 0.3210894
TCGA-B6-A0X1-01 0.684855933333333 0.6909484 0.6419415 0.645430262330523
TCGA-AR-A24V-01 0.551843466666667 0.434486566666667 0.377720733333333 0.662542160928065
TCGA-D8-A27G-01 0.4817248 0.3298684 0.419023833333333 0.459554133333333
TCGA-BH-A0H9-01 0.4695763 0.377720733333333 0.7083018 0.399499133333333
TCGA-D8-A27W-01 0.764611833333333 0.4077322 0.564013666666667 0.305129531565823
TCGA-BH-A0GY-01 0.6453102 0.4768091 0.545834266666667 0.766866933333333
TCGA-AQ-A7U7-01 0.334402366666667 0.278992566508521 0.193481966666667 0.241438466666667
TCGA-OL-A5RV-01 0.224249433333333 0.4888009 0.687248133333333 0.4184638
TCGA-A2-A0CW-01 0.6951859 0.5003786 0.680647866666667 0.7658296
TCGA-BH-A42V-01 0.193481966666667 0.232973666666667 0.4700844 0.3103932
TCGA-BH-A0HN-01 0.675186032571261 0.8620236 0.7837195 0.708546622484687
TCGA-Z7-A8R5-01 0.205640589294481 0.342875760743202 0.4077322 0.274564733333333
TCGA-E2-A158-01 0.8941999 0.8620236 0.8770464 0.853167233333333
TCGA-AR-A2LN-01 0.382933933333333 0.3982337 0.390444966666667 0.425094833333333
TCGA-A2-A0EX-01 0.538383066666667 0.4888009 0.486416708222223 0.440199366666667
TCGA-C8-A1HJ-01 0.712647266666667 0.7942092 0.731252654120554 0.676325166666667
TCGA-LL-A5YM-01 0.723023266666667 0.717578566666667 0.608434408740479 0.6568911
TCGA-A8-A09K-01 0.5632705 0.602582243722138 0.6697253 0.8951629
TCGA-D8-A1XZ-01 0.614404835823514 0.621487266666667 0.513283066666667 0.704653963718777
TCGA-AR-A24K-01 0.576043533333333 0.717578566666667 0.802886066666667 0.533142333333333
TCGA-C8-A8HQ-01 0.493662033333333 0.509151430671681 0.4146149 0.590305233333333
TCGA-B6-A0RO-01 0.7322804 0.521877566666667 0.776676333333333 0.8698983
TCGA-B6-A0IG-01 0.527730166666667 0.703540333333333 0.707136566666667 0.331065866666667
TCGA-AR-A1AQ-01 0.6453102 0.468117108272761 0.382933933333333 0.8487872
TCGA-BH-A204-01 0.810612333333333 0.703540333333333 0.718786507422175 0.767076733333333
TCGA-A2-A1G0-01 0.382933933333333 0.3298684 0.458852833333333 0.5644848
TCGA-AN-A0FY-01 0.764611833333333 0.655875932812366 0.646551024629844 0.657265133566573
TCGA-BH-A0DS-01 0.3728577 0.667520566666667 0.440149733333333 0.340124233333333
TCGA-AO-A0J7-01 0.6453102 0.6909484 0.81702737579333 0.795091766666667
TCGA-LD-A7W5-01 0.403492366666667 0.384199593533397 0.3513239 0.290686766666667
TCGA-D8-A140-01 0.6319037 0.667520566666667 0.567707407047755 0.647561466666667
TCGA-AC-A8OP-01 0.393878733333333 0.465160590889874 0.595900366666667 0.3884425
TCGA-LL-A740-01 0.347993328267041 0.5566193 0.477973333333333 0.450635566666667
TCGA-BH-A1FC-01 0.573046942227189 0.447972733333333 0.49956329813588 0.756872766666667
TCGA-S3-A6ZF-01 0.493662033333333 0.542947766666667 0.558132533333333 0.4289428
TCGA-AC-A6IV-01 0.4437355 0.338731842202706 0.240804333333333 0.252929333333333
TCGA-EW-A1PH-01 0.682486095819881 0.667520566666667 0.700054545803935 0.7766032
TCGA-E9-A244-01 0.6319037 0.434486566666667 0.6866606 0.418112633333333
TCGA-A8-A07P-01 0.919844966666667 0.7942092 0.558182966666667 0.691285233333333
TCGA-A7-A26F-01 0.4817248 0.5003786 0.3419636 0.5326138
TCGA-AC-A7VB-01 0.857802266666667 0.81702737579333 0.905690966666667 0.7811745
TCGA-C8-A1HG-01 0.603925933333333 0.4768091 0.438818966666667 0.6132141
TCGA-B6-A0RL-01 0.8770464 0.8319982 0.8063499 0.7771843
TCGA-E2-A154-01 0.334402366666667 0.629373270640539 0.691285233333333 0.922279633333333
TCGA-Z7-A8R6-01 0.6319037 0.651956415134669 0.675274766666667 0.712647266666667
TCGA-A2-A0T2-01 0.684855933333333 0.844245066666667 0.621487266666667 0.670176332501364
TCGA-A2-A0D1-01 0.764611833333333 0.667520566666667 0.7948764 0.8452371
TCGA-JL-A3YW-01 0.2703488 0.2844738 0.270477766666667 0.372919133333333
TCGA-BH-A0BS-01 0.246974694342327 0.602582243722138 0.766057913944072 0.708360866666667
TCGA-D8-A1JN-01 0.770478766666667 0.8319982 0.801703066666667 0.797467366666667
TCGA-S3-AA17-01 0.302963833333333 0.354842218901953 0.312028066666667 0.350691733333333
TCGA-C8-A1HE-01 0.551843466666667 0.727039833333333 0.656062366666667 0.563645033333333
TCGA-OL-A66P-01 0.246974694342327 0.2703488 0.2344618 0.303419966666667
TCGA-LL-A5YO-01 0.316348655961293 0.316348655961293 0.247844161160202 0.2626158
TCGA-A2-A0CT-01 0.653085909286788 0.717578566666667 0.717807333333333 0.623143066666667
TCGA-A8-A06U-01 0.7322804 0.621487266666667 0.63123696185565 0.635591495710396
TCGA-BH-A28Q-01 0.6319037 0.610056921741472 0.622489766666667 0.657845533333333
TCGA-BH-A18V-06 0.707136566666667 0.542947766666667 0.330016066666667 0.536944649195128
TCGA-A8-A08B-01 0.551843466666667 0.447972733333333 0.6634358 0.704269435871581
TCGA-BH-A0DP-01 0.347993328267041 0.4768091 0.438211566666667 0.680566166666667
TCGA-OL-A66O-01 0.653085909286788 0.680501366666667 0.7449981 0.7232141
TCGA-EW-A1P3-01 0.347993328267041 0.610056921741472 0.593688757736554 0.3589378
TCGA-3C-AALK-01 0.527730166666667 0.486416708222223 0.493859466666667 0.4146276
TCGA-BH-A0DE-01 0.4289428 0.532096633333333 0.413543566666667 0.513427833333333
TCGA-AO-A1KS-01 0.675186032571261 0.655875932812366 0.647456233333333 0.655196341476933
TCGA-AO-A0J3-01 0.780827666666667 0.853167233333333 0.8698983 0.617625866666667
TCGA-AR-A1AM-01 0.538383066666667 0.434486566666667 0.509151430671681 0.419878266666667
TCGA-E2-A1BC-01 0.328500098940965 0.5566193 0.610868366666667 0.545304866666667
TCGA-E9-A1RH-01 0.6319037 0.3659756 0.658002666666667 0.398259266666667
TCGA-C8-A278-01 0.6319037 0.250119233333333 0.309096266666667 0.2741167
TCGA-AC-A3QQ-01 0.585788850864731 0.680501366666667 0.449273866666667 0.434486566666667
TCGA-EW-A2FW-01 0.801703066666667 0.739993466666667 0.696467566666667 0.794941466666667
TCGA-BH-A0B6-01 0.2703488 0.299442433333333 0.239900433333333 0.377720733333333
TCGA-GM-A2D9-01 0.4437355 0.727039833333333 0.5432872 0.425543133333333
TCGA-PE-A5DD-01 0.4437355 0.727039833333333 0.485474184539876 0.7084912
TCGA-A2-A04Y-01 0.585788850864731 0.5566193 0.472658266666667 0.567707407047755
TCGA-BH-A18U-01 0.551843466666667 0.629373270640539 0.566498470261967 0.667520566666667
TCGA-A7-A4SF-01 0.506036533333333 0.717578566666667 0.663488152950202 0.5435451
TCGA-D8-A1XQ-01 0.4437355 0.413530033333333 0.419878266666667 0.732336533333333
TCGA-A2-A0SY-01 0.617625866666667 0.629373270640539 0.373126833333333 0.596360333333333
TCGA-D8-A1XA-01 0.675186032571261 0.667520566666667 0.6352258 0.7771159
TCGA-AN-A0AK-01 0.824964866666667 0.629373270640539 0.7078889 0.699284666666667
TCGA-C8-A12N-01 0.393878733333333 0.6909484 0.449728633333333 0.668686
TCGA-D8-A27I-01 0.2703488 0.219501166666667 0.349709633333333 0.2266341
TCGA-D8-A1Y2-01 0.4817248 0.257856918233076 0.206067 0.414676366666667
TCGA-E2-A1IH-01 0.4289428 0.424188733333333 0.229540266666667 0.570588966666667
TCGA-A2-A1FZ-01 0.347993328267041 0.4768091 0.443808833333333 0.471389233333333
TCGA-A2-A0SV-01 0.6319037 0.629373270640539 0.429232733333333 0.7179349
TCGA-WT-AB41-01 0.506036533333333 0.457510176595874 0.358483833333333 0.495022933333333
TCGA-D8-A27F-01 0.617625866666667 0.703540333333333 0.623143066666667 0.766169166666667
TCGA-AC-A23C-01 0.418017033333333 0.468117108272761 0.481916866666667 0.3659756
TCGA-E2-A15I-01 0.2703488 0.569675366666667 0.532935252335961 0.6055209
TCGA-BH-A0HQ-01 0.517121105640509 0.703540333333333 0.61134537518898 0.602582243722138
TCGA-E2-A1LS-01 0.659964802962987 0.655196341476933 0.770478766666667 0.653511058282903
TCGA-D8-A146-01 0.246974694342327 0.377720733333333 0.469772633333333 0.552469933333333
TCGA-AN-A049-01 0.8691918 0.667520566666667 0.489714066666667 0.603987033333333
TCGA-BH-A0BC-01 0.585788850864731 0.580255833333333 0.3511428 0.551843466666667
TCGA-E9-A3HO-01 0.684855933333333 0.667520566666667 0.6134003 0.596248833333333
TCGA-A8-A084-01 0.6319037 0.760278132902262 0.682526216284686 0.744768066666667
TCGA-A2-A0CV-01 0.517121105640509 0.320925666666667 0.440199366666667 0.4079555
TCGA-OL-A5DA-01 0.527730166666667 0.629373270640539 0.6459762 0.350830333333333
TCGA-A2-A04N-01 0.4378456 0.6909484 0.547768966666667 0.3298684
TCGA-B6-A0RI-01 0.527730166666667 0.739993466666667 0.547566333333333 0.647379366666667
TCGA-A2-A4S2-01 0.334402366666667 0.580255833333333 0.438850533333333 0.509151430671681
TCGA-AO-A129-01 0.653085909286788 0.3298684 0.450635566666667 0.276215667063956
TCGA-AC-A3TN-01 0.403492366666667 0.773873466666667 0.653085909286788 0.4300937
TCGA-AN-A0FV-01 0.527730166666667 0.5566193 0.646820533333333 0.438828066666667
TCGA-AO-A03U-01 0.6951859 0.727039833333333 0.2945476 0.489714066666667
TCGA-A2-A0EM-01 0.347993328267041 0.703540333333333 0.590508315108047 0.647172566666667
TCGA-E9-A5UP-01 0.603925933333333 0.655875932812366 0.820759933333333 0.647352607215409
TCGA-D8-A1JL-01 0.493662033333333 0.4077322 0.347993328267041 0.7434835
TCGA-A8-A09E-01 0.712647266666667 0.8198637 0.752318133333333 0.9096488
TCGA-A2-A0EU-01 0.712647266666667 0.621487266666667 0.665205426871845 0.801730133333333
TCGA-E2-A15E-06 0.585788850864731 0.602582243722138 0.669363033333333 0.610056921741472
TCGA-GM-A2DO-01 0.2844738 0.349643366666667 0.2523589 0.271387366666667
TCGA-A2-A3XX-01 0.493662033333333 0.413530033333333 0.589810733333333 0.495531733333333
TCGA-AO-A1KT-01 0.585788850864731 0.5566193 0.527978566666667 0.6352258
TCGA-BH-A0W7-01 0.576043533333333 0.5566193 0.303351366666667 0.449273866666667
TCGA-AN-A0FD-01 0.6951859 0.760278132902262 0.483378866666667 0.624710470269434
TCGA-E2-A155-01 0.764611833333333 0.8198637 0.844245066666667 0.752318133333333
TCGA-A8-A08I-01 0.493662033333333 0.621487266666667 0.394719978384834 0.552819702098217
TCGA-EW-A1P0-01 0.6634358 0.7942092 0.632336566666667 0.667542333333333
TCGA-LL-A6FR-01 0.517121105640509 0.4888009 0.6061863 0.905690966666667
TCGA-AC-A3HN-01 0.224249433333333 0.2844738 0.336996922319386 0.360115166666667
TCGA-B6-A0RN-01 0.675186032571261 0.773873466666667 0.6228401 0.707277966666667
TCGA-A2-A25D-01 0.6634358 0.521877566666667 0.372919133333333 0.490227366666667
TCGA-AR-A2LM-01 0.551843466666667 0.542947766666667 0.470245533333333 0.570622833333333
TCGA-A8-A094-01 0.382933933333333 0.4077322 0.4079555 0.545513333333333
TCGA-D8-A1X6-01 0.527730166666667 0.629373270640539 0.545128933333333 0.7449981
TCGA-D8-A1JP-01 0.538383066666667 0.641123466666667 0.418252733333333 0.633572433333333
TCGA-UU-A93S-01 0.585788850864731 0.566498470261967 0.744699933333333 0.409624
TCGA-C8-A26Y-01 0.4289428 0.413530033333333 0.708797766666667 0.5633201
TCGA-A2-A0EQ-01 0.617625866666667 0.232973666666667 0.350407633333333 0.458852833333333
TCGA-AR-A0TV-01 0.617625866666667 0.569675366666667 0.551843466666667 0.579530181436502
TCGA-E9-A54X-01 0.358483833333333 0.7942092 0.543051466318821 0.521877566666667
TCGA-AN-A0XS-01 0.358483833333333 0.458852833333333 0.389007566666667 0.610868366666667
TCGA-A7-A3IZ-01 0.743345566666667 0.8941999 0.767076733333333 0.6586785
TCGA-EW-A1J6-01 0.6453102 0.641123466666667 0.546725533333333 0.378665
TCGA-AO-A0J5-01 0.5632705 0.434486566666667 0.473286880019584 0.440149733333333
TCGA-A2-A3XZ-01 0.6634358 0.2703488 0.438828066666667 0.3224089
TCGA-AC-A5EI-01 0.382933933333333 0.3086526 0.485728169598914 0.8319982
TCGA-A2-A0YL-01 0.178173 0.1851259 0.484586766666667 0.210995333333333
TCGA-AC-A2FE-01 0.4546844 0.219501166666667 0.270847933333333 0.37603983921038
TCGA-A1-A0SB-01 0.2703488 0.552819702098217 0.873694333333333 0.565067766666667
TCGA-BH-A18G-01 0.4437355 0.655875932812366 0.6177005 0.717597466666667
TCGA-AO-A12D-01 0.294187266666667 0.468117108272761 0.321121 0.289877020753138
TCGA-E9-A1R3-01 0.4817248 0.458852833333333 0.439425033333333 0.460606433333333
TCGA-D8-A1XJ-01 0.493662033333333 0.59431897521371 0.653511058282903 0.610475933333333
TCGA-AC-A3QP-01 0.712647266666667 0.413530033333333 0.38408136434653 0.4768091
TCGA-BH-A0AW-01 0.3728577 0.434486566666667 0.252929333333333 0.624698166666667
TCGA-A8-A09M-01 0.603925933333333 0.610056921741472 0.501649105375527 0.5180159
TCGA-D8-A27K-01 0.334402366666667 0.580255833333333 0.5072191 0.585997166666667
TCGA-A2-A1FX-01 0.8364574 0.703540333333333 0.521877566666667 0.4308737
TCGA-A2-A0D2-01 0.585788850864731 0.513265233333333 0.523749808857361 0.547768966666667
TCGA-A7-A5ZX-01 0.2386094 0.349643366666667 0.589693133333333 0.2749572
TCGA-C8-A133-01 0.358483833333333 0.2703488 0.869763066666667 0.7942092
TCGA-C8-A12L-01 0.585788850864731 0.513265233333333 0.703540333333333 0.647456233333333
TCGA-E2-A15M-01 0.4817248 0.3392725 0.232973666666667 0.539354
TCGA-A8-A07I-01 0.684855933333333 0.6909484 0.4591124 0.606497866666667
TCGA-A8-A06P-01 0.358483833333333 0.447972733333333 0.459002833333333 0.563578766666667
TCGA-AR-A0TU-01 0.630772376144167 0.667520566666667 0.6333238 0.623305633654214
TCGA-AC-A62Y-01 0.493662033333333 0.434486566666667 0.443818533333333 0.494428066666667
TCGA-AO-A0J2-01 0.7322804 0.621487266666667 0.590305233333333 0.630772376144167
TCGA-A2-A0T4-01 0.517121105640509 0.4768091 0.374046745820422 0.498217727641674
TCGA-E2-A14O-01 0.6634358 0.59431897521371 0.676425933333333 0.8209884
TCGA-E9-A2JS-01 0.617625866666667 0.569675366666667 0.661415097961217 0.581658466666667
TCGA-BH-A0BL-01 0.334402366666667 0.320925666666667 0.2714583 0.290505166666667
TCGA-BH-A0B3-01 0.4289428 0.3392725 0.448788633333333 0.869763066666667
TCGA-AR-A2LK-01 0.743345566666667 0.610056921741472 0.576169466666667 0.418254066666667
TCGA-A1-A0SN-01 0.4817248 0.434486566666667 0.429909166666667 0.468117108272761
TCGA-BH-A0HP-01 0.2844738 0.4768091 0.495531733333333 0.448336366666667
TCGA-BH-A0HB-01 0.603925933333333 0.641123466666667 0.470188766666667 0.586592
TCGA-BH-A0AV-01 0.393878733333333 0.320925666666667 0.4511793 0.9330898
TCGA-E9-A1NF-01 0.506036533333333 0.434486566666667 0.3392996 0.394533065851863
TCGA-A2-A25A-01 0.1851259 0.2059738 0.3606234 0.304010144975493
TCGA-A8-A08R-01 0.468117108272761 0.5003786 0.439751433333333 0.368294666666667
TCGA-E9-A248-01 0.617625866666667 0.299442433333333 0.379027366666667 0.3086526
TCGA-E9-A1N8-01 0.684855933333333 0.919844966666667 0.8628592 0.5282792
TCGA-BH-A1EU-01 0.2844738 0.424188733333333 0.262170066666667 0.5342521
TCGA-A2-A0ET-01 0.585788850864731 0.7942092 0.7195157 0.662375870317353
TCGA-A8-A08G-01 0.723023266666667 0.655875932812366 0.576220333333333 0.3117987
TCGA-A7-A13E-01 0.824964866666667 0.6909484 0.7771159 0.589810733333333
TCGA-E2-A15H-01 0.603925933333333 0.513265233333333 0.684855933333333 0.582142266666667
TCGA-AR-A0U3-01 0.7322804 0.8063499 0.752367166666667 0.703619233333333
TCGA-AN-A0FJ-01 0.6634358 0.655875932812366 0.663626033333333 0.4508816
TCGA-A7-A4SC-01 0.49099330936613 0.3982337 0.510903310595766 0.494803402642812
TCGA-AN-A04D-01 0.7942092 0.8620236 0.922084933333333 0.760278132902262
TCGA-EW-A423-01 0.6319037 0.629373270640539 0.585997166666667 0.572015433333333
TCGA-AR-A255-01 0.4378456 0.413530033333333 0.418614133333333 0.373126833333333
TCGA-B6-A0I2-01 0.4546844 0.434486566666667 0.459554133333333 0.250668666666667
TCGA-AN-A0FW-01 0.506036533333333 0.610056921741472 0.6216761 0.571156933333333
TCGA-BH-A5J0-01 0.4695763 0.458852833333333 0.295733933333333 0.552127633333333
TCGA-EW-A2FR-01 0.4817248 0.2059738 0.379067733333333 0.373483533333333
TCGA-D8-A1XC-01 0.334402366666667 0.919844966666667 0.854419866666667 0.7611524
TCGA-A2-A25F-01 0.6319037 0.289577302770997 0.168653663333333 0.2760686
TCGA-C8-A275-01 0.5632705 0.5003786 0.4088773 0.506036533333333
TCGA-A2-A0ST-01 0.712647266666667 0.38408136434653 0.228158766666667 0.206067
TCGA-B6-A0IM-01 0.7322804 0.7942092 0.651956415134669 0.633753
TCGA-A2-A0EW-01 0.382933933333333 0.2703488 0.388323933333333 0.3982337
TCGA-LL-A7SZ-01 0.4437355 0.406559776418206 0.354842218901953 0.358483833333333
TCGA-E9-A1NE-01 0.4378456 0.232973666666667 0.250119233333333 0.2523589
TCGA-BH-A1EV-01 0.4437355 0.580255833333333 0.6568911 0.438006233333333
TCGA-BH-A0HA-01 0.506036533333333 0.739993466666667 0.366448333333333 0.686183266666667
TCGA-A8-A06T-01 0.8770464 0.621487266666667 0.594530966666667 0.7092216
TCGA-BH-A18H-01 0.403492366666667 0.290505166666667 0.383475066666667 0.349643366666667
TCGA-AC-A2FK-01 0.6453102 0.5003786 0.569675366666667 0.6061863
TCGA-BH-A0EA-01 0.262170066666667 0.4888009 0.507094866666667 0.542947766666667
TCGA-AR-A0TP-01 0.8941999 0.943155166666667 0.857802266666667 0.9014199
TCGA-A2-A4S0-01 0.4378456 0.290505166666667 0.797856366666667 0.6482553
TCGA-LL-A440-01 0.403492366666667 0.365639689534875 0.262318166666667 0.382949166666667
TCGA-AR-A24L-01 0.418017033333333 0.521877566666667 0.552819702098217 0.408321166666667
TCGA-A7-A426-01 0.506036533333333 0.2844738 0.532988733333333 0.4775892
TCGA-C8-A1HF-01 0.538383066666667 0.513265233333333 0.5479274 0.661415097961217
TCGA-AR-A0U1-01 0.382933933333333 0.388248433333333 0.418112633333333 0.450043833333333
TCGA-AN-A0XV-01 0.6319037 0.532096633333333 0.5022077 0.587519333333333
TCGA-AN-A0FF-01 0.418017033333333 0.667520566666667 0.4888009 0.529542910355857
TCGA-A8-A09B-01 0.6634358 0.629373270640539 0.624106166666667 0.4146696
TCGA-AO-A0JG-01 0.684855933333333 0.513265233333333 0.444124466666667 0.493859466666667
TCGA-A8-A075-01 0.517121105640509 0.5003786 0.483333733333333 0.413530033333333
TCGA-D8-A1JA-01 0.770478766666667 0.7942092 0.569843888092108 0.7328392
TCGA-A8-A07G-01 0.750197266666667 0.468117108272761 0.459681033333333 0.489736766666667
TCGA-BH-A1FE-06 0.262170066666667 0.320925666666667 0.465160590889874 0.398244355353701
TCGA-AR-A5QN-01 0.4695763 0.4768091 0.5184973 0.480272385586205
TCGA-AR-A0TW-01 0.4817248 0.447972733333333 0.510588169600767 0.812043666666667
TCGA-E2-A1IE-01 0.538383066666667 0.727039833333333 0.8487023 0.543470066666667
TCGA-A8-A07Z-01 0.538383066666667 0.667520566666667 0.6482553 0.61134537518898
TCGA-AR-A0TX-01 0.493662033333333 0.4077322 0.340522166666667 0.404864394663418
TCGA-D8-A27V-01 0.8364574 0.641123466666667 0.605743766666667 0.663488152950202
TCGA-E2-A10B-01 0.4437355 0.703540333333333 0.559249966666667 0.8323924
TCGA-C8-A26Z-01 0.707136566666667 0.717578566666667 0.732284233333333 0.586088333333333
TCGA-B6-A0X4-01 0.551843466666667 0.688942159113486 0.956505666666667 0.7195157
TCGA-C8-A12Q-01 0.4817248 0.458852833333333 0.5015544 0.546347533333333
TCGA-A2-A3XU-01 0.7322804 0.8198637 0.901772533333333 0.8371529
TCGA-A2-A3XV-01 0.3728577 0.629373270640539 0.602582243722138 0.546725533333333
TCGA-E9-A22H-01 0.6453102 0.727039833333333 0.650798589108221 0.639254704790646
TCGA-C8-A132-01 0.418017033333333 0.424188733333333 0.3589378 0.2854396
TCGA-A2-A0CP-01 0.6951859 0.447972733333333 0.493662033333333 0.470245533333333
TCGA-E9-A1RF-01 0.4437355 0.458852833333333 0.3888766 0.4824021
TCGA-E9-A1R6-01 0.585788850864731 0.569675366666667 0.68205184489226 0.449728633333333
TCGA-BH-A0W4-01 0.316348655961293 0.532096633333333 0.660499379901509 0.956505666666667
TCGA-BH-A1ES-01 0.517121105640509 0.727039833333333 0.7188829 0.785979166666667
TCGA-E2-A1B4-01 0.8691918 0.7942092 0.718066733333333 0.6958695
TCGA-MS-A51U-01 0.246974694342327 0.396207574529404 0.49413222356096 0.334402366666667
TCGA-A1-A0SO-01 0.8364574 0.703540333333333 0.9051258 0.776676333333333
TCGA-A8-A079-01 0.597713499851684 0.621487266666667 0.686625333333333 0.508561966666667
TCGA-B6-A0IH-01 0.2844738 0.257856918233076 0.429502266666667 0.1747121
TCGA-A7-A0CE-01 0.493662033333333 0.680501366666667 0.756872766666667 0.623325838262371
TCGA-AO-A03L-01 0.653085909286788 0.434486566666667 0.494160166666667 0.340522166666667
TCGA-B6-A1KC-01 0.9014199 0.727039833333333 0.781217733333333 0.744399287291235
TCGA-A2-A0D0-01 0.723023266666667 0.655875932812366 0.675709966666667 0.7528399
TCGA-S3-A6ZG-01 0.743345566666667 0.655875932812366 0.6132141 0.854419866666667
TCGA-E2-A1IF-01 0.4695763 0.2059738 0.507545533333333 0.376526539966395
TCGA-D8-A27R-01 0.6319037 0.3659756 0.486248861172735 0.347993328267041
TCGA-GI-A2C9-01 0.4817248 0.629373270640539 0.586592 0.5865284
TCGA-AR-A24Q-01 0.506036533333333 0.532096633333333 0.459690933333333 0.527750267162825
TCGA-C8-A12U-01 0.810612333333333 0.59431897521371 0.668686 0.776974933333333
TCGA-E2-A14W-01 0.9014199 0.5003786 0.8371529 0.635709766666667
TCGA-AC-A2B8-01 0.6453102 0.3298684 0.388248433333333 0.47860177590761
TCGA-E9-A2JT-01 0.294187266666667 0.358483833333333 0.187592966666667 0.199457137301168
TCGA-B6-A1KI-01 0.294187266666667 0.511335346327461 0.657002949364406 0.563905166666667
TCGA-A2-A0CO-01 0.418017033333333 0.521877566666667 0.294187266666667 0.4294824
TCGA-A7-A2KD-01 0.517121105640509 0.580255833333333 0.429519833333333 0.4146149
TCGA-A2-A0CL-01 0.617625866666667 0.299442433333333 0.187616833333333 0.187616833333333
TCGA-B6-A0IO-01 0.707136566666667 0.602582243722138 0.727039833333333 0.929377833333333
TCGA-AC-A2BM-01 0.4817248 0.532096633333333 0.5871575 0.3209498
TCGA-AR-A2LH-01 0.168653663333333 0.288605548410379 0.318339384100849 0.224515266666667
TCGA-E9-A1R4-01 0.358483833333333 0.388248433333333 0.4036324607432 0.394719978384834
TCGA-EW-A1IX-01 0.5632705 0.349643366666667 0.4712796 0.3223286
TCGA-BH-A1ET-01 0.3728577 0.621487266666667 0.563905166666667 0.622829733333333
TCGA-AN-A03Y-01 0.662542160928065 0.641123466666667 0.6227556 0.797642666666667
TCGA-E2-A153-01 0.517121105640509 0.621487266666667 0.399499133333333 0.538383066666667
TCGA-LQ-A4E4-01 0.653085909286788 0.8198637 0.7766032 0.646523866666667
TCGA-EW-A1J2-01 0.4437355 0.434486566666667 0.408321166666667 0.413543566666667
TCGA-BH-A0DK-01 0.576043533333333 0.521877566666667 0.257856918233076 0.501948866666667
TCGA-XX-A899-01 0.418017033333333 0.353827094558255 0.271387366666667 0.285142266666667
TCGA-AR-A1AO-01 0.168653663333333 0.199457137301168 0.17838659 0.187592966666667
TCGA-E2-A15L-01 0.506036533333333 0.655875932812366 0.635878766666667 0.732557033333333
TCGA-D8-A142-01 0.535478016045308 0.3086526 0.4695763 0.8364574
TCGA-AR-A1AL-01 0.2386094 0.447972733333333 0.4817248 0.4481408
TCGA-AQ-A1H3-01 0.4817248 0.569675366666667 0.4895487 0.580255833333333
TCGA-AO-A0JI-01 0.6951859 0.8063499 0.7858468 0.718618033333333
TCGA-AO-A0JF-01 0.2844738 0.424188733333333 0.304286 0.418810366666667
TCGA-D8-A1JS-01 0.6951859 0.9329532 0.8542666 0.802886066666667
TCGA-E2-A15O-01 0.750197266666667 0.727039833333333 0.766866933333333 0.690952733333333
TCGA-C8-A1HN-01 0.603925933333333 0.6909484 0.658392766666667 0.812079833333333
TCGA-E9-A3QA-01 0.2844738 0.2703488 0.360115166666667 0.3728577
TCGA-A2-A04R-01 0.7942092 0.873378166666667 0.7743484 0.824964866666667
TCGA-BH-A0BO-01 0.551843466666667 0.2844738 0.360658466666667 0.336996922319386
TCGA-BH-A18T-01 0.627454803860984 0.59431897521371 0.704653963718777 0.614404835823514
TCGA-AR-A0TQ-01 0.6319037 0.602582243722138 0.497683918026 0.303351366666667
TCGA-E9-A295-01 0.382933933333333 0.434486566666667 0.596036466666667 0.374046745820422
TCGA-BH-A42T-01 0.617625866666667 0.760278132902262 0.539354 0.641952633333333
TCGA-A2-A0EV-01 0.418017033333333 0.413530033333333 0.430409533333333 0.658478866666667
TCGA-E9-A5UO-01 0.810612333333333 0.853167233333333 0.922279633333333 0.708797766666667
TCGA-B6-A0RP-01 0.585788850864731 0.521877566666667 0.468117108272761 0.6218431
TCGA-GM-A2DF-01 0.5632705 0.3982337 0.403492366666667 0.227326566666667
TCGA-BH-A1FH-01 0.603925933333333 0.219501166666667 0.4135566 0.2108496
TCGA-BH-A18I-01 0.6634358 0.521877566666667 0.349643366666667 0.658002666666667
TCGA-AC-A8OR-01 0.4695763 0.625928529085218 0.781810162374781 0.707136566666667
TCGA-A2-A0SW-01 0.358483833333333 0.358483833333333 0.361539433333333 0.522624933333333
TCGA-BH-A0HI-01 0.316348655961293 0.641123466666667 0.5435451 0.5884786
TCGA-BH-A0HW-01 0.617625866666667 0.8319982 0.943155166666667 0.725204621050122
TCGA-BH-A0EI-01 0.801703066666667 0.3982337 0.614404835823514 0.5566193
TCGA-C8-A12P-01 0.3728577 0.413530033333333 0.508561966666667 0.3504757
TCGA-B6-A0RG-01 0.824964866666667 0.739993466666667 0.732759033333333 0.8327398
TCGA-C8-A1HM-01 0.493662033333333 0.349643366666667 0.409624 0.451219248476083
TCGA-EW-A3E8-01 0.302963833333333 0.320925666666667 0.353827094558255 0.354842218901953
TCGA-E2-A15K-01 0.602582243722138 0.667520566666667 0.4824334 0.66647132077426
TCGA-AN-A04A-01 0.617625866666667 0.542947766666667 0.542947766666667 0.5181789
TCGA-LL-A441-01 0.302963833333333 0.386935046442104 0.342875760743202 0.438818966666667
TCGA-AR-A24N-01 0.6634358 0.727039833333333 0.611410833333333 0.632336566666667
TCGA-A8-A06Z-01 0.810612333333333 0.8319982 0.802325133333333 0.8542666
TCGA-EW-A6S9-01 0.6453102 0.620685254550183 0.611314133333333 0.680501366666667
TCGA-A2-A4S3-01 0.5632705 0.542947766666667 0.563645033333333 0.531151478346797
TCGA-D8-A73X-01 0.358483833333333 0.610056921741472 0.566780241433422 0.5280408
TCGA-E2-A107-01 0.4378456 0.468117108272761 0.754785766666667 0.659133766666667
TCGA-EW-A1PB-01 0.5632705 0.3392725 0.3422376 0.534180633333333
TCGA-A2-A0CR-01 0.197056333333333 0.257856918233076 0.210995333333333 0.303963333333333
TCGA-AN-A0FN-01 0.403492366666667 0.168653663333333 0.1867819 0.272471891809109
TCGA-EW-A1PG-01 0.5632705 0.485474184539876 0.563541841501304 0.295733933333333
TCGA-A7-A4SB-01 0.603925933333333 0.59431897521371 0.725204621050122 0.557344466666667
TCGA-BH-A0B9-01 0.517121105640509 0.580255833333333 0.558050366666667 0.563839188384579
TCGA-E2-A56Z-01 0.7942092 0.6909484 0.7232141 0.527978566666667
TCGA-D8-A27T-01 0.527730166666667 0.641123466666667 0.373483533333333 0.4888009
TCGA-AC-A3OD-01 0.4437355 0.2703488 0.365639689534875 0.393807591338007
TCGA-AO-A03M-01 0.316348655961293 0.4768091 0.4508816 0.289577302770997
TCGA-EW-A1J5-01 0.6453102 0.6909484 0.424294966666667 0.615016530525644
TCGA-AR-A2LO-01 0.403492366666667 0.1851259 0.406606582788832 0.3307141
TCGA-AO-A03P-01 0.6319037 0.717578566666667 0.680566166666667 0.473021866666667
TCGA-B6-A0IN-01 0.585788850864731 0.610056921741472 0.369218266666667 0.538696933333333
TCGA-E2-A14Y-01 0.712647266666667 0.727039833333333 0.774712466666667 0.681122666666667
TCGA-AR-A1AH-01 0.770478766666667 0.6909484 0.820827166666667 0.8384573
TCGA-AC-A3YJ-01 0.3728577 0.529542910355857 0.623305633654214 0.5882548
TCGA-OL-A5S0-01 0.4378456 0.3982337 0.4289428 0.495853066666667
TCGA-A8-A08X-01 0.943155166666667 0.377720733333333 0.3835342 0.2386094
TCGA-C8-A26X-01 0.219501166666667 0.232973666666667 0.2703488 0.34346245493602
TCGA-A8-A09R-01 0.506036533333333 0.5003786 0.464703898884117 0.4378456
TCGA-AO-A03R-01 0.576043533333333 0.621487266666667 0.5180875 0.603925933333333
TCGA-A2-A1FW-01 0.6951859 0.8063499 0.6755086 0.773873466666667
TCGA-E9-A1NI-01 0.603925933333333 0.621487266666667 0.570622833333333 0.193481966666667
TCGA-EW-A1IZ-01 0.4289428 0.168653663333333 0.33755948855969 0.366777566666667
TCGA-S3-AA10-01 0.382933933333333 0.486248861172735 0.358762233333333 0.695840266666667
TCGA-C8-A135-01 0.358483833333333 0.232973666666667 0.4941101 0.477973333333333
TCGA-OL-A66J-01 0.5632705 0.542947766666667 0.523298766666667 0.539059266666667
TCGA-BH-A1EO-01 0.6319037 0.434486566666667 0.303963333333333 0.418040266666667
TCGA-A8-A07J-01 0.780827666666667 0.602582243722138 0.263860528869789 0.429232733333333
TCGA-AN-A0AR-01 0.857802266666667 0.9051258 0.8487872 0.8403802
TCGA-BH-A0BD-01 0.8487023 0.655875932812366 0.4600926 0.612121233333333
TCGA-A8-A09A-01 0.328500098940965 0.3659756 0.513427833333333 0.234089566666667
TCGA-BH-A0BT-01 0.770478766666667 0.629373270640539 0.585788850864731 0.717243055348068
TCGA-AR-A1AX-01 0.209514966666667 0.3982337 0.274564733333333 0.262326266666667
TCGA-D8-A1XG-01 0.576043533333333 0.7942092 0.7083649 0.752109433333333
TCGA-GM-A3XN-01 0.4546844 0.290505166666667 0.39771219222234 0.394097166666667
TCGA-A8-A0AD-01 0.857802266666667 0.532096633333333 0.455138546653776 0.613862533333333
TCGA-B6-A40C-01 0.403492366666667 0.655875932812366 0.5073585 0.534203033333333
TCGA-A8-A095-01 0.393878733333333 0.680501366666667 0.633572433333333 0.5703276
TCGA-AR-A0TZ-01 0.764611833333333 0.8620236 0.699715366666667 0.7743484
TCGA-AN-A03X-01 0.6951859 0.513265233333333 0.4184638 0.9214153
TCGA-A8-A07C-01 0.525252506611596 0.434486566666667 0.580880450581771 0.532935252335961
TCGA-E2-A10A-01 0.538383066666667 0.655875932812366 0.635655033333333 0.7322804
TCGA-AR-A0TY-01 0.684855933333333 0.717578566666667 0.7771843 0.6356434
TCGA-AC-A3W5-01 0.4817248 0.424188733333333 0.2626158 0.430214366666667
TCGA-D8-A147-01 0.5632705 0.542947766666667 0.603987033333333 0.4546844
TCGA-C8-A131-01 0.328500098940965 0.2703488 0.527730166666667 0.388248433333333
TCGA-B6-A0WY-01 0.224249433333333 0.2703488 0.547170233333333 0.255509149602018
TCGA-B6-A0X7-01 0.302963833333333 0.532096633333333 0.615016530525644 0.5073585
TCGA-AR-A24U-01 0.6951859 0.290505166666667 0.274944733333333 0.294562066666667
TCGA-D8-A1XT-01 0.4546844 0.532096633333333 0.430058333333333 0.564756466666667
TCGA-B6-A409-01 0.551843466666667 0.580255833333333 0.65548550664096 0.447972966666667
TCGA-OL-A66I-01 0.538383066666667 0.250119233333333 0.2395565 0.3392996
TCGA-E2-A1LG-01 0.538383066666667 0.680501366666667 0.7868482 0.3307289
TCGA-AN-A04C-01 0.81702737579333 0.602582243722138 0.6702585 0.665205426871845
TCGA-B6-A0I5-01 0.4695763 0.655875932812366 0.557344466666667 0.622489766666667
TCGA-AR-A2LJ-01 0.403492366666667 0.4077322 0.302963833333333 0.473122533333333
TCGA-BH-A0DL-01 0.328500098940965 0.3392725 0.4383829 0.320925666666667
TCGA-OK-A5Q2-01 0.3728577 0.358483833333333 0.414676366666667 0.397875837191114
TCGA-A7-A5ZW-01 0.302963833333333 0.299442433333333 0.4146276 0.3513239
TCGA-E2-A15T-01 0.801703066666667 0.873378166666667 0.8655453 0.621880233333333
TCGA-E2-A14Q-01 0.538383066666667 0.3392725 0.647172566666667 0.5089925
TCGA-AQ-A54N-01 0.8364574 0.8319982 0.8631753 0.686625333333333
TCGA-AR-A1AT-01 0.47860177590761 0.461838357859547 0.408997 0.483058944396352
TCGA-BH-A0DO-01 0.517121105640509 0.3982337 0.6909484 0.403992833333333
TCGA-AO-A1KO-01 0.617625866666667 0.3659756 0.659133766666667 0.321121
TCGA-A8-A099-01 0.780827666666667 0.873378166666667 0.6353413 0.713187159972648
TCGA-AC-A6NO-01 0.382933933333333 0.464703898884117 0.732845269445908 0.270847933333333
TCGA-BH-A1F6-01 0.617625866666667 0.434486566666667 0.470924866666667 0.497683918026
TCGA-OL-A97C-01 0.4289428 0.498217727641674 0.527750267162825 0.525252506611596
TCGA-E2-A1L8-01 0.6951859 0.5566193 0.543470066666667 0.8691918
TCGA-AQ-A04J-01 0.224249433333333 0.424188733333333 0.3224089 0.764611833333333
TCGA-C8-A1HL-01 0.6951859 0.629373270640539 0.552158233333333 0.461163066666667
TCGA-D8-A1XW-01 0.810612333333333 0.641123466666667 0.358950629453868 0.59431897521371
TCGA-A2-A0ES-01 0.4437355 0.358483833333333 0.461838357859547 0.461191721500634
TCGA-A2-A0SU-01 0.617625866666667 0.542947766666667 0.562681782838417 0.4695763
TCGA-LL-A6FQ-01 0.684855933333333 0.717578566666667 0.611316666666667 0.513330733333333
TCGA-A1-A0SI-01 0.358483833333333 0.4768091 0.37603983921038 0.484586766666667
TCGA-D8-A1XB-01 0.302963833333333 0.580255833333333 0.577390565097402 0.383302566666667
TCGA-BH-A18L-01 0.68205184489226 0.667520566666667 0.810869066666667 0.7078889
TCGA-E2-A2P5-01 0.6634358 0.5566193 0.617625866666667 0.622476766666667
TCGA-A2-A0EN-01 0.8487023 0.290505166666667 0.2266341 0.438301566666667
TCGA-A8-A09Z-01 0.929377833333333 0.8620236 0.552127633333333 0.7669557
TCGA-B6-A0IB-01 0.707136566666667 0.610056921741472 0.8735322 0.197677266666667
TCGA-A8-A08L-01 0.743345566666667 0.542947766666667 0.539468766666667 0.684855933333333
TCGA-E9-A247-01 0.6634358 0.621487266666667 0.7942092 0.560821491891585
TCGA-BH-A0HX-01 0.506036533333333 0.5566193 0.552469933333333 0.3048173
TCGA-BH-A1EY-01 0.527730166666667 0.513265233333333 0.3121346 0.507545533333333
TCGA-BH-A1FL-01 0.653085909286788 0.773873466666667 0.690952733333333 0.688942159113486
TCGA-AC-A6IW-01 0.302963833333333 0.39771219222234 0.3982337 0.414562366666667
TCGA-BH-A201-01 0.576043533333333 0.513265233333333 0.57695040222911 0.527730166666667
TCGA-B6-A0I1-01 0.576043533333333 0.773873466666667 0.8832811 0.708623133333333
TCGA-B6-A0IA-01 0.8364574 0.873378166666667 0.8384573 0.764680936834569
TCGA-D8-A1JF-01 0.506036533333333 0.468117108272761 0.528385166666667 0.484688033333333
TCGA-AC-A5XU-01 0.4817248 0.602582243722138 0.6218431 0.455138546653776
TCGA-A7-A4SA-01 0.750197266666667 0.257856918233076 0.376526539966395 0.439706166666667
TCGA-BH-A202-01 0.801703066666667 0.3392725 0.49099330936613 0.396207574529404
TCGA-GM-A3XL-01 0.5632705 0.5566193 0.577760774796394 0.430058333333333
TCGA-A8-A083-01 0.328500098940965 0.760278132902262 0.824964866666667 0.604426933333333
TCGA-A2-A4S1-01 0.334402366666667 0.521877566666667 0.255509149602018 0.533170533333333
TCGA-BH-A0BJ-01 0.418017033333333 0.3659756 0.480272385586205 0.312028066666667
TCGA-BH-A6R9-01 0.4289428 0.2703488 0.199457137301168 0.233649233333333
TCGA-BH-A0C3-01 0.4817248 0.358483833333333 0.3659756 0.4083222
TCGA-E2-A105-01 0.7322804 0.760278132902262 0.810612333333333 0.744699933333333
TCGA-OL-A66L-01 0.4695763 0.59431897521371 0.398401066666667 0.4839688
TCGA-EW-A6SB-01 0.382933933333333 0.1851259 0.4480647 0.2907366
TCGA-S3-AA15-01 0.197056333333333 0.247844161160202 0.2202661 0.169480613333333
TCGA-LD-A66U-01 0.2703488 0.4077322 0.418040266666667 0.2844738
TCGA-A2-A1FV-01 0.770478766666667 0.7942092 0.7669557 0.786982533333333
TCGA-GM-A2DK-01 0.585788850864731 0.4768091 0.459682933333333 0.473286880019584
TCGA-A8-A08O-01 0.603925933333333 0.542947766666667 0.686344666666667 0.636123833333333
TCGA-GM-A2DH-01 0.7322804 0.3298684 0.495853066666667 0.4699933
TCGA-BH-A18P-01 0.551843466666667 0.63681658112065 0.621880233333333 0.7837195
TCGA-BH-A18N-01 0.6951859 0.8198637 0.6992937 0.686771923454187
TCGA-A8-A08Z-01 0.403492366666667 0.629373270640539 0.334402366666667 0.6236822
TCGA-AN-A0G0-01 0.5632705 0.542947766666667 0.698681666666667 0.590508315108047
TCGA-AO-A128-01 0.294187266666667 0.250119233333333 0.224515266666667 0.568387615631024
TCGA-D8-A1XR-01 0.585788850864731 0.773873466666667 0.682486095819881 0.8063499
TCGA-OL-A6VR-01 0.6319037 0.717182148355889 0.863723933333333 0.797856366666667
TCGA-BH-A0DT-01 0.302963833333333 0.447972733333333 0.490227366666667 0.7338497
TCGA-BH-A8FY-01 0.576043533333333 0.677165905554572 0.7658521 0.7646776
TCGA-D8-A1JJ-01 0.393878733333333 0.434486566666667 0.513330733333333 0.513536
TCGA-OL-A66K-01 0.4817248 0.413530033333333 0.6110383 0.656062366666667
TCGA-B6-A2IU-01 0.382933933333333 0.6909484 0.776974933333333 0.611314133333333
TCGA-AN-A0AJ-01 0.538383066666667 0.629373270640539 0.4699933 0.6702585
TCGA-B6-A40B-01 0.551843466666667 0.580255833333333 0.605405466666667 0.514149760751481
TCGA-A8-A07O-01 0.551843466666667 0.542947766666667 0.6319037 0.523298766666667
TCGA-A2-A0YF-01 0.707136566666667 0.727039833333333 0.6055209 0.718066733333333
TCGA-BH-A0C0-01 0.2703488 0.2703488 0.34346245493602 0.563299333333333
TCGA-C8-A26W-01 0.603925933333333 0.621487266666667 0.471892933333333 0.6228401
TCGA-A8-A07R-01 0.857802266666667 0.703540333333333 0.806752166666667 0.5184973
TCGA-AR-A1AJ-01 0.219501166666667 0.168653663333333 0.2108496 0.197056333333333
TCGA-A7-A3J0-01 0.316348655961293 0.567707407047755 0.718618033333333 0.672885173472495
TCGA-A2-A4RY-01 0.6634358 0.496539577602729 0.482770566666667 0.341558033333333
TCGA-OL-A5D8-01 0.750197266666667 0.739993466666667 0.633753 0.723023266666667
TCGA-AN-A046-01 0.2703488 0.542947766666667 0.386935046442104 0.450497190215941
TCGA-AC-A2FO-01 0.418017033333333 0.388248433333333 0.3223286 0.359126533333333
TCGA-EW-A6SA-01 0.731252654120554 0.760278132902262 0.9214153 0.820357133333333
TCGA-A2-A0CX-01 0.4695763 0.349643366666667 0.430214366666667 0.696467566666667
TCGA-D8-A73W-01 0.517121105640509 0.497683918026 0.4480623 0.523587666666667
TCGA-HN-A2OB-01 0.4378456 0.377720733333333 0.482812766666667 0.295361566666667
TCGA-AO-A12H-01 0.246974694342327 0.4077322 0.677925796424504 0.7451933
TCGA-D8-A1XU-01 0.603925933333333 0.468117108272761 0.49660907646024 0.542276424642284
TCGA-AC-A23E-01 0.316348655961293 0.513265233333333 0.384199593533397 0.4087017
TCGA-A8-A09D-01 0.6453102 0.5566193 0.3728577 0.443818533333333
TCGA-E2-A1LH-01 0.302963833333333 0.320925666666667 0.3216084 0.379067733333333
TCGA-A8-A09Q-01 0.536589695574927 0.655875932812366 0.393807591338007 0.545483734949655
TCGA-E9-A1RI-01 0.585788850864731 0.5566193 0.460019566666667 0.362917659490041
TCGA-A2-A0EO-01 0.4817248 0.447972733333333 0.406000737632364 0.594530966666667
TCGA-E2-A574-01 0.653085909286788 0.629373270640539 0.921355966666667 0.63123696185565
TCGA-AR-A24M-01 0.5632705 0.621487266666667 0.538383066666667 0.472658266666667
TCGA-A1-A0SK-01 0.946500733333333 0.9051258 0.8941999 0.839591433333333
TCGA-A2-A3Y0-01 0.3728577 0.447972733333333 0.552295333333333 0.4895487
TCGA-EW-A1IW-01 0.506036533333333 0.3659756 0.546077566666667 0.564252666666667
TCGA-C8-A8HP-01 0.347993328267041 0.37733192725381 0.409831166666667 0.2714583
TCGA-AO-A0J8-01 0.617625866666667 0.717578566666667 0.5182578 0.6713024
TCGA-A8-A08J-01 0.603925933333333 0.521877566666667 0.542276424642284 0.424294966666667
TCGA-A1-A0SH-01 0.224249433333333 0.434486566666667 0.429209966666667 0.398401066666667
TCGA-EW-A1P6-01 0.9014199 0.6909484 0.623117366666667 0.5867216
TCGA-A8-A091-01 0.617625866666667 0.773873466666667 0.662542160928065 0.723665282744624
TCGA-AR-A252-01 0.603925933333333 0.364744430765801 0.2261054 0.270387133333333
TCGA-AN-A0AL-01 0.603812465248953 0.739993466666667 0.420062666666667 0.669411733333333
TCGA-A7-A26G-01 0.334402366666667 0.358483833333333 0.295361566666667 0.361539433333333
TCGA-AR-A2LE-01 0.4289428 0.703540333333333 0.658478866666667 0.685849933333333
TCGA-C8-A1HI-01 0.527730166666667 0.532096633333333 0.649090607643096 0.483333733333333
TCGA-A1-A0SD-01 0.6453102 0.513265233333333 0.527944866666667 0.5022077
TCGA-JL-A3YX-01 0.4546844 0.4888009 0.725813191909541 0.685295366666667
TCGA-AR-A1AR-01 0.4437355 0.521877566666667 0.303723033333333 0.524009133333333
TCGA-AR-A24X-01 0.4817248 0.5003786 0.606497866666667 0.418252733333333
TCGA-A7-A26H-01 0.403492366666667 0.388248433333333 0.451219248476083 0.4480647
TCGA-5T-A9QA-01 0.538383066666667 0.66647132077426 0.9096488 0.6866606
TCGA-A7-A6VX-01 0.750197266666667 0.620975574878758 0.6120267 0.576220333333333
TCGA-E2-A9RU-01 0.684855933333333 0.577760774796394 0.594867248116391 0.494634133333333
TCGA-E2-A1IK-01 0.6453102 0.232973666666667 0.560821491891585 0.449018033333333
TCGA-E2-A15R-01 0.8364574 0.844245066666667 0.882798866666667 0.780827666666667
TCGA-EW-A1OV-01 0.5632705 0.290505166666667 0.2386094 0.373024666666667
TCGA-AC-A5EH-01 0.4378456 0.377720733333333 0.4481408 0.444459303793279
TCGA-AO-A0JB-01 0.824964866666667 0.703540333333333 0.558185733333333 0.717807333333333
TCGA-AO-A03T-01 0.4546844 0.542947766666667 0.646523866666667 0.8285359
TCGA-A7-A4SE-01 0.493662033333333 0.434486566666667 0.5573096 0.81702737579333
TCGA-AO-A126-01 0.551843466666667 0.521877566666667 0.4700569 0.641379633333333
TCGA-BH-A0H7-01 0.660499379901509 0.59431897521371 0.546347533333333 0.946500733333333
TCGA-D8-A1XM-01 0.3728577 0.513265233333333 0.382949166666667 0.528385166666667
TCGA-E9-A1NC-01 0.3728577 0.4077322 0.364744430765801 0.399829
TCGA-D8-A1J9-01 0.653085909286788 0.4768091 0.525252506611596 0.6634358
TCGA-D8-A1JD-01 0.617625866666667 0.434486566666667 0.450497190215941 0.294187266666667
TCGA-D8-A1JK-01 0.418017033333333 0.349643366666667 0.362917659490041 0.901772533333333
TCGA-A8-A09X-01 0.328500098940965 0.290505166666667 0.329659568986591 0.482522233333333
TCGA-GM-A5PX-01 0.675186032571261 0.468117108272761 0.4839688 0.3888766
TCGA-BH-A0B0-01 0.358483833333333 0.521877566666667 0.361117566666667 0.510588169600767
TCGA-C8-A12W-01 0.4695763 0.424188733333333 0.471389233333333 0.873378166666667
TCGA-A2-A0YD-01 0.403492366666667 0.5003786 0.341401733333333 0.408997
TCGA-GM-A2DD-01 0.246974694342327 0.3086526 0.250867266666667 0.342458533333333
TCGA-B6-A0IQ-01 0.506036533333333 0.532096633333333 0.717578566666667 0.6992937
TCGA-C8-A1HK-01 0.538383066666667 0.655875932812366 0.7092216 0.3419636
TCGA-D8-A27N-01 0.6634358 0.5566193 0.398244355353701 0.631982766666667
TCGA-C8-A138-01 0.4695763 0.413530033333333 0.322276933333333 0.510903310595766
TCGA-A2-A0YT-01 0.750197266666667 0.513265233333333 0.6993112 0.810869066666667
TCGA-PE-A5DC-01 0.6453102 0.655875932812366 0.669411733333333 0.65548550664096
TCGA-AR-A5QQ-01 0.168653663333333 0.299442433333333 0.3396934 0.295435233333333
TCGA-A2-A0CZ-01 0.480272385586205 0.542947766666667 0.340124233333333 0.486248861172735
TCGA-A2-A1G4-01 0.6951859 0.739993466666667 0.718098366666667 0.7083018
TCGA-D8-A27M-01 0.675186032571261 0.447972733333333 0.2857258 0.2853293
TCGA-D8-A1XS-01 0.81702737579333 0.7942092 0.5342521 0.719007833333333
TCGA-AC-A2QH-01 0.672885173472495 0.677925796424504 0.820357133333333 0.667985143804558
TCGA-E2-A1B1-01 0.246974694342327 0.388248433333333 0.275766833333333 0.2101682
TCGA-E9-A22E-01 0.538383066666667 0.3982337 0.276215667063956 0.275573666666667
TCGA-BH-A0C1-01 0.4437355 0.447972733333333 0.484688033333333 0.393878733333333
TCGA-D8-A3Z5-01 0.358483833333333 0.2703488 0.708082733333333 0.4600926
TCGA-AO-A0JM-01 0.576043533333333 0.542947766666667 0.534203033333333 0.464032018122333
TCGA-E9-A1RA-01 0.551843466666667 0.358483833333333 0.59024693634779 0.341072133333333
TCGA-BH-A0HO-01 0.219501166666667 0.641123466666667 0.524009133333333 0.562681782838417
TCGA-AN-A0XR-01 0.780827666666667 0.844245066666667 0.760278132902262 0.781217733333333
TCGA-BH-A1EN-01 0.506036533333333 0.641123466666667 0.66647132077426 0.494160166666667
TCGA-A2-A25C-01 0.403492366666667 0.641123466666667 0.5573815 0.418614133333333
TCGA-5L-AAT0-01 0.2703488 0.396529665916427 0.3891093 0.448566133333333
TCGA-OL-A5RW-01 0.694357109994242 0.8198637 0.647379366666667 0.7658521
TCGA-A2-A0EY-01 0.4695763 0.458852833333333 0.5433102 0.406606582788832
TCGA-B6-A0WS-01 0.418017033333333 0.4888009 0.3884425 0.528199933333333
TCGA-AQ-A0Y5-01 0.493662033333333 0.447972733333333 0.5017763 0.464703898884117
TCGA-C8-A26V-01 0.5632705 0.739993466666667 0.646697566666667 0.743345566666667
TCGA-E9-A22B-01 0.857802266666667 0.468117108272761 0.496122011585032 0.589693133333333
TCGA-B6-A0X0-01 0.262170066666667 0.629373270640539 0.8323924 0.6351018
TCGA-BH-A0E1-01 0.358483833333333 0.727039833333333 0.685295366666667 0.621622266666667
TCGA-LL-A73Z-01 0.316348655961293 0.232973666666667 0.408058033333333 0.2857258
TCGA-EW-A3U0-01 0.4546844 0.250119233333333 0.233649233333333 0.439751433333333
TCGA-A7-A13D-01 0.4817248 0.513265233333333 0.764611833333333 0.420062666666667
TCGA-S3-AA0Z-01 0.750197266666667 0.717243055348068 0.59431897521371 0.882798866666667
TCGA-A2-A3KC-01 0.4817248 0.4768091 0.455070066666667 0.518302333333333
TCGA-E2-A159-01 0.8770464 0.299442433333333 0.3987564 0.486416708222223
TCGA-D8-A73U-01 0.1851259 0.205640589294481 0.17065858 0.250119233333333
TCGA-A7-A6VW-01 0.707136566666667 0.649090607643096 0.596360333333333 0.713389266666667
TCGA-EW-A1P7-01 0.2386094 0.287183804178315 0.2101682 0.288605548410379
TCGA-E2-A14N-01 0.205640589294481 0.168653663333333 0.668179233333333 0.403492366666667
TCGA-BH-A0DH-01 0.824964866666667 0.773873466666667 0.620685254550183 0.6120267
TCGA-E2-A1IL-01 0.585788850864731 0.739993466666667 0.6468161 0.699998133333333
TCGA-EW-A1PA-01 0.585788850864731 0.629373270640539 0.622829733333333 0.5573096
TCGA-AO-A12G-01 0.6634358 0.655875932812366 0.545483734949655 0.6588865
TCGA-D8-A1Y1-01 0.6951859 0.580255833333333 0.457510176595874 0.429723566666667
TCGA-B6-A0RU-01 0.9096488 0.513265233333333 0.6958695 0.5017763
TCGA-BH-A1F2-01 0.5632705 0.447972733333333 0.508583933333333 0.507094866666667
TCGA-OL-A6VO-01 0.6453102 0.723665282744624 0.6960221 0.9329532
TCGA-AR-A0TR-01 0.743345566666667 0.760278132902262 0.853167233333333 0.5180875
TCGA-AN-A0XO-01 0.403492366666667 0.680501366666667 0.744768066666667 0.558050366666667
TCGA-E9-A1R0-01 0.6634358 0.4768091 0.522624933333333 0.393960133333333
TCGA-AR-A24W-01 0.393878733333333 0.219501166666667 0.6332485 0.219501166666667
TCGA-E9-A1NA-01 0.585788850864731 0.513265233333333 0.447972733333333 0.545834266666667
TCGA-BH-A18S-01 0.675186032571261 0.680501366666667 0.7179349 0.717182148355889
TCGA-LL-A9Q3-01 0.538383066666667 0.566780241433422 0.5326138 0.6332068
TCGA-E9-A6HE-01 0.393878733333333 0.621487266666667 0.47860177590761 0.576387966666667
TCGA-E2-A1L7-01 0.6319037 0.458852833333333 0.461191721500634 0.686334566666667
TCGA-B6-A0RM-01 0.810612333333333 0.8319982 0.795091766666667 0.523714233333333
TCGA-XX-A89A-01 0.517121105640509 0.406606582788832 0.250668666666667 0.459002833333333
TCGA-AN-A0AM-01 0.4437355 0.444459303793279 0.531151478346797 0.274944733333333
TCGA-A2-A0CU-01 0.5632705 0.513265233333333 0.6713024 0.595059733333333
TCGA-B6-A0WV-01 0.527730166666667 0.610056921741472 0.8951629 0.635988866666667
TCGA-E9-A1N3-01 0.302963833333333 0.621487266666667 0.8452371 0.501539933333333
TCGA-4H-AAAK-01 0.653085909286788 0.528725531492564 0.473122533333333 0.4818834
TCGA-C8-A12X-01 0.6634358 0.8319982 0.636123833333333 0.752933833333333
TCGA-LL-A5YL-01 0.919844966666667 0.4888009 0.470558766666667 0.4824441
TCGA-BH-A0BQ-01 0.262170066666667 0.4077322 0.4087017 0.384199593533397
TCGA-AN-A0FX-01 0.576043533333333 0.458852833333333 0.672885173472495 0.718098366666667
TCGA-AR-A0U4-01 0.334402366666667 0.413530033333333 0.330791333333333 0.341401733333333
TCGA-AR-A250-01 0.6319037 0.621487266666667 0.403992833333333 0.360076633333333
TCGA-A8-A07E-01 0.493662033333333 0.4888009 0.394097166666667 0.4890709
TCGA-AC-A3TM-01 0.551843466666667 0.513265233333333 0.545304866666667 0.444124466666667
TCGA-C8-A27A-01 0.712647266666667 0.6909484 0.8252319 0.577390565097402
TCGA-A2-A3XY-01 0.675186032571261 0.580255833333333 0.3504757 0.329659568986591
TCGA-C8-A273-01 0.684855933333333 0.6909484 0.604426933333333 0.648159366666667
TCGA-E2-A570-01 0.527730166666667 0.377720733333333 0.571156933333333 0.576460333333333
TCGA-A2-A0YI-01 0.6319037 0.447972733333333 0.3103932 0.330791333333333
TCGA-BH-A0H6-01 0.707136566666667 0.760278132902262 0.632763157126999 0.6951859
TCGA-E2-A15A-06 0.418017033333333 0.377720733333333 0.418741933333333 0.449030035271082
TCGA-AO-A124-01 0.7942092 0.773873466666667 0.780827666666667 0.718786507422175
TCGA-E9-A5FL-01 0.328500098940965 0.3298684 0.5865284 0.429209966666667
TCGA-BH-A1F0-01 0.1851259 0.232973666666667 0.209514966666667 0.1867819
TCGA-D8-A1XL-01 0.5632705 0.569675366666667 0.448227733333333 0.482812766666667
TCGA-EW-A1PE-01 0.6634358 0.4768091 0.396529665916427 0.6333238
TCGA-A1-A0SQ-01 0.684855933333333 0.665205426871845 0.677165905554572 0.7076731
TCGA-A7-A26J-01 0.615016530525644 0.569675366666667 0.579530181436502 0.7129977
TCGA-A2-A04X-01 0.527730166666667 0.5566193 0.429723566666667 0.511335346327461
TCGA-E2-A3DX-01 0.551843466666667 0.2059738 0.241438466666667 0.472511266666667
TCGA-AC-A6IX-06 0.347993328267041 0.299442433333333 0.4294824 0.4036324607432
TCGA-BH-A0BR-01 0.493662033333333 0.532096633333333 0.373024666666667 0.457510176595874
TCGA-E9-A22D-01 0.9014199 0.377720733333333 0.2747741 0.263860528869789
TCGA-BH-A1FR-01 0.617625866666667 0.290505166666667 0.613862533333333 0.6453102
TCGA-BH-A0RX-01 0.193481966666667 0.266238285853447 0.2514756 0.224249433333333
TCGA-BH-A5IZ-01 0.617625866666667 0.703540333333333 0.707277966666667 0.660499379901509
TCGA-BH-A8FZ-01 0.4289428 0.394719978384834 0.3307289 0.338731842202706
TCGA-BH-A0W3-01 0.7322804 0.717578566666667 0.744555733333333 0.795067933333333
TCGA-E2-A156-01 0.780827666666667 0.703540333333333 0.8380774 0.825369533333333
TCGA-B6-A0IJ-01 0.358483833333333 0.3982337 0.4590277 0.6330248
TCGA-EW-A1OX-01 0.7942092 0.919844966666667 0.723023266666667 0.611316666666667
TCGA-B6-A0I8-01 0.538383066666667 0.580255833333333 0.734770289659864 0.604999480985794
TCGA-LL-A5YP-01 0.506036533333333 0.377720733333333 0.418254066666667 0.6134003
TCGA-BH-A209-01 0.4817248 0.2703488 0.3048173 0.341685533333333
TCGA-AN-A0FT-01 0.8487023 0.653085909286788 0.511335346327461 0.646551024629844
TCGA-E2-A1LB-01 0.403492366666667 0.667520566666667 0.635591495710396 0.623117366666667
TCGA-A8-A08C-01 0.603925933333333 0.919844966666667 0.7076731 0.2747741
TCGA-BH-A0AY-01 0.506036533333333 0.413530033333333 0.5282792 0.728339633333333
TCGA-AO-A1KR-01 0.4546844 0.388248433333333 0.750197266666667 0.438211566666667
TCGA-BH-A0BA-01 0.527730166666667 0.458852833333333 0.570856084797608 0.774712466666667
TCGA-A2-A0YM-01 0.506036533333333 0.542947766666667 0.539059266666667 0.8620236
TCGA-BH-A0DQ-01 0.4437355 0.610056921741472 0.4300937 0.651956415134669
TCGA-A8-A07U-01 0.358483833333333 0.219501166666667 0.2760686 0.696353533333333
TCGA-EW-A2FV-01 0.6453102 0.542947766666667 0.4768091 0.558919886525263
TCGA-E2-A14V-01 0.4695763 0.4768091 0.764680936834569 0.4838462
TCGA-A2-A04T-01 0.5632705 0.580255833333333 0.571638566666667 0.6978986
TCGA-A2-A3XS-01 0.517121105640509 0.5003786 0.55844870417434 0.9051258
TCGA-A8-A08T-01 0.675186032571261 0.8198637 0.633951433333333 0.646697566666667
TCGA-A8-A092-01 0.704653963718777 0.680501366666667 0.647561466666667 0.922084933333333
TCGA-BH-A28O-01 0.527730166666667 0.485728169598914 0.472511266666667 0.438850533333333
TCGA-AC-A8OQ-01 0.347993328267041 0.457945151963691 0.394039331594141 0.593688757736554
TCGA-D8-A4Z1-01 0.302963833333333 0.3086526 0.536944649195128 0.2514756
TCGA-A1-A0SG-01 0.7322804 0.602582243722138 0.532096633333333 0.624106166666667
TCGA-A2-A259-01 0.493662033333333 0.434486566666667 0.4776955 0.419023833333333
TCGA-OL-A5D7-01 0.585788850864731 0.5566193 0.5180159 0.459682933333333
TCGA-E9-A228-01 0.684855933333333 0.569675366666667 0.668181866666667 0.6993112
TCGA-E9-A1RC-01 0.81702737579333 0.8319982 0.776561966666667 0.736643410450378
TCGA-LD-A9QF-01 0.538383066666667 0.318339384100849 0.197056333333333 0.17065858
TCGA-A2-A25E-01 0.576043533333333 0.680501366666667 0.676087533333333 0.6332485
TCGA-AR-A5QM-01 0.585788850864731 0.219501166666667 0.4308737 0.448227733333333
TCGA-LL-A5YN-01 0.393878733333333 0.219501166666667 0.341558033333333 0.2059738
TCGA-D8-A1JM-01 0.743345566666667 0.773873466666667 0.8319982 0.754785766666667
TCGA-A8-A0A9-01 0.712647266666667 0.641123466666667 0.568105532387936 0.8655453
TCGA-BH-A18V-01 0.6319037 0.542947766666667 0.439873633333333 0.547083770661153
TCGA-D8-A1Y0-01 0.946500733333333 0.5566193 0.398259266666667 0.5633579
TCGA-A8-A085-01 0.770478766666667 0.8620236 0.7528399 0.733537033333333
TCGA-BH-A0WA-01 0.6319037 0.5566193 0.63681658112065 0.594867248116391
TCGA-BH-A0H0-01 0.4546844 0.8620236 0.786982533333333 0.776561966666667
TCGA-BH-A0EB-01 0.403492366666667 0.413530033333333 0.330262966666667 0.460144033333333
TCGA-E2-A1IN-01 0.5632705 0.542947766666667 0.5338827 0.55844870417434
TCGA-A2-A0YH-01 0.418017033333333 0.377720733333333 0.3210894 0.4088773
TCGA-A2-A0YG-01 0.527730166666667 0.4768091 0.717243055348068 0.8328151
TCGA-BH-A2L8-01 0.347993328267041 0.1851259 0.294562066666667 0.378683133333333
TCGA-AO-A12F-01 0.629373270640539 0.641123466666667 0.646388033333333 0.620975574878758
TCGA-AR-A24O-01 0.316348655961293 0.413530033333333 0.322069133333333 0.309096266666667
TCGA-PL-A8LY-01 0.6453102 0.510903310595766 0.723665282744624 0.17069473
TCGA-EW-A1P1-01 0.7322804 0.420695859536215 0.2718014 0.2395565
TCGA-E9-A1R2-01 0.603925933333333 0.641123466666667 0.594863612332699 0.658889833333333
TCGA-GM-A2DN-01 0.493662033333333 0.349643366666667 0.3592534 0.299442433333333
TCGA-B6-A0WW-01 0.650798589108221 0.667520566666667 0.655875932812366 0.694357109994242
TCGA-GM-A4E0-01 0.403492366666667 0.250119233333333 0.246974694342327 0.328500098940965
TCGA-B6-A0I6-01 0.653085909286788 0.739993466666667 0.667542333333333 0.656624447092565
TCGA-V7-A7HQ-01 0.358483833333333 0.531151478346797 0.610056921741472 0.629373270640539
TCGA-A2-A3KD-01 0.302963833333333 0.4768091 0.639254704790646 0.361117566666667
TCGA-S3-A6ZH-01 0.617625866666667 0.655875932812366 0.7322804 0.494352
TCGA-E2-A1B6-01 0.209514966666667 0.289877020753138 0.304010144975493 0.168653663333333
TCGA-A8-A076-01 0.6951859 0.521877566666667 0.5003786 0.698681666666667
TCGA-D8-A3Z6-01 0.418017033333333 0.569675366666667 0.624698166666667 0.5171308
TCGA-BH-A0BP-01 0.517121105640509 0.4768091 0.483764266666667 0.4077322
TCGA-A7-A13H-01 0.4546844 0.434486566666667 0.394533065851863 0.4437355
TCGA-AR-A0TT-01 0.6634358 0.3086526 0.219964233333333 0.39771219222234
TCGA-D8-A145-01 0.224249433333333 0.413530033333333 0.5089925 0.388323933333333
TCGA-AO-A0JA-01 0.684855933333333 0.629373270640539 0.425543133333333 0.569675366666667
TCGA-AC-A7VC-01 0.4817248 0.568387615631024 0.477861566666667 0.750197266666667
TCGA-D8-A1X7-01 0.824964866666667 0.727039833333333 0.6353727 0.659964802962987
TCGA-AO-A1KP-01 0.8770464 0.853167233333333 0.8403802 0.8631753
TCGA-AN-A0FZ-01 0.649090607643096 0.639254704790646 0.708623133333333 0.653085909286788
TCGA-E2-A14X-01 0.4546844 0.424188733333333 0.517351266666667 0.409831166666667
TCGA-A2-A0YK-01 0.246974694342327 0.2059738 0.251298166666667 0.250867266666667
TCGA-PL-A8LZ-01 0.2844738 0.336996922319386 0.278992566508521 0.322069133333333
TCGA-A7-A0CG-01 0.517121105640509 0.3659756 0.330179633333333 0.382933933333333
TCGA-BH-A18F-01 0.2703488 0.4768091 0.461163066666667 0.482770566666667
TCGA-AC-A4ZE-01 0.585788850864731 0.627454803860984 0.704269435871581 0.663626033333333
TCGA-A2-A0T3-01 0.661722915966142 0.641123466666667 0.797642666666667 0.668181866666667
TCGA-A7-A0D9-01 0.723023266666667 0.773873466666667 0.733537033333333 0.7083649
TCGA-A2-A0T6-01 0.403492366666667 0.542947766666667 0.288605548410379 0.518412266666667
TCGA-BH-A0BG-01 0.5632705 0.3982337 0.477436433333333 0.501649105375527
TCGA-D8-A1J8-01 0.585788850864731 0.6909484 0.399990366666667 0.566780241433422
TCGA-D8-A1XK-01 0.358483833333333 0.4768091 0.624710470269434 0.517121105640509
TCGA-A7-A26I-01 0.561593899915868 0.555429294256312 0.561593899915868 0.566498470261967
TCGA-A8-A096-01 0.538383066666667 0.621487266666667 0.290505166666667 0.5871575
TCGA-C8-A12M-01 0.653085909286788 0.610056921741472 0.7328392 0.801703066666667
TCGA-B6-A0I9-01 0.707136566666667 0.580255833333333 0.696162933333333 0.383475066666667
TCGA-A8-A0A2-01 0.418017033333333 0.610056921741472 0.523587666666667 0.364744430765801
TCGA-AN-A0XU-01 0.585788850864731 0.580255833333333 0.688942159113486 0.8735322
TCGA-A8-A06Q-01 0.824964866666667 0.727039833333333 0.873378166666667 0.624805566666667
TCGA-A8-A097-01 0.6453102 0.4888009 0.4890709 0.586038266666667
TCGA-AO-A0JJ-01 0.2703488 0.4888009 0.290686766666667 0.546077566666667
TCGA-3C-AAAU-01 0.780827666666667 0.65548550664096 0.8390861 0.4941101
TCGA-E2-A1IU-01 0.4695763 0.641123466666667 0.6693597 0.366076
TCGA-A7-A3IY-01 0.302963833333333 0.447972733333333 0.393878733333333 0.358762233333333
TCGA-A2-A0T5-01 0.334402366666667 0.629373270640539 0.6330248 0.60114986664675
TCGA-D8-A1XO-01 0.4546844 0.621487266666667 0.439178766666667 0.6063573
TCGA-BH-A18J-01 0.4817248 0.5003786 0.587519333333333 0.5072191
TCGA-E2-A10F-01 0.2703488 0.4888009 0.359126533333333 0.506207566666667
TCGA-BH-A1EW-01 0.538383066666667 0.3086526 0.5171308 0.482202544199736
TCGA-A2-A0D4-01 0.560821491891585 0.655875932812366 0.812079833333333 0.241823966666667
TCGA-A2-A0EP-01 0.205640589294481 0.413530033333333 0.169480613333333 0.17838659
TCGA-E2-A1LK-01 0.6634358 0.532096633333333 0.8198637 0.810873533333333
TCGA-GM-A2DL-01 0.7322804 0.5566193 0.437851066666667 0.508858866666667
TCGA-E9-A249-01 0.4695763 0.521877566666667 0.6951859 0.675709966666667
TCGA-AR-A5QP-01 0.382933933333333 0.1851259 0.564252666666667 0.379027366666667
TCGA-AC-A3BB-01 0.334402366666667 0.2703488 0.2853293 0.6353413
TCGA-A8-A07W-01 0.651956415134669 0.59431897521371 0.572330469695173 0.857802266666667
TCGA-BH-A0HF-01 0.302963833333333 0.3298684 0.4092881 0.394039331594141
TCGA-A8-A08S-01 0.723023266666667 0.853167233333333 0.659964802962987 0.744555733333333
TCGA-LD-A74U-01 0.168653663333333 0.34346245493602 0.414562366666667 0.3216084
TCGA-A7-A0DB-01 0.347993328267041 0.424188733333333 0.507727211845381 0.447972733333333
TCGA-A8-A08P-01 0.393807591338007 0.37603983921038 0.316348655961293 0.330016066666667
TCGA-C8-A137-01 0.723023266666667 0.739993466666667 0.7646776 0.727039833333333
TCGA-AR-A254-01 0.527730166666667 0.424188733333333 0.331065866666667 0.4590477
TCGA-S3-AA11-01 0.4546844 0.608434408740479 0.826991 0.624879233333333
TCGA-S3-AA12-01 0.6634358 0.725813191909541 0.794941466666667 0.8487023
TCGA-OL-A5RX-01 0.551843466666667 0.2703488 0.5882548 0.37690741584659
TCGA-E2-A15E-01 0.4437355 0.3392725 0.727962266666667 0.424188733333333
TCGA-3C-AALJ-01 0.6319037 0.554459156158792 0.4775892 0.582440666666667
TCGA-AR-A1AU-01 0.5632705 0.5003786 0.6217672 0.410320581381898
TCGA-E2-A15J-01 0.4437355 0.773873466666667 0.752933833333333 0.820759933333333
TCGA-A2-A0SX-01 0.4437355 0.569675366666667 0.320239720227091 0.545128933333333
TCGA-E2-A572-01 0.551843466666667 0.667520566666667 0.7338497 0.632763157126999
TCGA-E9-A1N9-01 0.675186032571261 0.4768091 0.623802833333333 0.4083723
TCGA-AR-A0U2-01 0.6319037 0.532096633333333 0.681122666666667 0.6353727
TCGA-GM-A3NY-01 0.4817248 0.703540333333333 0.630772376144167 0.596036466666667
TCGA-E2-A573-01 0.328500098940965 0.2844738 0.4511462 0.451174133333333
TCGA-A8-A09I-01 0.493662033333333 0.5566193 0.482522233333333 0.4383829
TCGA-A1-A0SF-01 0.4289428 0.4077322 0.494428066666667 0.366448333333333
TCGA-BH-A6R8-01 0.6319037 0.653792129884425 0.586088333333333 0.802325133333333
TCGA-3C-AALI-01 0.4695763 0.510588169600767 0.517703333333333 0.523749808857361
TCGA-GM-A2DC-01 0.617625866666667 0.703540333333333 0.717182148355889 0.527944866666667
TCGA-W8-A86G-01 0.302963833333333 0.455138546653776 0.717597466666667 0.275766833333333
TCGA-D8-A1X5-01 0.4546844 0.5566193 0.4945534 0.3987564
TCGA-AC-A62X-01 0.617625866666667 0.655875932812366 0.839591433333333 0.657002949364406
TCGA-E9-A5FK-01 0.197056333333333 0.305129531565823 0.266238285853447 0.303723033333333
TCGA-BH-A0AU-01 0.6453102 0.424188733333333 0.528725531492564 0.49099330936613
TCGA-AC-A3YI-01 0.750197266666667 0.486930033107227 0.438301566666667 0.270477766666667
TCGA-LL-A6FP-01 0.824964866666667 0.9329532 0.8797533 0.781810162374781
TCGA-B6-A408-01 0.675186032571261 0.602582243722138 0.420695859536215 0.350407633333333
TCGA-E9-A245-01 0.4437355 0.299442433333333 0.766169166666667 0.4092881
TCGA-AO-A12B-01 0.704269435871581 0.7942092 0.7611524 0.727962266666667
TCGA-PL-A8LX-01 0.675186032571261 0.653511058282903 0.675186032571261 0.677165905554572
TCGA-BH-A0E9-01 0.294187266666667 0.257856918233076 0.590328 0.330262966666667
TCGA-E2-A14Z-01 0.393878733333333 0.59431897521371 0.366076 0.439223366666667
TCGA-EW-A1J3-01 0.6453102 0.727039833333333 0.648568217999052 0.641123466666667
TCGA-AC-A5XS-01 0.334402366666667 0.290505166666667 0.37690741584659 0.485474184539876
TCGA-A2-A3XW-01 0.334402366666667 0.37690741584659 0.449030035271082 0.2344618
TCGA-AO-A12A-01 0.224249433333333 0.404864394663418 0.517317833333333 0.365639689534875
TCGA-AQ-A1H2-01 0.7942092 0.853167233333333 0.670579866666667 0.6466484
TCGA-E2-A1LA-01 0.382933933333333 0.542947766666667 0.378665 0.558132533333333
TCGA-A2-A0CQ-01 0.493662033333333 0.717578566666667 0.613861033333333 0.687248133333333
TCGA-A2-A0T0-01 0.382933933333333 0.5566193 0.576387966666667 0.539468766666667
TCGA-AQ-A54O-01 0.358483833333333 0.739993466666667 0.623325838262371 0.585788850864731
TCGA-A8-A09N-01 0.6634358 0.667520566666667 0.629373270640539 0.725813191909541
TCGA-E9-A1RD-01 0.358483833333333 0.621487266666667 0.615612480831859 0.8770464
TCGA-A2-A0YJ-01 0.6951859 0.4768091 0.825369533333333 0.806752166666667
TCGA-AO-A0JE-01 0.4695763 0.458852833333333 0.2749572 0.471892933333333
TCGA-OL-A66N-01 0.2386094 0.358483833333333 0.451174133333333 0.390511733333333
TCGA-A8-A07L-01 0.712647266666667 0.8063499 0.7084912 0.7948764
TCGA-E2-A152-01 0.4695763 0.388248433333333 0.494352 0.3511428
TCGA-AN-A0XW-01 0.493662033333333 0.542947766666667 0.252199466666667 0.4712796
TCGA-BH-A0BF-01 0.262170066666667 0.413530033333333 0.193601166666667 0.429909166666667
TCGA-AC-A23H-01 0.4817248 0.610056921741472 0.695840266666667 0.59024693634779
TCGA-AR-A251-01 0.6319037 0.621487266666667 0.661722915966142 0.613370533333333
TCGA-AO-A12E-01 0.603925933333333 0.580255833333333 0.533142333333333 0.5015544
TCGA-A2-A0YC-01 0.4695763 0.602582243722138 0.5324751 0.646820533333333
TCGA-A2-A0T7-01 0.707136566666667 0.4768091 0.536589695574927 0.460019566666667
TCGA-EW-A1OY-01 0.63123696185565 0.629373270640539 0.670176332501364 0.623909616789871
TCGA-GI-A2C8-01 0.493662033333333 0.413530033333333 0.3392725 0.418741933333333
TCGA-WT-AB44-01 0.493662033333333 0.57695040222911 0.532623666666667 0.696162933333333
TCGA-BH-A1FM-01 0.8487023 0.667520566666667 0.604999480985794 0.6319037
TCGA-E9-A227-01 0.4695763 0.3659756 0.410320581381898 0.5433102
TCGA-E9-A1RG-01 0.764611833333333 0.655875932812366 0.558919886525263 0.4776955
TCGA-BH-A1EX-01 0.4546844 0.521877566666667 0.434486566666667 0.6216761
TCGA-E9-A1R7-01 0.770478766666667 0.629373270640539 0.8209884 0.5573815
TCGA-AC-A3W6-01 0.6453102 0.703540333333333 0.2741167 0.493662033333333
TCGA-EW-A1IY-01 0.675186032571261 0.434486566666667 0.3298684 0.3835342
TCGA-D8-A27H-01 0.8487023 0.667520566666667 0.582440666666667 0.7188829
TCGA-A2-A0CM-01 0.3728577 0.3392725 0.396207574529404 0.3032339
TCGA-A2-A0CS-01 0.576043533333333 0.358483833333333 0.534180633333333 0.635655033333333
TCGA-BH-A18K-01 0.403492366666667 0.5566193 0.576043533333333 0.797207433333333
TCGA-E2-A1B0-01 0.538383066666667 0.299442433333333 0.5181789 0.4700844
TCGA-PE-A5DE-01 0.358483833333333 0.413530033333333 0.270387133333333 0.318339384100849
TCGA-B6-A0IC-01 0.334402366666667 0.9051258 0.929377833333333 0.240804333333333
TCGA-BH-A0W5-01 0.316348655961293 0.1851259 0.2844738 0.2718014
TCGA-C8-A130-01 0.770478766666667 0.4888009 0.596749366666667 0.4480623
TCGA-C8-A12O-01 0.418017033333333 0.3659756 0.419794233333333 0.4511462
TCGA-AR-A1AN-01 0.6319037 0.532096633333333 0.4590477 0.552158233333333
TCGA-A8-A06Y-01 0.780827666666667 0.6909484 0.8691918 0.8252319
TCGA-E2-A1AZ-01 0.4378456 0.468117108272761 0.378683133333333 0.439178766666667
TCGA-A8-A086-01 0.743345566666667 0.727039833333333 0.563299333333333 0.648568217999052
TCGA-D8-A27P-01 0.224249433333333 0.610056921741472 0.699998133333333 0.501174033333333
TCGA-BH-A1ES-06 0.403492366666667 0.521877566666667 0.832791466666667 0.572330469695173
TCGA-AR-A24H-01 0.712647266666667 0.680501366666667 0.635709766666667 0.649090607643096
TCGA-AR-A0U0-01 0.418017033333333 0.388248433333333 0.448566133333333 0.3508488
TCGA-GM-A3NW-01 0.5632705 0.468117108272761 0.6586094 0.483378866666667
TCGA-AC-A2FB-01 0.8487023 0.521877566666667 0.262326266666667 0.3033173
TCGA-AR-A1AW-01 0.801703066666667 0.410320581381898 0.1851259 0.330179633333333
TCGA-BH-AB28-01 0.393878733333333 0.496122011585032 0.508858866666667 0.552295333333333
TCGA-AR-A256-01 0.712647266666667 0.680501366666667 0.6588865 0.655875932812366
TCGA-B6-A0RQ-01 0.209514966666667 0.406000737632364 0.752109433333333 0.178173
TCGA-AO-A03N-01 0.6634358 0.667520566666667 0.641123466666667 0.5068185
TCGA-EW-A1PD-01 0.382933933333333 0.5566193 0.576460333333333 0.477861566666667
TCGA-EW-A1OZ-01 0.548845528260533 0.542947766666667 0.5229534 0.555429294256312
TCGA-GM-A3XG-01 0.4817248 0.49660907646024 0.73651 0.262170066666667
TCGA-A1-A0SP-01 0.585788850864731 0.602582243722138 0.563578766666667 0.536589695574927
TCGA-AR-A24P-01 0.3728577 0.621487266666667 0.528004466666667 0.4945534
TCGA-LL-A7T0-01 0.5632705 0.577390565097402 0.6063573 0.580880450581771
TCGA-E2-A150-01 0.517121105640509 0.424188733333333 0.506207566666667 0.507727211845381
TCGA-A8-A09V-01 0.3728577 0.739993466666667 0.667705633333333 0.811550333333333
TCGA-B6-A0IK-01 0.493662033333333 0.513265233333333 0.6453102 0.508583933333333
TCGA-E9-A1N4-01 0.316348655961293 0.641123466666667 0.3783637 0.6697253
TCGA-E2-A15K-06 0.824964866666667 0.8941999 0.8538827 0.766057913944072
TCGA-EW-A1J1-01 0.6634358 0.413530033333333 0.5633201 0.667878066666667
TCGA-BH-A0E6-01 0.347993328267041 0.349643366666667 0.5884786 0.353827094558255
TCGA-A1-A0SM-01 0.707136566666667 0.569675366666667 0.501948866666667 0.606177533333333
TCGA-GM-A2DB-01 0.262170066666667 0.299442433333333 0.627454803860984 0.342875760743202
TCGA-B6-A400-01 0.4817248 0.447972733333333 0.518412266666667 0.5338827
TCGA-E2-A576-01 0.603925933333333 0.8198637 0.655196341476933 0.485728169598914
TCGA-A8-A08H-01 0.2386094 0.33755948855969 0.17069473 0.625928529085218
TCGA-BH-A0DI-01 0.4546844 0.3392725 0.341072133333333 0.360179033333333
TCGA-E9-A1RB-01 0.5632705 0.569675366666667 0.667985143804558 0.530129168374718
TCGA-AN-A0FS-01 0.603925933333333 0.621487266666667 0.582142266666667 0.594863612332699
TCGA-BH-A0BZ-01 0.262170066666667 0.299442433333333 0.289577302770997 0.658392766666667
TCGA-BH-A0BM-01 0.617625866666667 0.621487266666667 0.5644848 0.5873321
TCGA-EW-A6SD-01 0.538383066666667 0.49956329813588 0.486930033107227 0.470188766666667
TCGA-A2-A4RX-01 0.2703488 0.3298684 0.443795333333333 0.4135566
TCGA-GM-A2DA-01 0.7942092 0.4888009 0.341685533333333 0.494187833333333
TCGA-C8-A9FZ-01 0.81702737579333 0.725204621050122 0.713187159972648 0.732595033333333
TCGA-A8-A06O-01 0.6951859 0.5566193 0.580255833333333 0.739993466666667
TCGA-AR-A24T-01 0.603925933333333 0.703540333333333 0.404864394663418 0.470558766666667
TCGA-A7-A3J1-01 0.4378456 0.532096633333333 0.3508488 0.528004466666667
TCGA-E2-A2P6-01 0.743345566666667 0.7942092 0.625928529085218 0.6909484
TCGA-A2-A0T1-01 0.603925933333333 0.1851259 0.240342348905957 0.246974694342327
TCGA-AC-A8OS-01 0.2844738 0.394533065851863 0.409146766666667 0.386935046442104
TCGA-AC-A23G-01 0.209514966666667 0.388248433333333 0.305129531565823 0.342483033333333
TCGA-BH-A1FJ-01 0.493662033333333 0.8941999 0.8285359 0.820827166666667
TCGA-E2-A15G-01 0.576043533333333 0.349643366666667 0.7129977 0.443795333333333
TCGA-BH-A0HK-01 0.493662033333333 0.739993466666667 0.518302333333333 0.680647866666667
TCGA-C8-A12T-01 0.585788850864731 0.667520566666667 0.513536 0.5324751
TCGA-AC-A2FG-01 0.929377833333333 0.532096633333333 0.6351018 0.49956329813588
TCGA-AC-A2QJ-01 0.418017033333333 0.250119233333333 0.26350643261842 0.3422376
TCGA-A7-A425-01 0.403492366666667 0.458852833333333 0.460606433333333 0.513283066666667
TCGA-AO-A0JD-01 0.7942092 0.3982337 0.713389266666667 0.5632705
TCGA-E9-A229-01 0.4289428 0.580255833333333 0.383302566666667 0.483764266666667
TCGA-BH-A1FU-01 0.4437355 0.219501166666667 0.413530033333333 0.219964233333333
TCGA-LL-A73Y-01 0.4378456 0.593688757736554 0.4546844 0.8832811
TCGA-BH-A1FE-01 0.517121105640509 0.413530033333333 0.338731842202706 0.351199766666667
TCGA-AO-A0JC-01 0.2844738 0.397875837191114 0.1747121 0.797364433333333
TCGA-LL-A8F5-01 0.527730166666667 0.530129168374718 0.555429294256312 0.513265233333333
TCGA-B6-A0RE-01 0.603925933333333 0.532096633333333 0.703619233333333 0.2945476
TCGA-C8-A134-01 0.801703066666667 0.580255833333333 0.554459156158792 0.624451142523616
TCGA-D8-A1JU-01 0.4546844 0.388248433333333 0.303419966666667 0.33755948855969
TCGA-E9-A1R5-01 0.393878733333333 0.680501366666667 0.624879233333333 0.486930033107227
TCGA-E9-A226-01 0.6951859 0.59431897521371 0.613370533333333 0.3038844
TCGA-D8-A1JE-01 0.4289428 0.468117108272761 0.406559776418206 0.483297666666667
TCGA-E9-A1RE-01 0.653085909286788 0.739993466666667 0.7658296 0.921355966666667
TCGA-UL-AAZ6-01 0.617625866666667 0.650798589108221 0.795067933333333 0.645643608155186
TCGA-D8-A1XF-01 0.764611833333333 0.6909484 0.8620236 0.700054545803935
TCGA-AN-A0FL-01 0.8691918 0.919844966666667 0.812043666666667 0.8538827
TCGA-AN-A0AS-01 0.538383066666667 0.4888009 0.473021866666667 0.7362102
TCGA-EW-A1PC-01 0.551843466666667 0.703540333333333 0.797467366666667 0.559249966666667
TCGA-BH-A1F8-01 0.617625866666667 0.569675366666667 0.647352607215409 0.675274766666667
TCGA-OL-A5RY-01 0.246974694342327 0.276215667063956 0.234089566666667 0.197432266666667
TCGA-D8-A13Y-01 0.8364574 0.919844966666667 0.922261633333333 0.532623666666667
TCGA-AR-A1AY-01 0.585788850864731 0.760278132902262 0.708968036229591 0.731252654120554
TCGA-C8-A274-01 0.603925933333333 0.680501366666667 0.756059166666667 0.5479274
TCGA-E9-A243-01 0.418017033333333 0.2059738 0.197677266666667 0.3121346
TCGA-AC-A62V-01 0.493662033333333 0.655875932812366 0.624451142523616 0.547170233333333
TCGA-BH-A0HU-01 0.617625866666667 0.8063499 0.732557033333333 0.670579866666667
TCGA-AC-A3W7-01 0.393878733333333 0.580255833333333 0.603812465248953 0.457945151963691
TCGA-C8-A8HR-01 0.2703488 0.329659568986591 0.295435233333333 0.278992566508521
TCGA-AR-A1AI-01 0.328500098940965 0.3659756 0.494803402642812 0.389007566666667
TCGA-E9-A1NH-01 0.418017033333333 0.629373270640539 0.447972966666667 0.661722915966142
TCGA-E2-A1LL-01 0.4817248 0.3982337 0.7811745 0.459681033333333
TCGA-E9-A22G-01 0.81702737579333 0.873378166666667 0.810873533333333 0.620685254550183
TCGA-BH-A0B8-01 0.8691918 0.8198637 0.667520566666667 0.732845269445908
TCGA-OL-A66H-01 0.4437355 0.4768091 0.425094833333333 0.5003786
TCGA-A7-A3RF-01 0.4546844 0.773873466666667 0.797207433333333 0.5229534
TCGA-AC-A2BK-01 0.824964866666667 0.680501366666667 0.9330898 0.734770289659864
TCGA-D8-A27E-01 0.603925933333333 0.3659756 0.66353270486694 0.6419415
TCGA-B6-A1KF-01 0.8691918 0.773873466666667 0.8364574 0.646388033333333
TCGA-E9-A1N5-01 0.4378456 0.413530033333333 0.4083222 0.439873633333333
TCGA-OL-A5RZ-01 0.653085909286788 0.641123466666667 0.801730133333333 0.396529665916427
TCGA-A8-A08F-01 0.562681782838417 0.569675366666667 0.397875837191114 0.73651
TCGA-E2-A1LE-01 0.527730166666667 0.5003786 0.328500098940965 0.564013666666667
TCGA-A8-A09C-01 0.5632705 0.7942092 0.712647266666667 0.613861033333333
TCGA-A7-A13G-01 0.8691918 0.8620236 0.739993466666667 0.7974243
TCGA-E2-A109-01 0.919844966666667 0.703540333333333 0.6356434 0.6693597
TCGA-D8-A1JC-01 0.707136566666667 0.703540333333333 0.528199933333333 0.6483253
TCGA-A2-A25B-01 0.514149760751481 0.4768091 0.535478016045308 0.470924866666667
TCGA-D8-A141-01 0.294187266666667 0.219501166666667 0.219501166666667 0.3396934
TCGA-BH-A0DX-01 0.382933933333333 0.219501166666667 0.360076633333333 0.418017033333333
TCGA-AO-A03O-01 0.60114986664675 0.655875932812366 0.610475933333333 0.551960433333333
TCGA-AO-A0J6-01 0.857802266666667 0.468117108272761 0.620975574878758 0.686636666666667
TCGA-BH-A0E7-01 0.764611833333333 0.8063499 0.760368866666667 0.703540333333333
TCGA-A8-A07B-01 0.615612480831859 0.629373270640539 0.5961393 0.633951433333333
TCGA-E2-A14S-01 0.723023266666667 0.760278132902262 0.563839188384579 0.667705633333333
TCGA-E2-A1L9-01 0.527730166666667 0.610056921741472 0.399539966666667 0.6755086
TCGA-AO-A0J9-01 0.418017033333333 0.4077322 0.2737907 0.6217672
TCGA-E2-A1IJ-01 0.4289428 0.377720733333333 0.289877020753138 0.37733192725381
TCGA-EW-A2FS-01 0.712647266666667 0.542947766666667 0.581658466666667 0.304286
TCGA-D8-A1XV-01 0.334402366666667 0.626227842756654 0.8328151 0.7868482
TCGA-B6-A0WX-01 0.393878733333333 0.3392725 0.439706166666667 0.443808833333333
TCGA-A2-A3XT-01 0.393878733333333 0.3392725 0.4437355 0.4511793
TCGA-B6-A0X5-01 0.707136566666667 0.919844966666667 0.7974243 0.863723933333333
TCGA-AR-A24R-01 0.617625866666667 0.5003786 0.5632705 0.576169466666667
TCGA-E9-A1ND-01 0.4546844 0.349643366666667 0.3086526 0.4195661
TCGA-E2-A10C-01 0.4546844 0.424188733333333 0.494187833333333 0.469772633333333
TCGA-A8-A09W-01 0.6951859 0.727039833333333 0.523714233333333 0.6459762
TCGA-BH-A1FN-01 0.712647266666667 0.569675366666667 0.635988866666667 0.7858468
TCGA-GM-A5PV-01 0.3728577 0.5566193 0.686183266666667 0.6227556
TCGA-BH-A0HY-01 0.538383066666667 0.641123466666667 0.686334566666667 0.573046942227189
TCGA-A7-A6VV-01 0.576043533333333 0.542276424642284 0.449018033333333 0.623802833333333
TCGA-A2-A1G1-01 0.4695763 0.257856918233076 0.393960133333333 0.3606234
TCGA-E2-A1IG-01 0.707136566666667 0.739993466666667 0.5444597 0.708082733333333
TCGA-BH-A203-01 0.493662033333333 0.358483833333333 0.513265233333333 0.406000737632364
TCGA-OL-A6VQ-01 0.2703488 0.374046745820422 0.483297666666667 0.228158766666667
TCGA-E9-A1NG-01 0.653085909286788 0.1747121 0.272471891809109 0.2703488
TCGA-D8-A1JG-01 0.4289428 0.424188733333333 0.418810366666667 0.302963833333333
TCGA-E2-A14P-01 0.4695763 0.447972733333333 0.658889833333333 0.8797533
TCGA-BH-A0H3-01 0.393878733333333 0.5003786 0.450043833333333 0.557735166666667
TCGA-B6-A0RT-01 0.2844738 0.255509149602018 0.197432266666667 0.1851259
TCGA-GM-A2DM-01 0.617625866666667 0.739993466666667 0.6466484 0.611410833333333
TCGA-AN-A0XT-01 0.653085909286788 0.610056921741472 0.686771923454187 0.760368866666667
TCGA-A7-A0CH-01 0.403492366666667 0.8063499 0.653792129884425 0.732759033333333
TCGA-AC-A3EH-01 0.6319037 0.641123466666667 0.624805566666667 0.596749366666667
TCGA-A8-A082-01 0.538383066666667 0.8063499 0.622476766666667 0.6960221
TCGA-AR-A0TS-01 0.302963833333333 0.1747121 0.320925666666667 0.5444597
TCGA-A2-A4RW-01 0.4378456 0.4768091 0.538696933333333 0.481916866666667
TCGA-D8-A1X9-01 0.6634358 0.773873466666667 0.482202544199736 0.605743766666667
TCGA-A2-A04V-01 0.750197266666667 0.844245066666667 0.530129168374718 0.756059166666667
TCGA-E2-A1BD-01 0.4437355 0.667520566666667 0.641379633333333 0.826991
TCGA-AC-A2FF-01 0.334402366666667 0.424188733333333 0.275573666666667 0.266238285853447
TCGA-B6-A402-01 0.7322804 0.5566193 0.797364433333333 0.547566333333333
TCGA-E2-A14R-01 0.770478766666667 0.760278132902262 0.5566193 0.66353270486694
TCGA-B6-A0WT-01 0.3728577 0.667520566666667 0.624365055282642 0.650798589108221
TCGA-BH-A18M-01 0.403492366666667 0.358483833333333 0.4838462 0.418357566666667
TCGA-A2-A0ER-01 0.662375870317353 0.760278132902262 0.6978986 0.626227842756654
TCGA-A8-A06N-01 0.7942092 0.8198637 0.9329532 0.608434408740479
TCGA-GM-A2DI-01 0.224249433333333 0.26350643261842 0.205640589294481 0.252199466666667
TCGA-A1-A0SJ-01 0.5632705 0.602582243722138 0.596248833333333 0.3891093
TCGA-BH-A0EE-01 0.393878733333333 0.424188733333333 0.7362102 0.554459156158792
TCGA-E2-A15D-01 0.328500098940965 0.447972733333333 0.570588966666667 0.38408136434653
TCGA-BH-A0DD-01 0.5632705 0.873378166666667 0.686636666666667 0.5432872
TCGA-E9-A1QZ-01 0.3728577 0.376526539966395 0.342458533333333 0.322276933333333
TCGA-AO-A125-01 0.585788850864731 0.943155166666667 0.919844966666667 0.919844966666667
TCGA-AR-A2LQ-01 0.246974694342327 0.250119233333333 0.351199766666667 0.232973666666667
TCGA-E2-A1B5-01 0.334402366666667 0.2703488 0.241823966666667 0.229540266666667
TCGA-B6-A0RV-01 0.617625866666667 0.447972733333333 0.5703276 0.455070066666667
TCGA-AQ-A04H-01 0.7942092 0.760278132902262 0.7451933 0.708968036229591
TCGA-C8-A3M8-01 0.527730166666667 0.641123466666667 0.698264243124257 0.577760774796394
TCGA-A2-A04U-01 0.780827666666667 0.727039833333333 0.743345566666667 0.698264243124257
TCGA-C8-A3M7-01 0.246974694342327 0.388248433333333 0.506036533333333 0.418131333333333
TCGA-BH-A0B5-01 0.617625866666667 0.4888009 0.517121105640509 0.517351266666667
TCGA-BH-A0E2-01 0.617625866666667 0.703540333333333 0.551960433333333 0.682486095819881
TCGA-A7-A0CD-01 0.8364574 0.8319982 0.732595033333333 0.699715366666667
TCGA-C8-A1HO-01 0.7322804 0.8319982 0.735805766666667 0.735805766666667
TCGA-A7-A56D-01 0.393878733333333 0.413530033333333 0.439223366666667 0.429502266666667
TCGA-A7-A26E-01 0.4378456 0.641123466666667 0.4824021 0.5961393
TCGA-BH-A0C7-01 0.393878733333333 0.3982337 0.631982766666667 0.676087533333333
TCGA-BH-A0DZ-01 0.585788850864731 0.4768091 0.390511733333333 0.5963028
TCGA-BH-A18R-01 0.517121105640509 0.521877566666667 0.676325166666667 0.535478016045308
TCGA-BH-A18Q-01 0.684855933333333 0.667520566666667 0.5944025 0.627454803860984
TCGA-BH-A0AZ-01 0.2703488 0.4888009 0.37733192725381 0.517703333333333
TCGA-E9-A3Q9-01 0.262170066666667 0.956505666666667 0.498217727641674 0.603812465248953
TCGA-BH-A1FG-01 0.675186032571261 0.8319982 0.680501366666667 0.429519833333333
TCGA-BH-A1F5-01 0.527730166666667 0.703540333333333 0.719007833333333 0.752367166666667
TCGA-EW-A1P8-01 0.929377833333333 0.6909484 0.483058944396352 0.873694333333333
TCGA-BH-A42U-01 0.2844738 0.362917659490041 0.4146696 0.2625994
TCGA-D8-A1XY-01 0.403492366666667 0.413530033333333 0.529542910355857 0.251298166666667
TCGA-E2-A14U-01 0.334402366666667 0.1851259 0.785979166666667 0.3592534
TCGA-E2-A1L6-01 0.246974694342327 0.3392725 0.5873321 0.287183804178315
TCGA-S3-AA14-01 0.7322804 0.60114986664675 0.612121233333333 0.532988733333333
TCGA-A7-A13F-01 0.653085909286788 0.667520566666667 0.6483253 0.548845528260533
TCGA-BH-A208-01 0.4546844 0.299442433333333 0.3033173 0.420695859536215
TCGA-B6-A0RH-01 0.8364574 0.621487266666667 0.568387615631024 0.615612480831859
TCGA-B6-A0RS-01 0.403492366666667 0.458852833333333 0.501539933333333 0.49413222356096
TCGA-C8-A12Y-01 0.653085909286788 0.5003786 0.606177533333333 0.6110383
TCGA-C8-A12Z-01 0.661415097961217 0.680501366666667 0.744399287291235 0.6586094
TCGA-E2-A1LI-01 0.302963833333333 0.3298684 0.623909616789871 0.360658466666667
TCGA-LD-A7W6-01 0.551843466666667 0.579530181436502 0.621622266666667 0.595900366666667
TCGA-A8-A06R-01 0.536944649195128 0.5003786 0.418131333333333 0.670487933333333
TCGA-EW-A1P4-01 0.4437355 0.413530033333333 0.4824441 0.561593899915868
TCGA-E2-A108-01 0.1851259 0.250119233333333 0.2854396 0.2202661
TCGA-AN-A041-01 0.493662033333333 0.580255833333333 0.5633579 0.4700569
TCGA-HN-A2NL-01 0.81702737579333 0.873378166666667 0.708360866666667 0.57695040222911
TCGA-A8-A0A7-01 0.653085909286788 0.347993328267041 0.178173 0.247844161160202
TCGA-D8-A1JH-01 0.4546844 0.473286880019584 0.4083723 0.532096633333333
TCGA-BH-A0B1-01 0.517121105640509 0.59431897521371 0.5867216 0.570856084797608
TCGA-D8-A13Z-01 0.7942092 0.320925666666667 0.460144033333333 0.943155166666667
TCGA-AR-A24S-01 0.4546844 0.458852833333333 0.2907366 0.430409533333333
TCGA-E9-A22A-01 0.4437355 0.424188733333333 0.2625994 0.408058033333333
TCGA-AC-A2FM-01 0.770478766666667 0.655875932812366 0.773873466666667 0.568105532387936
TCGA-A2-A04P-01 0.527730166666667 0.532096633333333 0.484764366666667 0.543051466318821
TCGA-D8-A1JB-01 0.316348655961293 0.2703488 0.350691733333333 0.239900433333333
TCGA-A7-A0DA-01 0.4546844 0.4888009 0.645430262330523 0.437851066666667
TCGA-E2-A15C-01 0.527730166666667 0.641123466666667 0.573046942227189 0.6468161
