abscnseq ascat estimate purbayes
TCGA-DD-AACA-02 0.892709733333333 0.866158024278934 0.884593033333333 0.866158024278934
TCGA-BC-A10Q-01 0.679125874671733 0.6519239 0.6960121 0.479569093772141
TCGA-5R-AAAM-01 0.421358330045746 0.406316861779122 0.3688493 0.387002166666667
TCGA-DD-A1EF-01 0.504068801833364 0.565908366666667 0.626146452437829 0.682635205091634
TCGA-BD-A2L6-01 0.644779189214889 0.844081467017425 0.649508716332016 0.749030302992765
TCGA-ZP-A9D2-01 0.6938664 0.658601223236195 0.679125874671733 0.62237563394444
TCGA-DD-AADL-01 0.657097633333333 0.713971604211292 0.835842861871559 0.713971604211292
TCGA-CC-A8HT-01 0.387002166666667 0.499224992847087 0.644779189214889 0.436999537293335
TCGA-2Y-A9GV-01 0.631216318850585 0.559616450548531 0.499729366666667 0.539317185163533
TCGA-DD-A39Y-01 0.516268548594415 0.757250813923609 0.765552209571647 0.665010896131308
TCGA-ED-A627-01 0.549011904634248 0.387002166666667 0.213331666666667 0.392435742588074
TCGA-NI-A8LF-01 0.631216318850585 0.584307491928639 0.680393161476427 0.468272213947027
TCGA-DD-A4NP-01 0.663489214331191 0.631216318850585 0.688373920398759 0.555045319114335
TCGA-RC-A6M4-01 0.871743066666667 0.831894433333333 0.8683475 0.837856316745787
TCGA-G3-A3CJ-01 0.7093402 0.8174422 0.696676725396571 0.7257858100471
TCGA-DD-A11C-01 0.71863537679762 0.691331029622055 0.565908366666667 0.814041755437624
TCGA-FV-A4ZQ-01 0.785488366666667 0.576806633333333 0.476502273172985 0.607627738368557
TCGA-G3-A7M5-01 0.6938664 0.688373920398759 0.708911903815593 0.7093402
TCGA-DD-AADO-01 0.603099716076832 0.62237563394444 0.495273266666667 0.7819621
TCGA-2Y-A9H2-01 0.549011904634248 0.649508716332016 0.680296271818007 0.771812933333333
TCGA-CC-5258-01 0.892709733333333 0.480621633333333 0.613640953912892 0.638848725559529
TCGA-DD-AACV-01 0.942562966666667 0.88763160879086 0.913471833333333 0.858003633333333
TCGA-DD-AAEH-01 0.476502273172985 0.496572634203964 0.408167875008321 0.575140445139172
TCGA-BD-A3EP-01 0.421358330045746 0.480621633333333 0.3603671 0.461454908511206
TCGA-KR-A7K8-01 0.343190342442388 0.336367580876347 0.376666333333333 0.2411385
TCGA-DD-AACE-01 0.747492933333333 0.721375054670488 0.725500703013357 0.720201043263761
TCGA-5R-AA1D-01 0.281106766666667 0.305991399325549 0.262065833333333 0.213331666666667
TCGA-DD-A114-01 0.644779189214889 0.3133308 0.304439883262487 0.33766388890159
TCGA-WX-AA44-01 0.421358330045746 0.555883900066938 0.704477736976941 0.540665233333333
TCGA-DD-AAC9-01 0.504068801833364 0.476502273172985 0.427433214302327 0.464109370912392
TCGA-XR-A8TC-01 0.708911903815593 0.71863537679762 0.755425426142739 0.712546865501717
TCGA-5C-A9VH-01 0.737538933333333 0.701832458268183 0.6519239 0.712173789474961
TCGA-FV-A496-01 0.785488366666667 0.797837333333333 0.878363866666667 0.859782366666667
TCGA-ZP-A9D4-01 0.8213111 0.766749248755454 0.781323366666667 0.721805471432279
TCGA-DD-AADJ-01 0.737538933333333 0.71919982410547 0.703523222098118 0.755057053135699
TCGA-BC-A217-01 0.7093402 0.719756866666667 0.682635205091634 0.797875666666667
TCGA-DD-AACF-01 0.814041755437624 0.753671004124045 0.663489214331191 0.802112266666667
TCGA-DD-A4NB-01 0.2039051 0.262065833333333 0.3133308 0.463319233333333
TCGA-DD-AACS-01 0.858003633333333 0.825976157799416 0.837856316745787 0.815392316775797
TCGA-DD-AAE4-01 0.621397362533341 0.527584974505111 0.312368176856684 0.683205049585051
TCGA-DD-A1EK-01 0.644779189214889 0.797837333333333 0.555883900066938 0.702002406507347
TCGA-RC-A6M6-01 0.747492933333333 0.757250813923609 0.801904066666667 0.748153137189169
TCGA-DD-A73A-01 0.570913666666667 0.674959333333333 0.626558902363912 0.588897293787523
TCGA-CC-A3MA-01 0.771466733333333 0.831894433333333 0.709717256801432 0.701832458268183
TCGA-ED-A7PZ-01 0.814041755437624 0.829413383313974 0.892709733333333 0.824654223968306
TCGA-KR-A7K0-01 0.343190342442388 0.517106859387141 0.64707153949365 0.527584974505111
TCGA-DD-AADM-01 0.490810828034854 0.564523995980165 0.621397362533341 0.562296805988193
TCGA-UB-A7MC-01 0.829413383313974 0.830453784435613 0.866158024278934 0.825976157799416
TCGA-DD-A73C-01 0.570913666666667 0.588897293787523 0.6175764 0.581502333333333
TCGA-FV-A4ZP-01 0.603099716076832 0.576806633333333 0.544012768360288 0.718732599875831
TCGA-BC-A69H-01 0.814041755437624 0.6157874 0.585202031900376 0.469474436963909
TCGA-DD-AACT-01 0.747492933333333 0.590701433909388 0.530128876453866 0.507475561519553
TCGA-DD-AACQ-01 0.785488366666667 0.810168118956385 0.9129143 0.806875333333333
TCGA-4R-AA8I-01 0.771466733333333 0.726771479639777 0.712173789474961 0.726771479639777
TCGA-MI-A75I-01 0.581502333333333 0.6519239 0.748153137189169 0.681843274061236
TCGA-DD-AA3A-01 0.686657885001542 0.613640953912892 0.815013314348045 0.3931453
TCGA-ED-A66X-01 0.549011904634248 0.4476399 0.4476399 0.3215896
TCGA-DD-AACC-01 0.189248933333333 0.288526543801698 0.189498533333333 0.305991399325549
TCGA-MI-A75C-01 0.561825546106179 0.757250813923609 0.728902493523053 0.688798650963615
TCGA-DD-AAW3-01 0.638848725559529 0.727693282707813 0.776651611709991 0.8213111
TCGA-5C-A9VG-01 0.4476399 0.591519178365871 0.721805471432279 0.598622333333333
TCGA-BC-A8YO-01 0.8213111 0.73283062412481 0.572725875359168 0.801904066666667
TCGA-FV-A495-01 0.398633266666667 0.475256278498149 0.3931453 0.455463568849779
TCGA-CC-A9FU-01 0.835842861871559 0.824654223968306 0.845478733333333 0.823521197175818
TCGA-DD-AACD-01 0.7093402 0.704477736976941 0.7093402 0.734880180608927
TCGA-DD-A11A-01 0.570913666666667 0.8508193 0.796059317368958 0.878363866666667
TCGA-DD-AADU-01 0.71863537679762 0.712173789474961 0.77718472412835 0.6573669
TCGA-CC-A7IF-01 0.771466733333333 0.774565044375605 0.805802233333333 0.805802233333333
TCGA-CC-A8HU-01 0.844081467017425 0.814041755437624 0.8069862 0.790965978124579
TCGA-DD-A3A3-01 0.762786233333333 0.743702949633061 0.75556748205316 0.680393161476427
TCGA-DD-A1EJ-01 0.561825546106179 0.463319233333333 0.726771479639777 0.657097633333333
TCGA-DD-A1EE-01 0.476502273172985 0.8683475 0.795503775419335 0.666202
TCGA-DD-AAE6-01 0.771466733333333 0.837856316745787 0.942562966666667 0.884593033333333
TCGA-G3-A25T-01 0.631216318850585 0.392435742588074 0.6234199188599 0.739644973157008
TCGA-5R-AA1C-01 0.7093402 0.689037774213 0.696993240509654 0.6960121
TCGA-5C-AAPD-01 0.4676177 0.468272213947027 0.398633266666667 0.499224992847087
TCGA-DD-A4NG-01 0.607627738368557 0.463319233333333 0.681843274061236 0.561825546106179
TCGA-G3-A5SM-01 0.522256628545931 0.349352966666667 0.461454908511206 0.7476274
TCGA-DD-AADK-01 0.304439883262487 0.573701259067231 0.52521839995238 0.832317633333333
TCGA-G3-AAV4-01 0.795380706547817 0.77718472412835 0.755057053135699 0.830453784435613
TCGA-G3-AAV7-01 0.638848725559529 0.585202031900376 0.590526951572256 0.535009850867545
TCGA-DD-A1EI-01 0.71863537679762 0.480621633333333 0.555045319114335 0.454163733333333
TCGA-DD-A113-01 0.588897293787523 0.632812766666667 0.665010896131308 0.802325766666667
TCGA-DD-A39W-01 0.321143933333333 0.8683475 0.753671004124045 0.5768396
TCGA-CC-A8HS-01 0.734880180608927 0.755425426142739 0.837059763867845 0.758230273149847
TCGA-2Y-A9GX-01 0.435030566666667 0.343190342442388 0.2411385 0.349352966666667
TCGA-2Y-A9H8-01 0.657097633333333 0.604413980678605 0.597806533333333 0.540496635602877
TCGA-DD-A73D-01 0.866158024278934 0.923646733333333 0.923646733333333 0.8017973
TCGA-MI-A75H-01 0.490810828034854 0.691331029622055 0.544833911686548 0.650853973390765
TCGA-G3-A6UC-01 0.844081467017425 0.822384056216641 0.810168118956385 0.8174422
TCGA-DD-AACB-01 0.621397362533341 0.555045319114335 0.4848707 0.551011780850305
TCGA-CC-A7II-01 0.737538933333333 0.740523580404708 0.766749248755454 0.740523580404708
TCGA-EP-A12J-01 0.549011904634248 0.8683475 0.734880180608927 0.7856335
TCGA-DD-A4NI-01 0.343190342442388 0.743702949633061 0.480621633333333 0.571446171958161
TCGA-ED-A7XP-01 0.9129143 0.712546865501717 0.597904133333333 0.603099716076832
TCGA-DD-AADC-01 0.7093402 0.696676725396571 0.771812933333333 0.617776666666667
TCGA-CC-A9FS-01 0.737538933333333 0.71486844249546 0.739644973157008 0.6938664
TCGA-T1-A6J8-01 0.679125874671733 0.595758166666667 0.679625786338029 0.695081
TCGA-RC-A6M5-01 0.189248933333333 0.3603671 0.5420104 0.189498533333333
TCGA-CC-A123-01 0.706173201311908 0.781323366666667 0.677886176728656 0.707599061195974
TCGA-UB-AA0V-01 0.185148766666667 0.336969549204678 0.516268548594415 0.222817533333333
TCGA-ZS-A9CF-01 0.892709733333333 0.808905326574704 0.701832458268183 0.835842861871559
TCGA-XR-A8TG-01 0.657097633333333 0.672989648055201 0.658601223236195 0.747492933333333
TCGA-DD-A73B-01 0.829413383313974 0.797837333333333 0.830453784435613 0.809209931369033
TCGA-DD-A115-01 0.71863537679762 0.6157874 0.590701433909388 0.700746218285593
TCGA-ZP-A9D0-01 0.610341733333333 0.658367627031963 0.749030302992765 0.632500455446181
TCGA-DD-A1EH-01 0.725500703013357 0.8683475 0.711079828843822 0.757250813923609
TCGA-DD-A3A6-01 0.2039051 0.293274558416396 0.288526543801698 0.172427596666667
TCGA-DD-AACI-01 0.461454908511206 0.494890053801891 0.33766388890159 0.674783689538508
TCGA-DD-A1EA-01 0.490810828034854 0.771466733333333 0.659416889565021 0.6519239
TCGA-DD-A73F-01 0.343190342442388 0.6519239 0.351896266666667 0.572725875359168
TCGA-DD-AACJ-01 0.8213111 0.767630735768877 0.786709287036349 0.720559845469372
TCGA-EP-A2KC-01 0.522256628545931 0.942562966666667 0.71486844249546 0.567399533333333
TCGA-2Y-A9H5-01 0.762786233333333 0.659416889565021 0.627150269749893 0.573701259067231
TCGA-K7-AAU7-01 0.588897293787523 0.544012768360288 0.571446171958161 0.475256278498149
TCGA-2Y-A9GY-01 0.581502333333333 0.530128876453866 0.480702 0.534584540992793
TCGA-DD-AACU-01 0.686657885001542 0.663489214331191 0.670913956643346 0.6410477
TCGA-BC-A10X-01 0.700746218285593 0.540665233333333 0.450283411861207 0.721375054670488
TCGA-ES-A2HS-01 0.657097633333333 0.552439325910846 0.686657885001542 0.797837333333333
TCGA-DD-AAEG-01 0.8017973 0.739644973157008 0.7859536 0.639822163100248
TCGA-RG-A7D4-01 0.561825546106179 0.534584540992793 0.551011780850305 0.522256628545931
TCGA-NI-A4U2-01 0.561825546106179 0.632812766666667 0.657097633333333 0.610341733333333
TCGA-DD-AACN-01 0.621397362533341 0.614569604727459 0.598622333333333 0.6175764
TCGA-FV-A3R2-01 0.663489214331191 0.797837333333333 0.7476274 0.711079828843822
TCGA-CC-A7IH-01 0.8213111 0.790965978124579 0.806875333333333 0.781666666666667
TCGA-2Y-A9H7-01 0.923646733333333 0.776651611709991 0.728436146754769 0.704477736976941
TCGA-RC-A7SH-01 0.781323366666667 0.771879263411313 0.839065359078357 0.753671004124045
TCGA-DD-A3A0-01 0.435030566666667 0.706173201311908 0.567399533333333 0.563776051071476
TCGA-DD-AAVW-01 0.73283062412481 0.561825546106179 0.464109370912392 0.476502273172985
TCGA-QA-A7B7-01 0.762786233333333 0.8508193 0.802112266666667 0.771879263411313
TCGA-2Y-A9H1-01 0.771466733333333 0.64571053049634 0.563155806792214 0.595758166666667
TCGA-LG-A9QD-01 0.771466733333333 0.640677205769046 0.64571053049634 0.516268548594415
TCGA-ED-A8O5-01 0.844081467017425 0.776440416384195 0.743702949633061 0.765601030905203
TCGA-DD-AAEK-01 0.490810828034854 0.450283411861207 0.426147348176443 0.398633266666667
TCGA-DD-AAE9-01 0.73283062412481 0.742880200767466 0.795380706547817 0.743702949633061
TCGA-DD-A3A4-01 0.414323434734433 0.743702949633061 0.797898923840676 0.708911903815593
TCGA-LG-A9QC-01 0.700746218285593 0.728436146754769 0.8017973 0.726165935366862
TCGA-DD-AADP-01 0.644779189214889 0.646304306424851 0.638848725559529 0.657713859603157
TCGA-ZS-A9CD-01 0.6938664 0.571132141030694 0.563776051071476 0.441926796453652
TCGA-DD-AADS-01 0.570913666666667 0.563776051071476 0.494890053801891 0.613640953912892
TCGA-BC-A69I-01 0.387002166666667 0.781323366666667 0.573902990785979 0.576806633333333
TCGA-2Y-A9H4-01 0.631216318850585 0.650853973390765 0.639822163100248 0.706173201311908
TCGA-KR-A7K7-01 0.621397362533341 0.679625786338029 0.588897293787523 0.876974866666667
TCGA-G3-AAV3-01 0.254496648418922 0.416760846297832 0.454163733333333 0.406316861779122
TCGA-G3-A5SJ-01 0.884593033333333 0.565908366666667 0.523413766666667 0.590526951572256
TCGA-XR-A8TE-01 0.321143933333333 0.573902990785979 0.706173201311908 0.633045366666667
TCGA-DD-A4NN-01 0.835842861871559 0.6410477 0.7819621 0.694272566666667
TCGA-DD-AAD0-01 0.858003633333333 0.837059763867845 0.844081467017425 0.845478733333333
TCGA-CC-A9FW-01 0.679125874671733 0.711079828843822 0.771677533333333 0.703946521224216
TCGA-DD-AAD3-01 0.539317185163533 0.544833911686548 0.522781766666667 0.5662544
TCGA-DD-AADW-01 0.73283062412481 0.72922111685181 0.737538933333333 0.747626233333333
TCGA-DD-AAEE-01 0.753671004124045 0.753878313787419 0.776440416384195 0.757911033333333
TCGA-RC-A7SF-01 0.753671004124045 0.702002406507347 0.718732599875831 0.640357387472255
TCGA-EP-A2KA-01 0.610341733333333 0.607627738368557 0.5048084 0.541054733333333
TCGA-UB-AA0U-01 0.504068801833364 0.551011780850305 0.490810828034854 0.632812766666667
TCGA-UB-A7MD-01 0.4676177 0.522256628545931 0.533143242433834 0.565908366666667
TCGA-HP-A5MZ-01 0.321143933333333 0.330513117572487 0.281106766666667 0.293274558416396
TCGA-DD-AACZ-01 0.725500703013357 0.621397362533341 0.357645832800315 0.795380706547817
TCGA-DD-AACY-01 0.570913666666667 0.64707153949365 0.695081 0.7104125
TCGA-FV-A3R3-01 0.304439883262487 0.3133308 0.4305869 0.257134564352558
TCGA-DD-A4NL-01 0.679125874671733 0.222817533333333 0.5825852 0.632310782154416
TCGA-BW-A5NQ-01 0.343190342442388 0.666202 0.541054733333333 0.689037774213
TCGA-UB-A7MA-01 0.71863537679762 0.682635205091634 0.7338053 0.627150269749893
TCGA-DD-AADD-01 0.8017973 0.795503775419335 0.832317633333333 0.796759042432457
TCGA-DD-A3A1-01 0.4676177 0.743702949633061 0.632867133333333 0.604740471703687
TCGA-G3-A7M6-01 0.610341733333333 0.632310782154416 0.683205049585051 0.6157874
TCGA-DD-AAE8-01 0.367687533333333 0.471450027885209 0.4676177 0.511753751391669
TCGA-CC-5262-01 0.700746218285593 0.213331666666667 0.401297097401982 0.376666333333333
TCGA-EP-A26S-01 0.762786233333333 0.9129143 0.757911033333333 0.831894433333333
TCGA-GJ-A6C0-01 0.4476399 0.771466733333333 0.534584540992793 0.633132133333333
TCGA-DD-AAE1-01 0.747492933333333 0.741511195607383 0.725542914804224 0.786709287036349
TCGA-DD-AAVZ-01 0.670913956643346 0.696993240509654 0.720201043263761 0.737538933333333
TCGA-DD-AAVY-01 0.923646733333333 0.847390077202988 0.8174422 0.839065359078357
TCGA-DD-A1EB-01 0.644779189214889 0.8508193 0.694272566666667 0.728436146754769
TCGA-BC-4073-01 0.516268548594415 0.510451233333333 0.330513117572487 0.4848707
TCGA-GJ-A9DB-01 0.7093402 0.626558902363912 0.6032941757899 0.559616450548531
TCGA-ED-A8O6-01 0.677886176728656 0.667353071540656 0.742880200767466 0.6032941757899
TCGA-FV-A23B-01 0.747492933333333 0.757250813923609 0.633132133333333 0.719756866666667
TCGA-CC-A3MC-01 0.549011904634248 0.595758166666667 0.6410477 0.564523995980165
TCGA-G3-A3CK-01 0.281106766666667 0.576806633333333 0.614569604727459 0.5992142
TCGA-ED-A7XO-01 0.570913666666667 0.470772294355777 0.527584974505111 0.321143933333333
TCGA-DD-AACM-01 0.844081467017425 0.680296271818007 0.687345753434065 0.530128876453866
TCGA-G3-A7M9-01 0.539317185163533 0.702895273131859 0.8511747 0.785488366666667
TCGA-BC-A10U-01 0.6938664 0.781323366666667 0.773826268349614 0.73283062412481
TCGA-BC-A3KF-01 0.781323366666667 0.797837333333333 0.738816460236594 0.749308865733269
TCGA-ZP-A9CZ-01 0.670913956643346 0.575140445139172 0.479569093772141 0.563155806792214
TCGA-DD-AACA-01 0.771466733333333 0.773826268349614 0.790965978124579 0.8069862
TCGA-RC-A7SK-01 0.610341733333333 0.627150269749893 0.823521197175818 0.5048084
TCGA-ED-A82E-01 0.476502273172985 0.562296805988193 0.632812766666667 0.552937298284406
TCGA-G3-A25W-01 0.610341733333333 0.262065833333333 0.387849333333333 0.312368176856684
TCGA-RC-A7SB-01 0.679125874671733 0.703946521224216 0.749308865733269 0.710538366666667
TCGA-FV-A2QQ-01 0.490810828034854 0.576806633333333 0.561825546106179 0.52521839995238
TCGA-DD-AADF-01 0.805802233333333 0.75556748205316 0.726165935366862 0.758268920257408
TCGA-DD-AAEB-01 0.414323434734433 0.603099716076832 0.666202 0.702895273131859
TCGA-DD-A1EG-01 0.475256278498149 0.3603671 0.414323434734433 0.427433214302327
TCGA-ES-A2HT-01 0.387002166666667 0.522781766666667 0.540496635602877 0.496572634203964
TCGA-DD-AAVU-01 0.844081467017425 0.815392316775797 0.767630735768877 0.837059763867845
TCGA-ED-A66Y-01 0.8017973 0.901628 0.88763160879086 0.7859536
TCGA-EP-A3JL-01 0.421358330045746 0.3133308 0.415390833333333 0.4532128
TCGA-G3-AAV1-01 0.725500703013357 0.718732599875831 0.73283062412481 0.71486844249546
TCGA-YA-A8S7-01 0.398633266666667 0.357645832800315 0.305991399325549 0.347673803082712
TCGA-DD-A4NQ-01 0.367687533333333 0.349352966666667 0.6573669 0.330513117572487
TCGA-DD-A1E9-01 0.725500703013357 0.495273266666667 0.589783169410075 0.591519178365871
TCGA-G3-A7M8-01 0.343190342442388 0.535009850867545 0.617776666666667 0.591061145182818
TCGA-DD-AACO-01 0.725500703013357 0.640357387472255 0.549011904634248 0.666789593040453
TCGA-DD-AADN-01 0.663489214331191 0.563155806792214 0.470772294355777 0.544833911686548
TCGA-2Y-A9H3-01 0.414323434734433 0.436999537293335 0.349352966666667 0.450283411861207
TCGA-CC-A3M9-01 0.304439883262487 0.167172703333333 0.167172703333333 0.343190342442388
TCGA-G3-AAV2-01 0.753671004124045 0.721805471432279 0.719756866666667 0.725542914804224
TCGA-DD-AACW-01 0.771466733333333 0.749308865733269 0.740618055804903 0.771466733333333
TCGA-BC-A5W4-01 0.884593033333333 0.797837333333333 0.905483133333333 0.8683475
TCGA-2Y-A9GW-01 0.461454908511206 0.441926796453652 0.387002166666667 0.408167875008321
TCGA-2Y-A9GT-01 0.570913666666667 0.490810828034854 0.406316861779122 0.480621633333333
TCGA-HP-A5N0-01 0.621397362533341 0.595758166666667 0.504068801833364 0.495273266666667
TCGA-ED-A5KG-01 0.167172703333333 0.463319233333333 0.172427596666667 0.167172703333333
TCGA-K7-A5RG-01 0.539317185163533 0.415390833333333 0.222817533333333 0.3133308
TCGA-BC-A216-01 0.522256628545931 0.757250813923609 0.623203461473008 0.703523222098118
TCGA-DD-AAE2-01 0.670913956643346 0.623203461473008 0.518338000946231 0.691331029622055
TCGA-DD-A118-01 0.6938664 0.540665233333333 0.674783689538508 0.4676177
TCGA-2Y-A9GS-01 0.561825546106179 0.6032941757899 0.604740471703687 0.614569604727459
TCGA-CC-5261-01 0.610341733333333 0.387002166666667 0.4532128 0.481250089845633
TCGA-CC-5259-01 0.667353071540656 0.607627738368557 0.71863537679762 0.644779189214889
TCGA-DD-AACG-01 0.762786233333333 0.765601030905203 0.682204835601915 0.892709733333333
TCGA-MI-A75G-01 0.670913956643346 0.6410477 0.808905326574704 0.776440416384195
TCGA-DD-AAD5-01 0.621397362533341 0.604740471703687 0.632310782154416 0.549978834936324
TCGA-ZP-A9CY-01 0.461454908511206 0.549978834936324 0.552439325910846 0.625133502422208
TCGA-DD-A11B-01 0.805802233333333 0.8508193 0.771879263411313 0.741511195607383
TCGA-UB-A7MB-01 0.805802233333333 0.823521197175818 0.8508193 0.8511747
TCGA-DD-AADA-01 0.522256628545931 0.533143242433834 0.481250089845633 0.570913666666667
TCGA-MR-A520-01 0.522256628545931 0.222817533333333 0.700746218285593 0.597806533333333
TCGA-KR-A7K2-01 0.595758166666667 0.679125874671733 0.573701259067231 0.913471833333333
TCGA-G3-A25Z-01 0.588897293787523 0.499729366666667 0.62237563394444 0.64571053049634
TCGA-G3-A25Y-01 0.549011904634248 0.674959333333333 0.552937298284406 0.544012768360288
TCGA-DD-AAEA-01 0.522256628545931 0.589783169410075 0.653197933333333 0.5825852
TCGA-GJ-A3OU-01 0.387002166666667 0.257134564352558 0.185148766666667 0.2485309
TCGA-ED-A4XI-01 0.367687533333333 0.281106766666667 0.421358330045746 0.230350666666667
TCGA-ED-A97K-01 0.581502333333333 0.516575160341794 0.5768396 0.414323434734433
TCGA-DD-A4ND-01 0.516268548594415 0.222817533333333 0.336367580876347 0.357645832800315
TCGA-DD-AAW1-01 0.686657885001542 0.720201043263761 0.759363433333333 0.753878313787419
TCGA-DD-AAE7-01 0.343190342442388 0.479569093772141 0.522256628545931 0.522781766666667
TCGA-ED-A7PY-01 0.753671004124045 0.677886176728656 0.8213111 0.510451233333333
TCGA-DD-AACH-01 0.781323366666667 0.738816460236594 0.691331029622055 0.765552209571647
TCGA-DD-AADR-01 0.561825546106179 0.6234199188599 0.650853973390765 0.659416889565021
TCGA-2Y-A9HA-01 0.753671004124045 0.725542914804224 0.758230273149847 0.674959333333333
TCGA-DD-AAW2-01 0.866158024278934 0.686657885001542 0.757250813923609 0.4476399
TCGA-BC-A10Z-01 0.753671004124045 0.923646733333333 0.9257742 0.8508193
TCGA-CC-A8HV-01 0.725500703013357 0.755057053135699 0.824654223968306 0.773826268349614
TCGA-DD-AAD8-01 0.8213111 0.765552209571647 0.72922111685181 0.762786233333333
TCGA-G3-AAV6-01 0.621397362533341 0.571446171958161 0.796759042432457 0.351896266666667
TCGA-DD-A4NR-01 0.539317185163533 0.2039051 0.343190342442388 0.336367580876347
TCGA-ZS-A9CE-01 0.71863537679762 0.749030302992765 0.847390077202988 0.75556748205316
TCGA-CC-A7IG-01 0.785488366666667 0.726165935366862 0.688798650963615 0.725500703013357
TCGA-2Y-A9HB-01 0.588897293787523 0.562158409890169 0.507475561519553 0.573902990785979
TCGA-LG-A6GG-01 0.795380706547817 0.8508193 0.771466733333333 0.797898923840676
TCGA-DD-A3A2-01 0.281106766666667 0.797837333333333 0.672989648055201 0.670913956643346
TCGA-XR-A8TD-01 0.254496648418922 0.33766388890159 0.2485309 0.401297097401982
TCGA-MI-A75E-01 0.2039051 0.185148766666667 0.486701 0.304439883262487
TCGA-G3-A25U-01 0.795380706547817 0.905483133333333 0.7856335 0.942562966666667
TCGA-2Y-A9H9-01 0.663489214331191 0.687345753434065 0.674959333333333 0.776651611709991
TCGA-DD-A4NK-01 0.603099716076832 0.7337968 0.727693282707813 0.71863537679762
TCGA-CC-A1HT-01 0.657097633333333 0.185148766666667 0.254496648418922 0.363355833333333
TCGA-G3-A5SL-01 0.785488366666667 0.797837333333333 0.721375054670488 0.486701
TCGA-DD-A4NV-01 0.2485309 0.427433214302327 0.6157874 0.494890053801891
TCGA-DD-A4NF-01 0.504068801833364 0.7337968 0.790309303759158 0.696676725396571
TCGA-CC-A7IK-01 0.621397362533341 0.688798650963615 0.871743066666667 0.640677205769046
TCGA-DD-A39V-01 0.686657885001542 0.706173201311908 0.455463568849779 0.597904133333333
TCGA-DD-AADQ-01 0.795380706547817 0.740618055804903 0.710538366666667 0.740618055804903
TCGA-2Y-A9GZ-01 0.795380706547817 0.835842861871559 0.809209931369033 0.9257742
TCGA-DD-AAC8-01 0.771466733333333 0.720559845469372 0.702895273131859 0.71919982410547
TCGA-FV-A3I0-01 0.725500703013357 0.6157874 0.625133502422208 0.646304306424851
TCGA-DD-AADB-01 0.4476399 0.516268548594415 0.564523995980165 0.5420104
TCGA-DD-AAED-01 0.805802233333333 0.775793070546406 0.785488366666667 0.774565044375605
TCGA-DD-AAW0-01 0.398633266666667 0.455463568849779 0.469474436963909 0.435030566666667
TCGA-BC-A10R-01 0.638848725559529 0.565908366666667 0.632500455446181 0.416760846297832
TCGA-BC-A110-01 0.700746218285593 0.539317185163533 0.266593566666667 0.679625786338029
TCGA-DD-AAD6-01 0.829413383313974 0.796759042432457 0.797837333333333 0.790309303759158
TCGA-DD-AAVR-01 0.398633266666667 0.507475561519553 0.293274558416396 0.854542333333333
TCGA-BW-A5NO-01 0.753671004124045 0.7337968 0.633045366666667 0.663489214331191
TCGA-K7-A5RF-01 0.321143933333333 0.376666333333333 0.363355833333333 0.189248933333333
TCGA-ZS-A9CG-01 0.7093402 0.683205049585051 0.712546865501717 0.680296271818007
TCGA-RC-A7S9-01 0.785488366666667 0.764489696164944 0.713971604211292 0.822384056216641
TCGA-BW-A5NP-01 0.876974866666667 0.797837333333333 0.854542333333333 0.905483133333333
TCGA-G3-A3CG-01 0.490810828034854 0.427433214302327 0.604413980678605 0.571132141030694
TCGA-XR-A8TF-01 0.829413383313974 0.795380706547817 0.774565044375605 0.796059317368958
TCGA-DD-AACX-01 0.835842861871559 0.786709287036349 0.758268920257408 0.775793070546406
TCGA-DD-AAVV-01 0.321143933333333 0.347673803082712 0.380162934518401 0.281106766666667
TCGA-2Y-A9H6-01 0.539317185163533 0.511753751391669 0.463319233333333 0.555883900066938
TCGA-DD-AACK-01 0.4676177 0.625133502422208 0.747626233333333 0.677886176728656
TCGA-CC-5263-01 0.631216318850585 0.781323366666667 0.640677205769046 0.675013767912699
TCGA-CC-5260-01 0.638848725559529 0.565908366666667 0.516575160341794 0.518338000946231
TCGA-G3-AAUZ-01 0.679125874671733 0.591061145182818 0.496572634203964 0.589783169410075
TCGA-O8-A75V-01 0.581502333333333 0.499729366666667 0.471450027885209 0.448062133333333
TCGA-ZS-A9CF-02 0.9129143 0.815013314348045 0.7257858100471 0.810168118956385
TCGA-DD-AADI-01 0.657097633333333 0.552114956688226 0.392435742588074 0.626558902363912
TCGA-DD-AADY-01 0.844081467017425 0.790309303759158 0.762786233333333 0.781323366666667
TCGA-DD-A4NS-01 0.167172703333333 0.304439883262487 0.321143933333333 0.2039051
TCGA-DD-AADV-01 0.747492933333333 0.682204835601915 0.657713859603157 0.679125874671733
TCGA-K7-A6G5-01 0.762786233333333 0.632812766666667 0.549978834936324 0.4305869
TCGA-CC-A7IE-01 0.461454908511206 0.626146452437829 0.535009850867545 0.923646733333333
TCGA-CC-A7IJ-01 0.561825546106179 0.408167875008321 0.2039051 0.517106859387141
TCGA-EP-A2KB-01 0.753671004124045 0.844081467017425 0.763137691284009 0.77718472412835
TCGA-ZP-A9D1-01 0.644779189214889 0.572725875359168 0.562296805988193 0.523413766666667
TCGA-BC-A10Y-01 0.561825546106179 0.9129143 0.675013767912699 0.696993240509654
TCGA-CC-A3MB-01 0.71863537679762 0.706173201311908 0.740523580404708 0.709717256801432
TCGA-PD-A5DF-01 0.7093402 0.691331029622055 0.463776366666667 0.623203461473008
TCGA-CC-A9FV-01 0.4476399 0.254496648418922 0.189248933333333 0.185148766666667
TCGA-DD-AAVS-01 0.670913956643346 0.632500455446181 0.6938664 0.552114956688226
TCGA-ED-A7PX-01 0.7093402 0.665010896131308 0.571132141030694 0.728902493523053
TCGA-DD-A1EC-01 0.588897293787523 0.392435742588074 0.230350666666667 0.3688493
TCGA-CC-A5UE-01 0.737538933333333 0.691331029622055 0.815392316775797 0.795503775419335
TCGA-DD-A73G-01 0.595758166666667 0.595758166666667 0.607627738368557 0.901628
TCGA-G3-AAV5-01 0.762786233333333 0.725500703013357 0.753878313787419 0.672989648055201
TCGA-DD-AACP-01 0.663489214331191 0.728902493523053 0.859782366666667 0.727693282707813
TCGA-BC-A112-01 0.4676177 0.595758166666667 0.595758166666667 0.552439325910846
TCGA-DD-AAVP-01 0.700746218285593 0.674783689538508 0.702002406507347 0.667353071540656
TCGA-DD-AADG-01 0.631216318850585 0.681843274061236 0.814041755437624 0.6665763
TCGA-DD-A4NE-01 0.691331029622055 0.6519239 0.747492933333333 0.686657885001542
TCGA-ZP-A9CV-01 0.522256628545931 0.52521839995238 0.499224992847087 0.549011904634248
TCGA-DD-A4NJ-01 0.549011904634248 0.4532128 0.539317185163533 0.621397362533341
TCGA-DD-AAD2-01 0.4848707 0.421358330045746 0.436999537293335 0.336969549204678
TCGA-G3-A3CH-01 0.516268548594415 0.632812766666667 0.576806633333333 0.585202031900376
TCGA-DD-A3A5-01 0.814041755437624 0.892709733333333 0.689037774213 0.755425426142739
TCGA-DD-A4NO-01 0.435030566666667 0.480621633333333 0.646304306424851 0.815013314348045
TCGA-3K-AAZ8-01 0.700746218285593 0.748153137189169 0.707599061195974 0.88763160879086
TCGA-G3-A5SK-01 0.559616450548531 0.463319233333333 0.511753751391669 0.516575160341794
TCGA-EP-A3RK-01 0.686657885001542 0.427433214302327 0.347673803082712 0.490810828034854
TCGA-2Y-A9H0-01 0.771466733333333 0.7257858100471 0.666789593040453 0.759363433333333
TCGA-CC-A5UC-01 0.304439883262487 0.2485309 0.581502333333333 0.3603671
TCGA-FV-A3I1-01 0.539317185163533 0.480621633333333 0.552114956688226 0.604413980678605
TCGA-DD-A3A9-01 0.476502273172985 0.4532128 0.475256278498149 0.471450027885209
TCGA-DD-A1EL-01 0.638848725559529 0.666202 0.764489696164944 0.771677533333333
TCGA-RC-A6M3-01 0.561825546106179 0.3603671 0.765601030905203 0.9129143
TCGA-DD-A73E-01 0.753671004124045 0.8683475 0.876974866666667 0.871743066666667
TCGA-G3-A25S-01 0.707599061195974 0.691331029622055 0.6665763 0.829413383313974
TCGA-G3-AAV0-01 0.700746218285593 0.703523222098118 0.703946521224216 0.742880200767466
TCGA-UB-A7MF-01 0.644779189214889 0.549011904634248 0.435030566666667 0.562158409890169
TCGA-UB-A7ME-01 0.644779189214889 0.540496635602877 0.510451233333333 0.470772294355777
TCGA-CC-A5UD-01 0.805802233333333 0.706173201311908 0.797875666666667 0.763137691284009
TCGA-DD-AADE-01 0.725500703013357 0.670913956643346 0.667353071540656 0.631216318850585
TCGA-WQ-A9G7-01 0.539317185163533 0.657713859603157 0.822384056216641 0.649508716332016
TCGA-DD-AAVQ-01 0.321143933333333 0.401297097401982 0.336969549204678 0.463776366666667
TCGA-G3-A7M7-01 0.805802233333333 0.638848725559529 0.7337968 0.387849333333333
TCGA-CC-A7IL-01 0.835842861871559 0.839065359078357 0.901628 0.844081467017425
TCGA-DD-AAVX-01 0.570913666666667 0.590526951572256 0.559616450548531 0.653197933333333
TCGA-WX-AA47-01 0.522256628545931 0.700746218285593 0.858003633333333 0.764489696164944
TCGA-DD-A39Z-01 0.679125874671733 0.771466733333333 0.825976157799416 0.767630735768877
TCGA-2Y-A9GU-01 0.588897293787523 0.680393161476427 0.775793070546406 0.7337968
TCGA-WJ-A86L-01 0.795380706547817 0.796059317368958 0.831894433333333 0.808905326574704
TCGA-BC-A10S-01 0.549011904634248 0.499729366666667 0.448062133333333 0.504068801833364
TCGA-DD-A11D-01 0.570913666666667 0.757250813923609 0.71919982410547 0.687345753434065
TCGA-G3-A3CI-01 0.230350666666667 0.4476399 0.540665233333333 0.266593566666667
TCGA-DD-AAE3-01 0.595758166666667 0.639822163100248 0.575140445139172 0.766749248755454
TCGA-DD-AAE0-01 0.876974866666667 0.809209931369033 0.7104125 0.847390077202988
TCGA-CC-5264-01 0.725500703013357 0.757250813923609 0.741511195607383 0.72922111685181
TCGA-G3-A25V-01 0.679125874671733 0.461454908511206 0.441926796453652 0.288526543801698
TCGA-DD-AACL-01 0.367687533333333 0.426147348176443 0.416760846297832 0.421358330045746
TCGA-DD-A39X-01 0.4476399 0.3603671 0.591519178365871 0.499729366666667
TCGA-DD-A3A7-01 0.737538933333333 0.781323366666667 0.720559845469372 0.7338053
TCGA-DD-A3A8-01 0.504068801833364 0.7337968 0.781666666666667 0.632867133333333
TCGA-FV-A2QR-01 0.753671004124045 0.8174422 0.610341733333333 0.658367627031963
TCGA-DD-A4NH-01 0.595758166666667 0.185148766666667 0.5662544 0.367687533333333
TCGA-G3-A5SI-01 0.795380706547817 0.797837333333333 0.829413383313974 0.738816460236594
TCGA-BC-A10W-01 0.71863537679762 0.706173201311908 0.640357387472255 0.6234199188599
TCGA-MR-A8JO-01 0.254496648418922 0.312368176856684 0.257134564352558 0.254496648418922
TCGA-WQ-AB4B-01 0.476502273172985 0.518338000946231 0.562158409890169 0.533143242433834
TCGA-DD-A4NA-01 0.8017973 0.540665233333333 0.584307491928639 0.682204835601915
TCGA-DD-A1ED-01 0.6938664 0.172427596666667 0.468272213947027 0.262065833333333
TCGA-BD-A3ER-01 0.737538933333333 0.522781766666667 0.517106859387141 0.480702
TCGA-2V-A95S-01 0.254496648418922 0.380162934518401 0.3215896 0.415390833333333
TCGA-BC-A10T-01 0.595758166666667 0.706173201311908 0.570913666666667 0.64707153949365
TCGA-DD-A116-01 0.631216318850585 0.552439325910846 0.631216318850585 0.590701433909388
TCGA-WX-AA46-01 0.230350666666667 0.469474436963909 0.591061145182818 0.426147348176443
TCGA-DD-A119-01 0.603099716076832 0.392435742588074 0.603099716076832 0.626146452437829
TCGA-BC-A3KG-01 0.522256628545931 0.781323366666667 0.802325766666667 0.688373920398759
TCGA-ED-A459-01 0.4848707 0.706173201311908 0.658367627031963 0.584307491928639
TCGA-DD-AAD1-01 0.4476399 0.414323434734433 0.367687533333333 0.380162934518401
TCGA-DD-AAEI-01 0.737538933333333 0.666789593040453 0.5992142 0.658601223236195
