abscnseq ascat estimate purbayes
TCGA-VP-A872-01 0.3934175 0.400548114018784 0.281675769960203 0.452543613460476
TCGA-G9-6499-01 0.44989898418889 0.22864 0.558911133333333 0.324195330292758
TCGA-KC-A7FE-01 0.279401651288415 0.309039760006368 0.352441636429753 0.241900566666667
TCGA-HC-A6AN-01 0.321901948560066 0.420750066666667 0.405903866666667 0.485636129594336
TCGA-XQ-A8TA-01 0.881273566666667 0.762160605091983 0.7339535 0.823038295133511
TCGA-EJ-5507-01 0.44989898418889 0.2709491 0.398549369461047 0.469659963689275
TCGA-QU-A6IO-01 0.476163181798228 0.480066133333333 0.3958045 0.505782209990719
TCGA-HC-7210-01 0.3934175 0.22864 0.279401651288415 0.3934175
TCGA-VN-A88I-01 0.201614176666667 0.249422987913468 0.223693766666667 0.210651366666667
TCGA-QU-A6IL-01 0.7252092 0.7992938 0.531311966666667 0.696878247369629
TCGA-J4-A67Q-01 0.556266951895248 0.327541833333333 0.2646808 0.308064330614399
TCGA-2A-AAYO-01 0.3934175 0.417936769299463 0.25583 0.531766939865937
TCGA-YL-A8HJ-01 0.208464388727999 0.2705858748403 0.222707033333333 0.316093266666667
TCGA-HC-7740-01 0.258776405445966 0.258776405445966 0.210651366666667 0.293261916853408
TCGA-ZG-A8QW-01 0.2221868 0.309668379405041 0.291137 0.322423983338947
TCGA-EJ-7788-01 0.299724247975906 0.677344566666667 0.38378991676295 0.931150666666667
TCGA-YL-A9WK-01 0.731595603010494 0.567908251357167 0.287543716494188 0.550884833797701
TCGA-VN-A943-01 0.342160566666667 0.517046572443531 0.442163533333333 0.708678433333333
TCGA-EJ-A65B-01 0.279401651288415 0.201614176666667 0.366435433333333 0.2291226
TCGA-EJ-8469-01 0.756502033333333 0.745464133333333 0.587705295191217 0.613008646906828
TCGA-J4-A67N-01 0.526153415377222 0.7047811 0.406900833333333 0.550312903127756
TCGA-2A-A8W3-01 0.3934175 0.41609590632963 0.551682360546126 0.348672133626657
TCGA-EJ-5512-01 0.208464388727999 0.263820866666667 0.617597341696706 0.343696
TCGA-EJ-A7NM-01 0.299724247975906 0.411582656859018 0.281399202917572 0.497264666666667
TCGA-J4-A67S-01 0.321901948560066 0.337063433333333 0.491399782465103 0.327701233333333
TCGA-KK-A8IG-01 0.363245081912688 0.430686791508144 0.301601466666667 0.510667499564435
TCGA-VN-A88M-01 0.342160566666667 0.526153415377222 0.731595603010494 0.576204633333333
TCGA-V1-A9O5-01 0.617173790433668 0.425859658941647 0.291961533333333 0.3573797
TCGA-KK-A8I4-01 0.201614176666667 0.241259406152186 0.2022933 0.2714515
TCGA-KK-A8ID-01 0.526153415377222 0.579457377483187 0.701993218987449 0.660246433333333
TCGA-EJ-A7NG-01 0.237891133333333 0.312859305760663 0.458996272438197 0.223653166666667
TCGA-EJ-5524-01 0.689723866666667 0.405891466666667 0.271846733333333 0.457708705631315
TCGA-G9-7519-01 0.201614176666667 0.5422273 0.501823120247333 0.437628933333333
TCGA-CH-5737-01 0.41609590632963 0.7047811 0.7377899 0.551291958400154
TCGA-CH-5740-01 0.467065233333333 0.6594375 0.519919566666667 0.504056948477132
TCGA-EJ-5499-01 0.44989898418889 0.389851333333333 0.381256633333333 0.408616828667313
TCGA-VN-A88Q-01 0.53764212473332 0.531766939865937 0.6808166 0.499871560130473
TCGA-EJ-7315-01 0.3934175 0.5851562 0.21092127 0.510514964038255
TCGA-EJ-7330-01 0.516767758691708 0.253544433333333 0.476163181798228 0.283180266666667
TCGA-V1-A9ZG-01 0.279401651288415 0.347369079167945 0.377388462648176 0.3293959
TCGA-KK-A6E3-01 0.208464388727999 0.301601466666667 0.271166466666667 0.22864
TCGA-CH-5765-01 0.4894144 0.7377899 0.756502033333333 0.609678245131381
TCGA-HC-A6AL-01 0.526153415377222 0.405891466666667 0.329696145302275 0.567397764472566
TCGA-YL-A8SF-01 0.741215433333333 0.609678245131381 0.327541833333333 0.6083094
TCGA-HC-7212-01 0.41609590632963 0.531311966666667 0.556835633333333 0.456999356152208
TCGA-VP-AA1N-01 0.630434566666667 0.538261662870956 0.31313676405694 0.576279933333333
TCGA-FC-A4JI-01 0.630434566666667 0.576204633333333 0.749191333333333 0.480066133333333
TCGA-MG-AAMC-01 0.467065233333333 0.552601786622429 0.7252092 0.634644888993954
TCGA-G9-6353-01 0.261923894421016 0.327541833333333 0.576837862212347 0.188100433333333
TCGA-G9-6379-01 0.279401651288415 0.253544433333333 0.241900566666667 0.31313676405694
TCGA-HC-7077-01 0.321901948560066 0.556835633333333 0.877762266666667 0.478047320412391
TCGA-KK-A8IM-01 0.2221868 0.31313676405694 0.3951409 0.271166466666667
TCGA-G9-6385-01 0.279401651288415 0.337063433333333 0.497316466666667 0.4062915
TCGA-ZG-A9L4-01 0.363245081912688 0.312619404777271 0.32257777427961 0.253122441101567
TCGA-ZG-A8QX-01 0.321901948560066 0.402725230395846 0.550884833797701 0.358191133333333
TCGA-XK-AAJT-01 0.7868428 0.612356216078959 0.321901948560066 0.5851562
TCGA-VN-A88K-01 0.591975569933875 0.61926454037714 0.4382711 0.8674946
TCGA-G9-6369-01 0.731595603010494 0.8126831 0.603306163526935 0.7377899
TCGA-HC-7079-01 0.41609590632963 0.4630744 0.170167306666667 0.2243187
TCGA-J9-A8CP-01 0.630434566666667 0.533006924124202 0.382337208066328 0.517046572443531
TCGA-YL-A8SP-01 0.321901948560066 0.551682360546126 0.7268782 0.7252092
TCGA-VP-A87J-01 0.556266951895248 0.591225201603271 0.630434566666667 0.684183086747275
TCGA-KK-A7AQ-01 0.516767758691708 0.531120547211091 0.455013870787111 0.608868666666667
TCGA-HC-8260-01 0.526153415377222 0.2149396 0.491717123050288 0.303991566666667
TCGA-EJ-7125-01 0.363245081912688 0.7047811 0.406246666666667 0.556835633333333
TCGA-V1-A8MK-01 0.299724247975906 0.331443360270683 0.518232133333333 0.21092127
TCGA-CH-5745-01 0.499969068356964 0.495513366666667 0.308064330614399 0.426352140554945
TCGA-EJ-5532-01 0.584167637015562 0.677344566666667 0.5183438 0.5077727
TCGA-J4-AATV-01 0.3934175 0.31086964137605 0.338336433333333 0.201614176666667
TCGA-HC-8264-01 0.501320666666667 0.3573797 0.303535533333333 0.39590560967425
TCGA-V1-A9OA-01 0.41609590632963 0.388472029171973 0.343696 0.370332582560081
TCGA-EJ-8470-01 0.3934175 0.3573797 0.253122441101567 0.380118
TCGA-CH-5769-01 0.279401651288415 0.301601466666667 0.453033255045456 0.2229818
TCGA-EJ-5498-01 0.437628933333333 0.233681533333333 0.289540866666667 0.552601786622429
TCGA-EJ-A8FN-01 0.279401651288415 0.426352140554945 0.367401117179339 0.483716033333333
TCGA-HC-A6HY-01 0.44989898418889 0.637254566666667 0.672731839252601 0.566936434291953
TCGA-2A-AAYU-01 0.299724247975906 0.51098062431267 0.696878247369629 0.561460610475205
TCGA-J4-A67T-01 0.299724247975906 0.337063433333333 0.5060172 0.312859305760663
TCGA-J4-8198-01 0.321901948560066 0.637254566666667 0.5422273 0.38791762301734
TCGA-XA-A8JR-01 0.467065233333333 0.388956340804495 0.491062016463164 0.301601466666667
TCGA-HC-7752-01 0.6083094 0.745464133333333 0.488749735970886 0.749694766666667
TCGA-J4-AATZ-01 0.575532321841231 0.571390943657528 0.712402351005415 0.558911133333333
TCGA-EJ-7317-01 0.41609590632963 0.556835633333333 0.626849607971211 0.520317566666667
TCGA-KC-A7FA-01 0.556266951895248 0.551291958400154 0.480667266666667 0.624695083839509
TCGA-G9-6336-01 0.237891133333333 0.201614176666667 0.5611775 0.281675769960203
TCGA-EJ-8474-01 0.208464388727999 0.289540866666667 0.431882850029676 0.533006924124202
TCGA-VP-A876-01 0.749191333333333 0.696878247369629 0.8674946 0.6594375
TCGA-SU-A7E7-01 0.279401651288415 0.330264055848061 0.4062915 0.283668666666667
TCGA-VP-A87D-01 0.546548771767714 0.584167637015562 0.763681628574292 0.625443836761547
TCGA-CH-5752-01 0.299724247975906 0.745464133333333 0.559494 0.519919566666667
TCGA-ZG-A9LN-01 0.584167637015562 0.310176988818868 0.19211091 0.35466325472178
TCGA-KK-A6E0-01 0.437628933333333 0.5851562 0.625443836761547 0.528814001220026
TCGA-V1-A8WW-01 0.8126831 0.701272269740155 0.445390310596707 0.781552933333333
TCGA-EJ-5511-01 0.41609590632963 0.6856489 0.563362109223467 0.700891433333333
TCGA-VP-A87K-01 0.437628933333333 0.575532321841231 0.7084647 0.731595603010494
TCGA-HC-7075-01 0.342160566666667 0.745464133333333 0.5593365 0.455523666666667
TCGA-KK-A7AP-01 0.790442266666667 0.71981158718822 0.816994633333333 0.726712633333333
TCGA-KK-A6E2-01 0.321901948560066 0.856929533333333 0.6326926 0.540984583391657
TCGA-HC-7078-01 0.665481939348211 0.6856489 0.388956340804495 0.593230915654255
TCGA-CH-5751-01 0.6083094 0.455013870787111 0.19408821 0.741215433333333
TCGA-YL-A8SQ-01 0.476163181798228 0.556266951895248 0.426565725303839 0.793901333333333
TCGA-EJ-7789-01 0.870986733333333 0.931150666666667 0.579457377483187 0.800654933333333
TCGA-VP-A87H-01 0.501320666666667 0.450553488261125 0.546798942709625 0.366435433333333
TCGA-CH-5766-01 0.501320666666667 0.380118 0.506041166666667 0.519313666666667
TCGA-KK-A7AY-01 0.816994633333333 0.684183086747275 0.550312903127756 0.61926454037714
TCGA-V1-A9ZR-01 0.41609590632963 0.354206542648218 0.228728733333333 0.427724021760526
TCGA-V1-A8MJ-01 0.3934175 0.324195330292758 0.293261916853408 0.299724247975906
TCGA-YL-A8SI-01 0.279401651288415 0.293027730298787 0.328419966666667 0.208464388727999
TCGA-EJ-7327-01 0.279401651288415 0.4335359 0.355429147967573 0.405903866666667
TCGA-ZG-A9N3-01 0.546548771767714 0.471278803719143 0.402725230395846 0.440455233333333
TCGA-V1-A8WL-01 0.546548771767714 0.501823120247333 0.332548513953697 0.531311966666667
TCGA-CH-5738-01 0.566936434291953 0.495513366666667 0.2539225 0.4219388
TCGA-CH-5771-01 0.363245081912688 0.241900566666667 0.2291226 0.333827218620489
TCGA-KK-A8I8-01 0.501320666666667 0.529288593541228 0.53764212473332 0.563556845277245
TCGA-FC-7961-01 0.237891133333333 0.327541833333333 0.312859305760663 0.342160566666667
TCGA-EJ-A7NK-01 0.170167306666667 0.40099469086185 0.576279933333333 0.40099469086185
TCGA-EJ-8472-01 0.646988017505803 0.495513366666667 0.600846171388114 0.646988017505803
TCGA-EJ-A65F-01 0.363245081912688 0.6594375 0.367794097385526 0.9431507
TCGA-EJ-5531-01 0.546548771767714 0.19211091 0.308557519746913 0.249422987913468
TCGA-HC-7231-01 0.342160566666667 0.517624266666667 0.4335359 0.518232133333333
TCGA-CH-5754-01 0.556266951895248 0.6594375 0.2657435 0.516166561366906
TCGA-HC-8265-01 0.3934175 0.556835633333333 0.202821693333333 0.5313912
TCGA-V1-A9OT-01 0.556266951895248 0.549436576184342 0.457708705631315 0.630434566666667
TCGA-EJ-5514-01 0.546548771767714 0.263820866666667 0.2821851 0.4679053
TCGA-EJ-7314-01 0.237891133333333 0.5422273 0.741215433333333 0.450553488261125
TCGA-4L-AA1F-01 0.321901948560066 0.208464388727999 0.180502656666667 0.314775433333333
TCGA-HC-A76X-01 0.3934175 0.550884833797701 0.934980166666667 0.626849607971211
TCGA-CH-5753-01 0.566936434291953 0.7339535 0.563556845277245 0.549436576184342
TCGA-EJ-A6RC-01 0.170167306666667 0.389851333333333 0.258776405445966 0.2029248
TCGA-HC-7209-01 0.279401651288415 0.5060172 0.5419085087525 0.445390310596707
TCGA-G9-6496-01 0.793901333333333 0.8126831 0.470148862999897 0.680926633333333
TCGA-YL-A8SH-01 0.624695083839509 0.548120300505136 0.531766939865937 0.501320666666667
TCGA-V1-A8MU-01 0.363245081912688 0.370332582560081 0.2710377 0.402725230395846
TCGA-VN-A88O-01 0.237891133333333 0.344825313428765 0.5077727 0.290293466666667
TCGA-V1-A9OX-01 0.321901948560066 0.516767758691708 0.411582656859018 0.745464133333333
TCGA-HC-A6AS-01 0.342160566666667 0.2709491 0.244473 0.24543976968063
TCGA-EJ-A46D-01 0.476163181798228 0.19211091 0.566936434291953 0.271551733333333
TCGA-HC-7820-01 0.41609590632963 0.389851333333333 0.6856489 0.309668379405041
TCGA-CH-5763-01 0.170167306666667 0.2221868 0.345193847820975 0.317197945871336
TCGA-YL-A8HM-01 0.630434566666667 0.617597341696706 0.314775433333333 0.918409066666667
TCGA-HC-A48F-01 0.731595603010494 0.889850433333333 0.7106815 0.8270932
TCGA-2A-A8VX-01 0.7868428 0.712402351005415 0.870986733333333 0.7106815
TCGA-EJ-5517-01 0.299724247975906 0.480066133333333 0.348672133626657 0.587088233333333
TCGA-KK-A7B2-01 0.2221868 0.253122441101567 0.223653166666667 0.230019133333333
TCGA-KC-A7F6-01 0.6083094 0.530068365272549 0.548120300505136 0.462923408664908
TCGA-V1-A8MG-01 0.44989898418889 0.35466325472178 0.3802572 0.2847113
TCGA-HC-A9TE-01 0.630434566666667 0.377388462648176 0.2221868 0.335358450321842
TCGA-KK-A7B1-01 0.3934175 0.455013870787111 0.3939147 0.304857466666667
TCGA-EJ-5504-01 0.363245081912688 0.3573797 0.351032020914467 0.71981158718822
TCGA-H9-A6BX-01 0.208464388727999 0.337063433333333 0.265973666666667 0.188491833333333
TCGA-J4-A83K-01 0.237891133333333 0.378007647517759 0.5864204 0.325107760227182
TCGA-HC-7737-01 0.677344566666667 0.241900566666667 0.266401666666667 0.2657435
TCGA-YL-A8SK-01 0.584167637015562 0.424810470669812 0.38791762301734 0.328419966666667
TCGA-M7-A71Z-01 0.44989898418889 0.7992938 0.519313666666667 0.660519333333333
TCGA-X4-A8KQ-01 0.526153415377222 0.427724021760526 0.325107760227182 0.406900833333333
TCGA-G9-6364-01 0.279401651288415 0.556835633333333 0.430009980629638 0.44989898418889
TCGA-EJ-5521-01 0.3934175 0.188100433333333 0.46814576008753 0.396044633333333
TCGA-KK-A59Z-01 0.689723866666667 0.637254566666667 0.290917133333333 0.762160605091983
TCGA-EJ-A6RA-01 0.321901948560066 0.32705384038882 0.510667499564435 0.184278373333333
TCGA-EJ-A46H-01 0.321901948560066 0.619662066666667 0.2705858748403 0.367794097385526
TCGA-KK-A8I7-01 0.237891133333333 0.286828297206194 0.290443933333333 0.253544433333333
TCGA-EJ-5522-01 0.342160566666667 0.4335359 0.396044633333333 0.411582656859018
TCGA-G9-6498-01 0.516166561366906 0.630434566666667 0.2555895 0.425859658941647
TCGA-G9-6354-01 0.321901948560066 0.4630744 0.660246433333333 0.313494279965801
TCGA-V1-A9Z8-01 0.299724247975906 0.308064330614399 0.291260966666667 0.285284380821126
TCGA-G9-7525-01 0.261923894421016 0.4335359 0.4382074 0.559494
TCGA-V1-A9OY-01 0.261923894421016 0.351032020914467 0.3934175 0.3375008
TCGA-KK-A7AZ-01 0.658669437316422 0.781552933333333 0.60289383914641 0.712402351005415
TCGA-EJ-A8FP-01 0.516767758691708 0.350361409189304 0.358191133333333 0.2221868
TCGA-V1-A8MF-01 0.556266951895248 0.431882850029676 0.286828297206194 0.422740966666667
TCGA-G9-A9S7-01 0.53764212473332 0.510514964038255 0.684183086747275 0.4382711
TCGA-EJ-5506-01 0.566936434291953 0.3573797 0.6083094 0.170167306666667
TCGA-YL-A9WY-01 0.41609590632963 0.281675769960203 0.202924566666667 0.327541833333333
TCGA-EJ-AB20-01 0.363245081912688 0.281399202917572 0.233681533333333 0.265973666666667
TCGA-FC-A66V-01 0.237891133333333 0.253544433333333 0.480066133333333 0.363245081912688
TCGA-KK-A59X-01 0.918409066666667 0.877762266666667 0.437628933333333 0.7101063
TCGA-EJ-5527-01 0.299724247975906 0.289540866666667 0.302635533333333 0.367401117179339
TCGA-KC-A4BN-01 0.208464388727999 0.289540866666667 0.800654933333333 0.290443933333333
TCGA-CH-5772-01 0.363245081912688 0.556835633333333 0.467668933333333 0.637790433333333
TCGA-EJ-A46F-01 0.770165733333333 0.5851562 0.770165733333333 0.786938166666667
TCGA-EJ-A8FS-01 0.749191333333333 0.667655359048345 0.786938166666667 0.591975569933875
TCGA-EJ-A46I-01 0.321901948560066 0.35571132421756 0.587626066666667 0.2545982
TCGA-KK-A5A1-01 0.485636129594336 0.420037153353118 0.327701233333333 0.40815717012348
TCGA-J9-A52E-01 0.437628933333333 0.289540866666667 0.253544433333333 0.476638878857711
TCGA-J4-A67L-01 0.6808166 0.380118 0.302151266666667 0.388472029171973
TCGA-HC-A8D0-01 0.299724247975906 0.317197945871336 0.315022766666667 0.291260966666667
TCGA-G9-6370-01 0.2221868 0.2221868 0.393968866666667 0.211418253333333
TCGA-YL-A8SJ-01 0.342160566666667 0.432827429033529 0.432827429033529 0.4423813
TCGA-TP-A8TV-01 0.584167637015562 0.593230915654255 0.7508431 0.617173790433668
TCGA-ZG-A9L2-01 0.261923894421016 0.279401651288415 0.208464388727999 0.35571132421756
TCGA-EJ-AB27-01 0.342160566666667 0.323491769504741 0.42571721797797 0.2153799
TCGA-G9-6365-01 0.363245081912688 0.4335359 0.354206542648218 0.4574557
TCGA-YL-A8SC-01 0.363245081912688 0.385618665085802 0.323491769504741 0.389851333333333
TCGA-VN-A88R-01 0.575532321841231 0.569672670894948 0.417276340154675 0.701272269740155
TCGA-2A-A8VT-01 0.501320666666667 0.46814576008753 0.613008646906828 0.382337208066328
TCGA-G9-A9S4-01 0.591225201603271 0.577141639220924 0.7992938 0.539218758671904
TCGA-EJ-7792-01 0.591975569933875 0.289540866666667 0.229317733333333 0.375194816544259
TCGA-EJ-5496-01 0.437628933333333 0.405891466666667 0.760301659972993 0.3958045
TCGA-ZG-A9L1-01 0.658669437316422 0.618127233997448 0.61926454037714 0.603306163526935
TCGA-V1-A8WS-01 0.7084647 0.646988017505803 0.749694766666667 0.580149724294831
TCGA-EJ-5495-01 0.556266951895248 0.263820866666667 0.265094166666667 0.32257777427961
TCGA-KK-A6E8-01 0.53764212473332 0.823038295133511 0.690120833333333 0.701993218987449
TCGA-J9-A52B-01 0.516767758691708 0.420750066666667 0.373950683310537 0.338336433333333
TCGA-ZG-A9ND-01 0.749191333333333 0.665481939348211 0.673069337739276 0.60289383914641
TCGA-EJ-7328-01 0.6083094 0.314775433333333 0.232570751097994 0.3642043
TCGA-CH-5741-01 0.805707 0.7252092 0.800800112948613 0.709117833333333
TCGA-HC-7818-01 0.170167306666667 0.293261916853408 0.430686791508144 0.2022933
TCGA-YL-A9WL-01 0.526153415377222 0.626849607971211 0.745464133333333 0.870986733333333
TCGA-V1-A8WN-01 0.342160566666667 0.382337208066328 0.539218758671904 0.3062786
TCGA-G9-6384-01 0.41609590632963 0.3573797 0.422740966666667 0.365873133333333
TCGA-HC-A4ZV-01 0.672731839252601 0.6856489 0.257527654313275 0.567122221018898
TCGA-J9-A8CM-01 0.575532321841231 0.430009980629638 0.301853466666667 0.3951409
TCGA-CH-5789-01 0.575532321841231 0.420750066666667 0.417936769299463 0.442955946276056
TCGA-G9-6367-01 0.279401651288415 0.329696145302275 0.499871560130473 0.232570751097994
TCGA-HI-7171-01 0.6808166 0.7252092 0.501320666666667 0.7508431
TCGA-HC-8257-01 0.467065233333333 0.4630744 0.478047320412391 0.538261662870956
TCGA-J4-AAU2-01 0.321901948560066 0.528814001220026 0.561460610475205 0.6898645
TCGA-YL-A9WX-01 0.261923894421016 0.310141287821516 0.344825313428765 0.265469533333333
TCGA-HC-A631-01 0.793901333333333 0.781552933333333 0.660356566666667 0.8126831
TCGA-EJ-5526-01 0.437628933333333 0.253544433333333 0.343550491063958 0.41609590632963
TCGA-2A-A8VV-01 0.624695083839509 0.591975569933875 0.734214777748653 0.551682360546126
TCGA-J9-A8CN-01 0.44989898418889 0.539218758671904 0.528814001220026 0.663782257816974
TCGA-X4-A8KS-01 0.3934175 0.348810550849855 0.424810470669812 0.2710377
TCGA-HC-8258-01 0.71981158718822 0.201614176666667 0.51098062431267 0.184221866666667
TCGA-G9-6342-01 0.44989898418889 0.233681533333333 0.591975569933875 0.323491769504741
TCGA-CH-5792-01 0.201614176666667 0.282179733333333 0.2243187 0.329432233333333
TCGA-ZG-A9LM-01 0.566936434291953 0.462343275911157 0.313335529621728 0.44618497435935
TCGA-HC-A8D1-01 0.201614176666667 0.32257777427961 0.3573797 0.321901948560066
TCGA-EJ-8468-01 0.437628933333333 0.517624266666667 0.2709491 0.406246666666667
TCGA-V1-A8MM-01 0.516767758691708 0.505782209990719 0.285284380821126 0.677344566666667
TCGA-YL-A8SO-01 0.3934175 0.472149151323139 0.4630744 0.516767758691708
TCGA-ZG-A9LU-01 0.321901948560066 0.313757706519244 0.365873133333333 0.242249833333333
TCGA-HC-7748-01 0.321901948560066 0.495513366666667 0.313757706519244 0.419536382697704
TCGA-V1-A9Z7-01 0.646988017505803 0.492295085807322 0.265469533333333 0.479982107705034
TCGA-G9-7509-01 0.237891133333333 0.367794097385526 0.649402702339503 0.282179733333333
TCGA-EJ-A46G-01 0.566936434291953 0.7377899 0.400548114018784 0.632764733333333
TCGA-XK-AAK1-01 0.870986733333333 0.731595603010494 0.567397764472566 0.677357366666667
TCGA-G9-6362-01 0.501320666666667 0.6856489 0.456999356152208 0.760301659972993
TCGA-YL-A8SR-01 0.658669437316422 0.567397764472566 0.526153415377222 0.492295085807322
TCGA-G9-6361-01 0.53764212473332 0.455013870787111 0.462343275911157 0.584167637015562
TCGA-ZG-A9L0-01 0.516767758691708 0.408616828667313 0.211418253333333 0.5060172
TCGA-KC-A7FD-01 0.516767758691708 0.563362109223467 0.856929533333333 0.570339461760075
TCGA-HC-A6AO-01 0.599095185292858 0.517624266666667 0.3642043 0.587626066666667
TCGA-KK-A8IJ-01 0.4894144 0.42571721797797 0.618127233997448 0.316208133333333
TCGA-EJ-7783-01 0.261923894421016 0.301601466666667 0.471278803719143 0.313335529621728
TCGA-FC-7708-01 0.617173790433668 0.253544433333333 0.303991566666667 0.348810550849855
TCGA-J4-A83I-01 0.526153415377222 0.566936434291953 0.440455233333333 0.749191333333333
TCGA-HC-7211-01 0.6083094 0.420750066666667 0.499969068356964 0.529288593541228
TCGA-ZG-A9L9-01 0.599095185292858 0.476163181798228 0.222361866666667 0.591225201603271
TCGA-HC-7747-01 0.2221868 0.289540866666667 0.324061370121097 0.180502656666667
TCGA-G9-6366-01 0.556266951895248 0.337063433333333 0.633742946603272 0.495513366666667
TCGA-EJ-7331-01 0.7084647 0.337063433333333 0.312619404777271 0.420037153353118
TCGA-EJ-7784-01 0.630434566666667 0.556835633333333 0.61318751173011 0.6808166
TCGA-QU-A6IP-01 0.342160566666667 0.289540866666667 0.580149724294831 0.4417722
TCGA-HC-8213-01 0.299724247975906 0.781552933333333 0.881273566666667 0.672731839252601
TCGA-V1-A8WV-01 0.575532321841231 0.426565725303839 0.326697099866669 0.371447652955001
TCGA-HC-7819-01 0.4894144 0.5851562 0.832574133333333 0.571390943657528
TCGA-J9-A8CL-01 0.696878247369629 0.533434825723979 0.242249833333333 0.576837862212347
TCGA-EJ-5509-01 0.476163181798228 0.480066133333333 0.290411566666667 0.417276340154675
TCGA-KK-A6E7-01 0.501320666666667 0.531311966666667 0.591225201603271 0.569672670894948
TCGA-ZG-A9MC-01 0.237891133333333 0.232570751097994 0.188100433333333 0.2705858748403
TCGA-KK-A8IF-01 0.8674946 0.734214777748653 0.677357366666667 0.673069337739276
TCGA-QU-A6IM-01 0.584167637015562 0.517624266666667 0.3293959 0.480667266666667
TCGA-V1-A9ZK-01 0.3934175 0.38791762301734 0.505782209990719 0.313914821592149
TCGA-KC-A4BV-01 0.501320666666667 0.630434566666667 0.309668379405041 0.517624266666667
TCGA-V1-A9Z9-01 0.584167637015562 0.516166561366906 0.4219388 0.506041166666667
TCGA-KC-A7F3-01 0.41609590632963 0.457708705631315 0.577141639220924 0.405891466666667
TCGA-TP-A8TT-01 0.299724247975906 0.326697099866669 0.256957134249443 0.380133433333333
TCGA-YL-A9WI-01 0.756502033333333 0.682107977279183 0.576204633333333 0.692835466666667
TCGA-G9-6343-01 0.363245081912688 0.210651366666667 0.556266951895248 0.271846733333333
TCGA-EJ-7318-01 0.261923894421016 0.389851333333333 0.41894171712891 0.46814576008753
TCGA-G9-6356-01 0.363245081912688 0.184221866666667 0.307428433333333 0.816994633333333
TCGA-J4-A6G3-01 0.2221868 0.19211091 0.282179733333333 0.257527654313275
TCGA-HC-A6AP-01 0.299724247975906 0.327541833333333 0.2900686 0.279401651288415
TCGA-CH-5790-01 0.437628933333333 0.6083094 0.608868666666667 0.667655359048345
TCGA-EJ-A8FU-01 0.279401651288415 0.294706968771193 0.336544983985279 0.210743666666667
TCGA-EJ-5510-01 0.321901948560066 0.289540866666667 0.380133433333333 0.3802572
TCGA-KC-A4BR-01 0.476163181798228 0.348672133626657 0.371447652955001 0.244473
TCGA-XK-AAJ3-01 0.778920626744329 0.663782257816974 0.533006924124202 0.61318751173011
TCGA-2A-A8VL-01 0.516767758691708 0.470148862999897 0.709117833333333 0.373950683310537
TCGA-CH-5767-01 0.6808166 0.823038295133511 0.6898645 0.6372951
TCGA-CH-5764-01 0.437628933333333 0.282179733333333 0.496227966666667 0.467065233333333
TCGA-M7-A724-01 0.9431507 0.931150666666667 0.889850433333333 0.832574133333333
TCGA-HC-7230-01 0.624695083839509 0.6083094 0.793901333333333 0.637254566666667
TCGA-ZG-A9L5-01 0.756502033333333 0.53764212473332 0.567122221018898 0.330264055848061
TCGA-EJ-A7NN-01 0.499871560130473 0.44989898418889 0.363245081912688 0.42571721797797
TCGA-V1-A9O5-06 0.6808166 0.580149724294831 0.441654633333333 0.546548771767714
TCGA-XK-AAJU-01 0.7084647 0.479067342786858 0.50919924066766 0.2555895
TCGA-VN-A88L-01 0.299724247975906 0.453033255045456 0.516166561366906 0.460033109365179
TCGA-CH-5746-01 0.501320666666667 0.233681533333333 0.7868428 0.352441636429753
TCGA-ZG-A9KY-01 0.556266951895248 0.479982107705034 0.310141287821516 0.505119777904126
TCGA-VP-A875-01 0.437628933333333 0.442955946276056 0.918409066666667 0.325927307873585
TCGA-HC-8261-01 0.488749735970886 0.380118 0.4417722 0.41894171712891
TCGA-YL-A9WH-01 0.696878247369629 0.625443836761547 0.567908251357167 0.587705295191217
TCGA-EJ-A46B-01 0.363245081912688 0.241900566666667 0.666599484277975 0.2646808
TCGA-CH-5739-01 0.575532321841231 0.380118 0.313494279965801 0.499969068356964
TCGA-HC-7742-01 0.4894144 0.517624266666667 0.530068365272549 0.50919924066766
TCGA-KK-A6E6-01 0.279401651288415 0.337063433333333 0.350361409189304 0.378007647517759
TCGA-EJ-5508-01 0.4894144 0.253544433333333 0.330264055848061 0.3427432
TCGA-WW-A8ZI-01 0.7084647 0.672731839252601 0.556966266666667 0.763681628574292
TCGA-ZG-A9M4-01 0.7252092 0.567122221018898 0.294706968771193 0.53764212473332
TCGA-KK-A7AV-01 0.4894144 0.2486014 0.24543976968063 0.266401666666667
TCGA-V1-A9ZI-01 0.778920626744329 0.61318751173011 0.2847113 0.658669437316422
TCGA-KK-A6DY-01 0.279401651288415 0.210651366666667 0.460033109365179 0.289540866666667
TCGA-Y6-A8TL-01 0.279401651288415 0.476638878857711 0.571390943657528 0.5183438
TCGA-CH-5791-01 0.6083094 0.677344566666667 0.472149151323139 0.546624247393383
TCGA-G9-7523-01 0.41609590632963 0.24543976968063 0.194036 0.194036
TCGA-HC-A6HX-01 0.526153415377222 0.170167306666667 0.4234783 0.2486014
TCGA-VP-A87C-01 0.8126831 0.355429147967573 0.184221866666667 0.313757706519244
TCGA-H9-7775-01 0.617173790433668 0.7252092 0.516767758691708 0.778920626744329
TCGA-G9-6347-01 0.2221868 0.389851333333333 0.2229818 0.222361866666667
TCGA-HC-7744-01 0.591975569933875 0.7992938 0.7101063 0.7047811
TCGA-FC-A6HD-01 0.299724247975906 0.745464133333333 0.708678433333333 0.579457377483187
TCGA-M7-A722-01 0.756502033333333 0.673069337739276 0.561314133333333 0.682107977279183
TCGA-XQ-A8TB-01 0.575532321841231 0.527514076818004 0.420037153353118 0.5419085087525
TCGA-YL-A8HL-01 0.672731839252601 0.666599484277975 0.781552933333333 0.7339535
TCGA-YL-A8HO-01 0.44989898418889 0.419536382697704 0.2029248 0.6326926
TCGA-CH-5744-01 0.53764212473332 0.5060172 0.529288593541228 0.429091669841615
TCGA-XJ-A9DX-01 0.617173790433668 0.561460610475205 0.540984583391657 0.533434825723979
TCGA-CH-5768-01 0.363245081912688 0.4335359 0.637254566666667 0.556266951895248
TCGA-EJ-5497-01 0.501320666666667 0.301601466666667 0.462923408664908 0.354206542648218
TCGA-EJ-A8FO-01 0.41609590632963 0.41894171712891 0.617173790433668 0.336544983985279
TCGA-M7-A725-01 0.7084647 0.6856489 0.668327107477611 0.633742946603272
TCGA-KK-A7B3-01 0.546548771767714 0.452543613460476 0.2714515 0.479067342786858
TCGA-J4-A67K-01 0.299724247975906 0.301601466666667 0.347369079167945 0.430686791508144
TCGA-VP-A879-01 0.44989898418889 0.460033109365179 0.609678245131381 0.39798752210764
TCGA-KK-A8IL-01 0.279401651288415 0.348697808052361 0.272767514499286 0.3939147
TCGA-ZG-A9LZ-01 0.630434566666667 0.563556845277245 0.370332582560081 0.6089668
TCGA-J9-A8CK-01 0.546548771767714 0.429091669841615 0.317197945871336 0.400548114018784
TCGA-HC-7817-01 0.467065233333333 0.19211091 0.237891133333333 0.279771748615853
TCGA-G9-6329-01 0.299724247975906 0.2221868 0.35466325472178 0.287543716494188
TCGA-G9-6494-01 0.566936434291953 0.517624266666667 0.552601786622429 0.467668933333333
TCGA-EJ-7321-01 0.279401651288415 0.301601466666667 0.479067342786858 0.261923894421016
TCGA-XK-AAJP-01 0.696878247369629 0.617173790433668 0.481446366666667 0.600846171388114
TCGA-CH-5750-01 0.261923894421016 0.7047811 0.377755486671178 0.488749735970886
TCGA-YL-A9WJ-01 0.261923894421016 0.311319359082605 0.316093266666667 0.294706968771193
TCGA-G9-7521-01 0.546548771767714 0.301601466666667 0.249422987913468 0.497316466666667
TCGA-HC-8216-01 0.299724247975906 0.313494279965801 0.348810550849855 0.258776405445966
TCGA-EJ-5501-01 0.237891133333333 0.282179733333333 0.585792166666667 0.329696145302275
TCGA-KK-A8IH-01 0.665481939348211 0.510667499564435 0.4894144 0.377755486671178
TCGA-KK-A6E1-01 0.7252092 0.6083094 0.6372951 0.618127233997448
TCGA-EJ-7123-01 0.546548771767714 0.314775433333333 0.6089668 0.310176988818868
TCGA-XJ-A9DK-01 0.237891133333333 0.313335529621728 0.483716033333333 0.202821693333333
TCGA-YJ-A8SW-01 0.770165733333333 0.668327107477611 0.709787366666667 0.593468319180222
TCGA-EJ-5525-01 0.793901333333333 0.877762266666667 0.322423983338947 0.7268782
TCGA-EJ-7325-01 0.658669437316422 0.770165733333333 0.546548771767714 0.5422273
TCGA-KK-A8IK-01 0.856929533333333 0.758456143297831 0.812764833333333 0.800800112948613
TCGA-V1-A9OQ-01 0.44989898418889 0.491717123050288 0.429091669841615 0.526153415377222
TCGA-KK-A6E5-01 0.342160566666667 0.405891466666667 0.44989898418889 0.302151266666667
TCGA-CH-5794-01 0.44989898418889 0.314775433333333 0.632764733333333 0.470148862999897
TCGA-EJ-A65G-01 0.279401651288415 0.188100433333333 0.726162266666667 0.4382074
TCGA-ZG-A8QY-01 0.566936434291953 0.504056948477132 0.495513366666667 0.453033255045456
TCGA-M7-A723-01 0.170167306666667 0.389851333333333 0.2420889 0.343550491063958
TCGA-KK-A7B4-01 0.476163181798228 0.480066133333333 0.388472029171973 0.5864204
TCGA-J4-A83N-01 0.237891133333333 0.469659963689275 0.637790433333333 0.4894144
TCGA-EJ-A7NH-01 0.170167306666667 0.345193847820975 0.549436576184342 0.308557519746913
TCGA-J4-A67R-01 0.299724247975906 0.5851562 0.3062786 0.424810470669812
TCGA-ZG-A8QZ-01 0.299724247975906 0.322423983338947 0.283668666666667 0.332548513953697
TCGA-KK-A6E4-01 0.6083094 0.770165733333333 0.584167637015562 0.563362109223467
TCGA-KK-A7AU-01 0.756502033333333 0.856929533333333 0.667655359048345 0.812764833333333
TCGA-HC-7745-01 0.261923894421016 0.289540866666667 0.263820866666667 0.348697808052361
TCGA-EJ-7312-01 0.526153415377222 0.700891433333333 0.568709625096544 0.518439166666667
TCGA-HC-7081-01 0.546548771767714 0.2709491 0.210743666666667 0.476163181798228
TCGA-KK-A7AW-01 0.643275833333333 0.4630744 0.299724247975906 0.455013870787111
TCGA-ZG-A9LB-01 0.677344566666667 0.491062016463164 0.31086964137605 0.385618665085802
TCGA-G9-A9S0-01 0.476163181798228 0.491399782465103 0.455523666666667 0.491717123050288
TCGA-TK-A8OK-01 0.3934175 0.352441636429753 0.2343565 0.420750066666667
TCGA-VN-A88N-01 0.363245081912688 0.546798942709625 0.700891433333333 0.668327107477611
TCGA-J4-A83J-01 0.363245081912688 0.462923408664908 0.450553488261125 0.496227966666667
TCGA-EJ-A65M-01 0.342160566666667 0.4335359 0.375194816544259 0.431882850029676
TCGA-XK-AAJR-01 0.363245081912688 0.38378991676295 0.517624266666667 0.31086964137605
TCGA-G9-6378-01 0.41609590632963 0.2221868 0.405891466666667 0.301853466666667
TCGA-G9-6377-01 0.299724247975906 0.495513366666667 0.44618497435935 0.530068365272549
TCGA-HC-A9TH-01 0.501320666666667 0.478047320412391 0.325927307873585 0.531120547211091
TCGA-KC-A4BO-01 0.363245081912688 0.389851333333333 0.329432233333333 0.2487654
TCGA-XJ-A83F-01 0.689723866666667 0.634644888993954 0.593230915654255 0.619662066666667
TCGA-ZG-A9LY-01 0.261923894421016 0.371726130485851 0.348697808052361 0.381256633333333
TCGA-G9-7510-01 0.321901948560066 0.201614176666667 0.333827218620489 0.256957134249443
TCGA-EJ-A65E-01 0.696878247369629 0.5851562 0.692835466666667 0.441654633333333
TCGA-EJ-5494-01 0.279401651288415 0.823038295133511 0.412537959482454 0.7084647
TCGA-EJ-A46E-01 0.170167306666667 0.327541833333333 0.495725833333333 0.241259406152186
TCGA-XK-AAIV-01 0.342160566666667 0.256957134249443 0.201614176666667 0.293027730298787
TCGA-EJ-5515-01 0.237891133333333 0.325107760227182 0.575532321841231 0.202067966666667
TCGA-KK-A8I9-01 0.299724247975906 0.299724247975906 0.279771748615853 0.290411566666667
TCGA-KK-A7B0-01 0.299724247975906 0.2149396 0.230019133333333 0.324061370121097
TCGA-KK-A8II-01 0.41609590632963 0.600846171388114 0.9431507 0.7992938
TCGA-EJ-A7NJ-01 0.2221868 0.321901948560066 0.538261662870956 0.2149396
TCGA-HI-7169-01 0.342160566666667 0.301601466666667 0.426352140554945 0.4335359
TCGA-HC-7736-01 0.526153415377222 0.5422273 0.385618665085802 0.501823120247333
TCGA-KK-A8IB-01 0.261923894421016 0.308557519746913 0.293027730298787 0.302635533333333
TCGA-YL-A8SL-01 0.556266951895248 0.624695083839509 0.8270932 0.770165733333333
TCGA-CH-5748-01 0.41609590632963 0.22864 0.701272269740155 0.237891133333333
TCGA-FC-A5OB-01 0.437628933333333 0.781552933333333 0.8126831 0.690120833333333
TCGA-EJ-5530-01 0.2221868 0.2486014 0.551291958400154 0.495725833333333
TCGA-KK-A8I6-01 0.342160566666667 0.505119777904126 0.5851562 0.5611775
TCGA-XJ-A9DI-01 0.201614176666667 0.257527654313275 0.2486014 0.228728733333333
TCGA-XK-AAIR-01 0.237891133333333 0.313914821592149 0.39590560967425 0.265094166666667
TCGA-CH-5762-01 0.2221868 0.301601466666667 0.324195330292758 0.337063433333333
TCGA-HI-7170-01 0.321901948560066 0.4335359 0.261923894421016 0.426565725303839
TCGA-H9-A6BY-01 0.41609590632963 0.7047811 0.778920626744329 0.561314133333333
TCGA-M7-A71Y-01 0.3934175 0.2221868 0.504056948477132 0.25583
TCGA-J4-8200-01 0.599095185292858 0.455013870787111 0.452543613460476 0.4630744
TCGA-YL-A8HK-01 0.261923894421016 0.367401117179339 0.35571132421756 0.371726130485851
TCGA-KK-A59Y-01 0.41609590632963 0.7047811 0.691226966666667 0.546798942709625
TCGA-EJ-7218-01 0.3934175 0.314775433333333 0.587088233333333 0.292328166666667
TCGA-G9-6333-01 0.2221868 0.3573797 0.40815717012348 0.307428433333333
TCGA-EJ-7794-01 0.363245081912688 0.263820866666667 0.335358450321842 0.2343565
TCGA-XJ-A83H-01 0.41609590632963 0.39798752210764 0.612356216078959 0.303535533333333
TCGA-XJ-A83G-01 0.299724247975906 0.568709625096544 0.660519333333333 0.805707
TCGA-J4-A67O-01 0.53764212473332 0.336544983985279 0.292328166666667 0.254143366666667
TCGA-HC-7821-01 0.741215433333333 0.517624266666667 0.2487654 0.726162266666667
TCGA-G9-6348-01 0.363245081912688 0.282179733333333 0.316208133333333 0.310141287821516
TCGA-V1-A9OL-01 0.658669437316422 0.570339461760075 0.389851333333333 0.567908251357167
TCGA-HC-A632-01 0.8270932 0.480066133333333 0.2149396 0.556966266666667
TCGA-ZG-A9NI-01 0.467065233333333 0.412537959482454 0.331443360270683 0.398549369461047
TCGA-XK-AAIW-01 0.617173790433668 0.60289383914641 0.533434825723979 0.6856489
TCGA-VP-A87B-01 0.934980166666667 0.760301659972993 0.527514076818004 0.756502033333333
TCGA-EJ-7782-01 0.476163181798228 0.7047811 0.476638878857711 0.527514076818004
TCGA-KK-A8IC-01 0.299724247975906 0.324061370121097 0.313914821592149 0.311319359082605
TCGA-EJ-A65D-01 0.526153415377222 0.9431507 0.593468319180222 0.790442266666667
TCGA-EJ-5518-01 0.4894144 0.495513366666667 0.311319359082605 0.481446366666667
TCGA-HI-7168-01 0.566936434291953 0.480066133333333 0.408616828667313 0.599095185292858
TCGA-EJ-A65J-01 0.630434566666667 0.6856489 0.485636129594336 0.665481939348211
TCGA-HC-A76W-01 0.237891133333333 0.44618497435935 0.3375008 0.5593365
TCGA-KK-A8IA-01 0.7252092 0.649402702339503 0.634644888993954 0.617597341696706
TCGA-VP-A878-01 0.279401651288415 0.377755486671178 0.337063433333333 0.393968866666667
TCGA-J4-A83L-01 0.208464388727999 0.325927307873585 0.520317566666667 0.263820866666667
TCGA-V1-A9OF-01 0.4894144 0.540984583391657 0.6594375 0.568709625096544
TCGA-EJ-5542-01 0.467065233333333 0.2709491 0.442955946276056 0.462343275911157
TCGA-G9-6351-01 0.3934175 0.241900566666667 0.643275833333333 0.326697099866669
TCGA-2A-A8VO-01 0.363245081912688 0.398549369461047 0.497264666666667 0.355429147967573
TCGA-V1-A8X3-01 0.261923894421016 0.373950683310537 0.492295085807322 0.344825313428765
TCGA-J4-A83M-01 0.7084647 0.593468319180222 0.518439166666667 0.51098062431267
TCGA-HC-8256-01 0.321901948560066 0.405891466666667 0.677344566666667 0.877762266666667
TCGA-EJ-7786-01 0.342160566666667 0.263820866666667 0.517046572443531 0.417936769299463
TCGA-XK-AAJA-01 0.2221868 0.458996272438197 0.658669437316422 0.458996272438197
TCGA-ZG-A9L6-01 0.2221868 0.287543716494188 0.283180266666667 0.2821851
TCGA-V1-A9OH-01 0.261923894421016 0.417276340154675 0.4574557 0.4234783
TCGA-EJ-5503-01 0.342160566666667 0.184221866666667 0.380118 0.32705384038882
TCGA-HC-8262-01 0.41609590632963 0.4335359 0.682107977279183 0.347369079167945
TCGA-J4-A67M-01 0.237891133333333 0.180502656666667 0.254143366666667 0.291137
TCGA-G9-6371-01 0.299724247975906 0.2221868 0.663782257816974 0.2900686
TCGA-XJ-A9DQ-01 0.279401651288415 0.335358450321842 0.599095185292858 0.222707033333333
TCGA-YL-A8S8-01 0.8270932 0.633742946603272 0.469659963689275 0.491399782465103
TCGA-HC-7233-01 0.342160566666667 0.371447652955001 0.2545982 0.442163533333333
TCGA-HC-A8CY-01 0.689723866666667 0.613008646906828 0.41609590632963 0.643275833333333
TCGA-J9-A52C-01 0.279401651288415 0.263820866666667 0.2153799 0.351032020914467
TCGA-KK-A59V-01 0.584167637015562 0.556835633333333 0.188491833333333 0.472149151323139
TCGA-YL-A8SA-01 0.918409066666667 0.763681628574292 0.805707 0.691226966666667
TCGA-G9-6338-01 0.467065233333333 0.7252092 0.420750066666667 0.612356216078959
TCGA-YL-A8SB-01 0.321901948560066 0.332548513953697 0.342160566666667 0.312619404777271
TCGA-M7-A721-01 0.476163181798228 0.210651366666667 0.479982107705034 0.272767514499286
TCGA-VN-A88P-01 0.793901333333333 0.658669437316422 0.39798752210764 0.660356566666667
TCGA-CH-5743-01 0.556266951895248 0.333827218620489 0.309039760006368 0.19408821
TCGA-G9-6332-01 0.6808166 0.637254566666667 0.823038295133511 0.585792166666667
TCGA-EJ-7785-01 0.4894144 0.289540866666667 0.310176988818868 0.345193847820975
TCGA-EJ-7793-01 0.516767758691708 0.2221868 0.680926633333333 0.194835403333333
TCGA-J4-A6G1-01 0.170167306666667 0.210651366666667 0.184278373333333 0.223693766666667
TCGA-V1-A9O9-01 0.279401651288415 0.285284380821126 0.22864 0.315022766666667
TCGA-HC-7750-01 0.665481939348211 0.445390310596707 0.467065233333333 0.233681533333333
TCGA-EJ-5519-01 0.689723866666667 0.630434566666667 0.531120547211091 0.521556433333333
TCGA-EJ-5516-01 0.170167306666667 0.2709491 0.271551733333333 0.350361409189304
TCGA-HC-7749-01 0.44989898418889 0.576837862212347 0.40099469086185 0.934980166666667
TCGA-FC-A8O0-01 0.41609590632963 0.599095185292858 0.726712633333333 0.856929533333333
TCGA-HC-A6AQ-01 0.44989898418889 0.282179733333333 0.546624247393383 0.290917133333333
TCGA-Y6-A9XI-01 0.516767758691708 0.550312903127756 0.665481939348211 0.575532321841231
TCGA-HC-8266-01 0.363245081912688 0.201614176666667 0.194835403333333 0.281399202917572
TCGA-EJ-7797-01 0.321901948560066 0.2709491 0.5313912 0.2539225
TCGA-ZG-A9LS-01 0.3934175 0.272767514499286 0.202067966666667 0.331443360270683
TCGA-2A-A8W1-01 0.7084647 0.701993218987449 0.931150666666667 0.7868428
TCGA-KK-A8I5-01 0.599095185292858 0.50919924066766 0.510514964038255 0.430009980629638
TCGA-CH-5761-01 0.731595603010494 0.6594375 0.4423813 0.577141639220924
TCGA-HC-7080-01 0.663782257816974 0.856929533333333 0.71981158718822 0.773025166666667
TCGA-EJ-7791-01 0.299724247975906 0.201614176666667 0.304857466666667 0.2420889
TCGA-EJ-A7NF-01 0.363245081912688 0.603306163526935 0.773025166666667 0.881273566666667
TCGA-QU-A6IN-01 0.363245081912688 0.7992938 0.762160605091983 0.758456143297831
TCGA-HC-7738-01 0.261923894421016 0.480066133333333 0.624695083839509 0.491062016463164
TCGA-G9-6373-01 0.321901948560066 0.677344566666667 0.32705384038882 0.548120300505136
TCGA-EJ-5505-01 0.2221868 0.389851333333333 0.689723866666667 0.388956340804495
TCGA-J4-A6M7-01 0.696878247369629 0.8126831 0.7047811 0.709787366666667
TCGA-CH-5788-01 0.816994633333333 0.781552933333333 0.619662066666667 0.689723866666667
TCGA-EJ-7115-01 0.299724247975906 0.495513366666667 0.4679053 0.471278803719143
TCGA-G9-6363-01 0.342160566666667 0.4335359 0.427724021760526 0.286828297206194
TCGA-KC-A4BL-01 0.321901948560066 0.5060172 0.371726130485851 0.19211091
TCGA-HC-8259-01 0.237891133333333 0.889850433333333 0.790442266666667 0.734214777748653
TCGA-EJ-7781-01 0.2221868 0.495513366666667 0.419536382697704 0.309039760006368
TCGA-V1-A9O7-01 0.170167306666667 0.279771748615853 0.290293466666667 0.2709491
TCGA-YL-A8S9-01 0.881273566666667 0.778920626744329 0.758456143297831 0.889850433333333
TCGA-HC-7232-01 0.299724247975906 0.517624266666667 0.521556433333333 0.432827429033529
TCGA-VP-A87E-01 0.237891133333333 0.261923894421016 0.241259406152186 0.202924566666667
TCGA-M7-A720-01 0.4894144 0.22864 0.570339461760075 0.38378991676295
TCGA-EJ-5502-01 0.501320666666667 0.263820866666667 0.3427432 0.377388462648176
TCGA-2A-AAYF-01 0.41609590632963 0.5419085087525 0.646988017505803 0.649402702339503
TCGA-G9-6339-01 0.321901948560066 0.405891466666667 0.569672670894948 0.412537959482454
TCGA-HC-7213-01 0.665481939348211 0.576204633333333 0.378007647517759 0.666599484277975
TCGA-V1-A8ML-01 0.3934175 0.375194816544259 0.505119777904126 0.291961533333333
TCGA-G9-7522-01 0.299724247975906 0.22864 0.425859658941647 0.229317733333333
