abscnseq ascat estimate purbayes
TCGA-2J-AABF-01 0.24 0.316060867745732 0.581823088511 0.1924888
TCGA-2L-AAQM-01 0.77 0.551423649216214 0.887797325495 0.711177959454893
TCGA-FZ-5926-01 0.28 0.349072870471153 0.609580532158153 0.333928338470469
TCGA-HZ-A9TJ-06 0.41 0.451205456152417 0.863867160762 0.52433768345727
TCGA-IB-AAUO-01 0.26 0.369918572594356 0.750964669179 0.3100032
TCGA-IB-AAUN-01 0.5 0.446791605520544 0.759841650695 0.5164406
TCGA-US-A774-01 0.2 0.49 0.595325238375 0.387208918939106
TCGA-H8-A6C1-01 0.41 0.42 0.707091683787 0.3783223
TCGA-IB-7890-01 0.5 0.21 0.587281933293 0.5835075
TCGA-M8-A5N4-01 0.23 0.37 0.638194031027 0.2027496
TCGA-FZ-5923-01 0.37 0.26 0.565611627251231 0.1970151
TCGA-RB-A7B8-01 0.2 0.325399431498736 0.606783375046 0.2788198
TCGA-3A-A9IN-01 0.4 0.49245270474756 0.803401328265 0.9183257
TCGA-3A-A9IJ-01 0.76 0.551626015318199 0.948245004061 0.6407357
TCGA-FB-AAPY-01 0.53 0.384410380449929 0.59573324889 0.2621745
TCGA-FZ-5920-01 0.45 0.31 0.650706331500306 0.4186192
TCGA-LB-A9Q5-01 0.27 0.349615932389908 0.621309207343 0.334940787764175
TCGA-HZ-A49G-01 0.27 0.30559402062209 0.529943395013 0.1499864
TCGA-F2-A44H-01 0.36 0.330516028618616 0.556745693368 0.1662544
TCGA-2L-AAQL-01 0.29 0.34458758398109 0.67743035009 0.1920233
TCGA-HZ-7919-01 0.24 0.42 0.695377223566 0.7555359
TCGA-IB-7889-01 0.2 0.21 0.571203373897 0.1390382
TCGA-XN-A8T3-01 0.42 0.383398409356802 0.688645217341 0.2745654
TCGA-HZ-7925-01 0.34 0.29 0.545693119966 0.2665546
TCGA-HV-A7OP-01 0.69 0.560584769639814 0.917996883732 0.8438172
TCGA-HZ-A77Q-01 0.2 0.283218425163855 0.431943140202 0.2252711
TCGA-HV-A5A5-01 0.21 0.372742841573639 0.650758574096 0.5408841
TCGA-LB-A8F3-01 0.37 0.390641626637597 0.820996655073 0.2075404
TCGA-3A-A9I7-01 0.23 0.347467114041543 0.652126295125 0.330934670700963
TCGA-US-A77E-01 0.38 0.36 0.753402808275 0.3640148
TCGA-IB-A5SP-01 0.42 0.53 0.831861984945 0.564002846232753
TCGA-XD-AAUL-01 0.34 0.365646136561389 0.659348674786 0.2992856
TCGA-RL-AAAS-01 0.42 0.356236500967866 0.500390256374 0.347283744891524
TCGA-IB-7891-01 0.23 0.322742735345202 0.490569831844 0.3832373
TCGA-HV-AA8X-01 0.61 0.490240267411096 0.860279469904 0.5332019
TCGA-FZ-5921-01 0.24 0.21 0.505783109916877 0.179752
TCGA-H6-A45N-01 0.2 0.39 0.586036922839 0.4343793
TCGA-FB-AAQ6-01 0.41 0.444247523324161 0.837947973093 0.51136576638053
TCGA-3A-A9I9-01 0.41 0.387614034211337 0.710702390232 0.2871735
TCGA-HZ-8637-01 0.3 0.282191603240813 0.365853951045 0.1740695
TCGA-OE-A75W-01 0.29 0.55 0.675403646341 0.5388364
TCGA-FZ-5919-01 0.38 0.34 0.60234133200146 0.1802751
TCGA-IB-A6UF-01 0.79 0.51941007032259 0.817801072102 0.5542093
TCGA-S4-A8RO-01 0.67 0.500766496433499 0.765630624919 0.6599684
TCGA-US-A77J-01 0.34 0.31 0.423689111099 0.267158733043713
TCGA-3A-A9I5-01 0.4 0.403867278741533 0.790000030041 0.3046583
TCGA-FB-AAPS-01 0.22 0.285541417936354 0.428727981486 0.2189168
TCGA-HZ-8005-01 0.23 0.28 0.639501815641 0.3412635
TCGA-HZ-8315-01 0.29 0.3 0.580576537685 0.7392756
TCGA-3A-A9IV-01 0.78 0.5517996229576 0.879492448075 0.711878900426397
TCGA-F2-A7TX-01 0.32 0.391854543158336 0.650685125368 0.526232
TCGA-FB-AAPU-01 0.52 0.487784104999309 0.89034582932 0.5968129
TCGA-FZ-5924-01 0.38 0.52 0.739508734417589 0.4661616
TCGA-IB-AAUQ-01 0.44 0.385155734526683 0.708003574625 0.2321913
TCGA-HV-A7OL-01 0.4 0.381085775577389 0.634241912577 0.3626219
TCGA-S4-A8RM-01 0.44 0.444023491748639 0.807997144135 0.510948096493227
TCGA-2L-AAQE-01 0.38 0.425454857591341 0.777484439082 0.5040612
TCGA-FB-AAPQ-01 0.46 0.438141730321524 0.810224039493 0.4382875
TCGA-HZ-7922-01 0.37 0.53 0.610816695468 0.6963642
TCGA-IB-7646-01 0.4 0.49 0.566469661002 0.9494656
TCGA-3A-A9IH-01 0.38 0.414636219074305 0.786750550003 0.4136701
TCGA-XD-AAUH-01 0.2 0.303543284387528 0.517620707409 0.249045941673443
TCGA-F2-A44G-01 0.41 0.32 0.709633873897 0.2647621
TCGA-IB-AAUU-01 0.55 0.443557649614462 0.710401098778 0.4946386
TCGA-HZ-7289-01 0.46 0.54 0.933000827815 0.7289925
TCGA-IB-A7LX-01 0.55 0.506271159380659 0.839682623071 0.759368
TCGA-FB-A4P5-01 0.25 0.37 0.438704741544 0.2372624
TCGA-IB-7654-01 0.41 0.4 0.701427982473 0.3579503
TCGA-2J-AAB4-01 0.39 0.379791153793575 0.714600187873 0.253282
TCGA-2J-AABE-01 0.27 0.359931171240624 0.678339672636 0.3278142
TCGA-S4-A8RP-01 0.39 0.400276724309687 0.68488617197 0.4416803
TCGA-FB-A4P6-01 0.37980876326962 0.4 0.658699700491 0.414028239835159
TCGA-FB-A545-01 0.48 0.68 0.86830298835 0.8213847
TCGA-HZ-8003-01 0.23 0.298396798354458 0.469333107455 0.23945116809551
TCGA-2L-AAQA-01 0.83 0.529750902662871 0.818705780447 0.5717802
TCGA-HZ-7920-01 0.28 0.29 0.52825061659 0.270899719606989
TCGA-2J-AABK-01 0.2 0.389566950235804 0.847532085811 0.3960175
TCGA-PZ-A5RE-01 0.49 0.48 0.63008431203 0.530829
TCGA-HV-A5A3-01 0.77 0.56 0.815184902253 0.5486932
TCGA-IB-A5SO-01 0.29 0.312909614755353 0.534595663099 0.1681421
TCGA-IB-AAUM-01 0.28 0.378444556458315 0.71899408316 0.388686998037034
TCGA-IB-7645-01 0.2 0.2771499493011 0.387752346303 0.2445369
TCGA-FB-AAQ0-01 0.58 0.477535487723751 0.869978277257 0.4699766
TCGA-IB-7887-01 0.33 0.22 0.689977173953 0.249094
TCGA-RB-AA9M-01 0.63 0.415974159185659 0.761655387191 0.1150351
TCGA-HZ-8001-01 0.3 0.293043656830498 0.453700639299 0.1271193
TCGA-IB-AAUV-01 0.3 0.292321347113503 0.378763283224 0.228124492249864
TCGA-FB-A78T-01 0.37 0.53 0.748165730357 0.435037
TCGA-2J-AABP-01 0.227865659809897 0.280559365847678 0.450992267401 0.1409792
TCGA-F2-6880-01 0.2 0.34 0.90776918933 0.1801045
TCGA-HZ-7918-01 0.3 0.3 0.433616496602 0.2740124
TCGA-HZ-A9TJ-01 0.42 0.48444237038102 0.826336180049 0.8011268
TCGA-YH-A8SY-01 0.35 0.364655558522264 0.647359818162 0.2954461
TCGA-IB-7647-01 0.35 0.34 0.55089063993 0.2241918
TCGA-3A-A9IS-01 0.42 0.40805809784007 0.693433200653137 0.443896557059038
TCGA-3A-A9J0-01 0.45 0.421228352085364 0.713376912477 0.468450321828904
TCGA-HV-AA8V-01 0.28 0.32727082246488 0.623055626892 0.1591342
TCGA-HZ-A4BH-01 0.43 0.31 0.590793362554 0.5932153
TCGA-XN-A8T5-01 0.2 0.297558742993646 0.495327527045 0.237888752229405
TCGA-FB-AAQ2-01 0.45 0.447499098219165 0.861041755594 0.4468714
TCGA-IB-7885-01 0.2 0.29563269090733 0.547838622081 0.149741
TCGA-3A-A9IC-01 0.54 0.409542930919513 0.665907014255 0.3284993
TCGA-FB-AAPZ-01 0.6 0.487080428294733 0.672931584866 0.7898011
TCGA-IB-AAUW-01 0.28 0.360952525755129 0.653834036678 0.356075994541275
TCGA-Q3-A5QY-01 0.36 0.28 0.346853669034 0.229675827529393
TCGA-3A-A9IU-01 0.46 0.445442681587032 0.769106309594 0.5486805
TCGA-IB-A5SQ-01 0.2 0.299609672025903 0.577736162465 0.1357876
TCGA-3A-A9IR-01 0.37 0.514432713687042 0.955275536318 0.9013895
TCGA-F2-7273-01 0.3 0.313718506979536 0.458470434161 0.268015964373991
TCGA-HV-A5A6-01 0.52 0.46 0.80007836367 0.6160649
TCGA-Z5-AAPL-01 0.21 0.278525951387694 0.414722522004 0.202405254393861
TCGA-IB-AAUS-01 0.29 0.345881325708271 0.324599559923 0.7011191
TCGA-2J-AABT-01 0.33 0.342182673212006 0.58612371607 0.2492036
TCGA-IB-A6UG-01 0.33 0.384191020167903 0.803484674469 0.24128
TCGA-3A-A9IB-01 0.4 0.379074059653224 0.641647681657 0.337763
TCGA-F2-7276-01 0.4 0.38 0.515169621125 0.3599573014838
TCGA-2J-AAB9-01 0.43 0.401253826761855 0.658380111917 0.43121111694731
TCGA-IB-7893-01 0.35 0.25 0.549620487218 0.2392876
TCGA-HZ-8317-01 0.28 0.349472955722424 0.706185365777 0.1999257
TCGA-LB-A7SX-01 0.55 0.469785238721834 0.859200246056 0.4711448
TCGA-HZ-7924-01 0.31 0.33 0.772806430333 0.727506
TCGA-IB-A5ST-01 0.2 0.278627166225423 0.424804987774 0.202593952749301
TCGA-HV-A5A4-01 0.37 0.38 0.701411351389 0.5279629
TCGA-HZ-A8P1-01 0.63 0.501054986057388 0.852102789328 0.5945222
TCGA-HZ-A77O-01 0.26 0.384046636139362 0.769904491296 0.3840699
TCGA-3E-AAAZ-01 0.26 0.38215189546105 0.770874403285 0.3691641
TCGA-US-A779-01 0.54 0.49 0.89387860333 0.4538068
TCGA-F2-A8YN-01 0.41 0.426871185226687 0.74142028006 0.5240193
TCGA-IB-A7M4-01 0.51 0.437151929474269 0.753610595319 0.4426745
TCGA-FB-AAQ1-01 0.41 0.390717760902998 0.74506759708 0.2606542
TCGA-2J-AAB6-01 0.51 0.436597269649796 0.71239552609 0.49710313138111
TCGA-HZ-8636-01 0.34 0.28 0.592802388178 0.3655973
TCGA-FB-AAPP-01 0.78 0.575629078386339 0.968260210362 0.756304986080768
TCGA-3A-A9IL-01 0.47 0.46321477390445 0.850370836364 0.546727073793858
TCGA-IB-7649-01 0.23 0.31 0.508183977743 0.6237257
TCGA-HZ-A49H-01 0.25 0.35 0.519994093842 0.1929442
TCGA-3A-A9IO-01 0.45 0.466236989897828 0.944688842035 0.4621893
TCGA-2J-AABH-01 0.51 0.440426147569811 0.764015303977 0.4513177
TCGA-XD-AAUG-01 0.2 0.317130924027951 0.568236398953 0.274377852606589
TCGA-3A-A9IZ-01 0.41 0.442547180931612 0.82383885913 0.5192104
TCGA-2J-AABO-01 0.36 0.475158870773782 0.740115525968 0.9394738
TCGA-FB-A5VM-01 0.39 0.31 0.617249129714 0.2540921
TCGA-IB-7888-01 0.34 0.345017093411531 0.411098154005 0.5036557
TCGA-2J-AAB8-01 0.3 0.349658597620918 0.681432248096 0.2088199
TCGA-IB-7897-01 0.21 0.28249610275502 0.429511842468 0.209806946187998
TCGA-HZ-7923-01 0.3 0.34 0.378989261162 0.25678406244632
TCGA-3E-AAAY-01 0.2 0.29683530177678 0.570396936986 0.1263713
TCGA-YB-A89D-01 0.25 0.319016722090005 0.569819866277 0.216854
TCGA-H6-8124-01 0.576141881428087 0.66 0.811429144509 0.6664067
TCGA-Q3-AA2A-01 0.36 0.410432386774385 0.746490845897 0.4681829
TCGA-XD-AAUI-01 0.38 0.367960854381126 0.67283836167 0.241707
TCGA-2J-AABI-01 0.460629577048957 0.451333932189605 0.702008656287 0.6849463
TCGA-IB-7644-01 0.44 0.61 0.730392560988 0.5970218
TCGA-US-A77G-01 0.28 0.43 0.887600410249 0.3854231
TCGA-IB-AAUP-01 0.37 0.311760005357843 0.383236772615 0.264364661428366
TCGA-IB-AAUR-01 0.64 0.372303562848211 0.346722705313 0.377238129264465
TCGA-HZ-8638-01 0.41 0.431872539855575 0.791849580533 0.488294652682992
TCGA-3A-A9IX-01 0.2 0.3022744081835 0.512893981631 0.246680331469152
TCGA-HZ-7926-01 0.2 0.42 0.737170473545 0.6895766
TCGA-IB-AAUT-01 0.28 0.321934972962009 0.533436958478 0.24799
TCGA-2J-AABA-01 0.23 0.352760690539232 0.705463919891 0.2931764
TCGA-HZ-8002-01 0.31 0.333831200948135 0.523687358139 0.305512761884165
TCGA-US-A776-01 0.58 0.549079891918958 0.934052213363 0.8901536
TCGA-2J-AABV-01 0.55 0.466013581116546 0.783153329708 0.551944987787171
TCGA-IB-8126-01 0.37 0.356414781775465 0.510841246621 0.4024995
TCGA-IB-7651-01 0.21 0.2 0.5744477752 0.20956372223272
TCGA-HZ-A4BK-01 0.22 0.33 0.661473595943 0.1971317
TCGA-2J-AABU-01 0.53 0.433287934910372 0.721375169945 0.4332475
TCGA-2L-AAQJ-01 0.44 0.408472643529647 0.722237495761 0.3785491
TCGA-IB-7886-01 0.4 0.52 0.633899748932 0.4068478
TCGA-FB-A7DR-01 0.27 0.413951299597095 0.643826557197 0.7625061
TCGA-YY-A8LH-01 0.31 0.438794653090459 0.890829565807 0.535002
TCGA-HZ-A77P-01 0.24 0.326763317271737 0.624543694579 0.2084004
TCGA-HZ-A49I-01 0.45 0.24 0.620770186145 0.3252038
TCGA-F2-6879-01 0.62 0.66 0.738874355585 0.5791389
TCGA-HZ-8519-01 0.22 0.312141800343568 0.597960698505 0.1691371
TCGA-2J-AABR-01 0.24 0.32694232333764 0.565963403054 0.292669586860651
TCGA-2J-AAB1-01 0.23 0.42037603841014 0.701312059882 0.7819488
TCGA-HZ-A8P0-01 0.23 0.369569480122828 0.733803399065 0.3730716
TCGA-IB-7652-01 0.22 0.24 0.584424281403 0.3489989
TCGA-FB-AAQ3-01 0.23 0.354457329602365 0.685229773722 0.3339591
TCGA-2L-AAQI-01 0.39 0.395610098460569 0.793779768302 0.2540827
TCGA-IB-A5SS-01 0.44 0.44 0.609968641541 0.4409352
TCGA-FZ-5922-01 0.75 0.43 0.767364930928959 0.3320297
TCGA-IB-8127-01 0.31 0.33 0.636294111622 0.8702833
