abscnseq estimate purbayes
TCGA-BQ-5880-01 0.26 0.704193125552 0.4071273
TCGA-BQ-5876-01 0.93 0.921264739196 0.7403417
TCGA-DZ-6133-01 0.52 0.948945316837 0.8293674
TCGA-HE-A5NF-01 0.51 0.693290495999 0.3018656
TCGA-HE-7129-01 0.92 0.955621475216 0.8993757
TCGA-B1-A47N-01 0.61 0.845834136379 0.7757054
TCGA-A4-A6HP-01 0.44 0.763101387645 0.6800569
TCGA-5P-A9KC-01 0.39 0.825677762969 0.5181406
TCGA-4A-A93Y-01 0.28 0.379866610505 0.267007756177881
TCGA-G7-6792-01 0.37 0.852235581407 0.7083743
TCGA-SX-A7SR-01 0.3 0.832932532754 0.6809623
TCGA-WN-AB4C-01 0.35 0.761835268288 0.5213682
TCGA-UZ-A9PO-01 0.3 0.821210005298 0.569209
TCGA-A4-A57E-01 0.66 0.860064039903 0.7978492
TCGA-J7-6720-01 0.49 0.728232160237 0.6514735
TCGA-SX-A7SO-01 0.32 0.917677182133 0.854366
TCGA-B9-5156-01 0.39 0.781039086472 0.596779
TCGA-B9-4116-01 0.69 0.886177272265 0.6679664
TCGA-P4-AAVO-01 0.65 0.932304300213 0.7159343
TCGA-G7-A8LD-01 0.63 0.93263304934 0.8640378
TCGA-DW-7838-01 0.4 0.680313563743 0.3296764
TCGA-BQ-7053-01 0.55 0.832184984765 0.6555813
TCGA-MH-A857-01 0.29 0.933684764595 0.6232958
TCGA-BQ-7059-01 0.25 0.623091911577 0.4635709
TCGA-UZ-A9PL-01 0.86 0.970051483547 0.8879165
TCGA-5P-A9JU-01 0.66 0.911982653431 0.8045966
TCGA-A4-8312-01 0.43 0.931790747138 0.7518078
TCGA-G7-7501-01 0.85 0.879088730838 0.7587055
TCGA-Y8-A896-01 0.39 0.679822229267 0.5491499
TCGA-Y8-A8S0-01 0.38 0.914250298818 0.9386537
TCGA-DZ-6132-01 0.25 0.516023184851 0.3619148
TCGA-GL-7773-01 0.44 0.872473087397 0.7221063
TCGA-UZ-A9Q1-01 0.65 0.920506914234 0.7894463
TCGA-B9-A69E-01 0.72 0.662769221473 0.5165093
TCGA-A4-A7UZ-01 0.3 0.756254372813 0.9450883
TCGA-B3-3925-01 0.3 0.784743140694 0.585938461517639
TCGA-MH-A562-01 0.45 0.760090368712 0.6806495
TCGA-UZ-A9PN-01 0.58 0.760125480171 0.4990813
TCGA-BQ-5879-01 0.79 0.833835224638 0.6819012
TCGA-A4-8098-01 0.59 0.896771824349 0.7728714
TCGA-GL-8500-01 0.73 0.929179688816 0.8157703
TCGA-A4-A4ZT-01 0.66 0.852544370386 0.7116446
TCGA-B9-4115-01 0.59 0.805261839927 0.6941293
TCGA-P4-A5EB-01 0.41 0.916875431898 0.729413218608833
TCGA-A4-A5Y0-01 0.93 0.972569041686 0.9046168
TCGA-B3-4104-01 0.4 0.907030527881 0.9082594
TCGA-Y8-A897-01 0.48 0.787494531731 0.7050012
TCGA-B3-3926-01 0.35 0.86077631581 0.2952735
TCGA-MH-A855-01 0.3 0.754463024101 0.5019022
TCGA-P4-AAVM-01 0.4 0.91386573119 0.8057664
TCGA-DW-7842-01 0.43 0.937658736531 0.8037609
TCGA-BQ-7049-01 0.36 0.724248572582 0.8475291
TCGA-B9-4617-01 0.54 0.87204549181 0.8169795
TCGA-Y8-A8S1-01 0.38 0.564552096587 0.2758743
TCGA-G7-A8LB-01 0.48 0.966955510442 0.947199
TCGA-UZ-A9PV-01 0.63 0.965261673251 0.9487777
TCGA-DZ-6135-01 0.41 0.831525220074 0.7274384
TCGA-2Z-A9J5-01 0.42 0.706696700495 0.5526452
TCGA-BQ-5878-01 0.81 0.925359175666 0.8312193
TCGA-BQ-5877-01 0.6 0.691203151332 0.6146215
TCGA-B9-A5W9-01 0.62 0.938151953527 0.7177309
TCGA-DZ-6131-01 0.28 0.780961247826 0.7300329
TCGA-2K-A9WE-01 0.27 0.58972327056 0.1656006
TCGA-DW-5560-01 0.46 0.898986124952 0.8323854
TCGA-G7-6796-01 0.3 0.807056866184 0.7366464
TCGA-EV-5903-01 0.33 0.749954919953 0.5548164
TCGA-F9-A7Q0-01 0.61 0.87029289282 0.8484882
TCGA-B9-4117-01 0.53 0.780927339996 0.670562995352944
TCGA-AL-3468-01 0.78 0.930693165861 0.8533521
TCGA-2Z-A9JT-01 0.44 0.705309312274 0.5879324
TCGA-HE-A5NI-01 0.48 0.842841198713 0.7104753
TCGA-SX-A71S-01 0.39 0.886310585231 0.8769867
TCGA-MH-A561-01 0.3 0.811966147045 0.7111492
TCGA-BQ-7044-01 0.71 0.914483181045 0.8222913
TCGA-2Z-A9J7-01 0.88 0.968565306761 0.9346233
TCGA-BQ-7055-01 0.27 0.906075359807 0.5975003
TCGA-DW-7840-01 0.47 0.843826245427 0.7688479
TCGA-DW-7834-01 0.32 0.760496100046 0.6181659
TCGA-A4-8310-01 0.62 0.892491200418 0.7955532
TCGA-Y8-A894-01 0.46 0.977524856974 0.9329428
TCGA-BQ-5883-01 0.23 0.880725076031 0.1331919
TCGA-2Z-A9JO-01 0.28 0.852455192301 0.6350011
TCGA-AL-3473-01 0.49 0.572382155787 0.2914768
TCGA-P4-A5E6-01 0.47 0.852477515814 0.7884826
TCGA-IZ-8195-01 0.33 0.917195628755 0.7714503
TCGA-KV-A6GE-01 0.52 0.81639759738 0.7318743
TCGA-HE-A5NK-01 0.27 0.637002467734 0.344216
TCGA-SX-A71R-01 0.55 0.934613388866 0.9644061
TCGA-5P-A9K0-01 0.33 0.878707749846 0.7429436
TCGA-DW-7841-01 0.33 0.679948184075 0.5602862
TCGA-B1-5398-01 0.43 0.627426348931 0.3447197
TCGA-A4-A772-01 0.3 0.807606450142 0.7179534
TCGA-BQ-5891-01 0.86 0.928903098352 0.909971759885942
TCGA-IA-A83V-01 0.34 0.602749395846 0.4643389
TCGA-5P-A9JZ-01 0.73 0.86400509326 0.7457948
TCGA-P4-AAVL-01 0.42 0.804599343286 0.8140746
TCGA-UZ-A9PP-01 0.66 0.903009806055 0.8906501
TCGA-B1-A657-01 0.28 0.772693400574 0.5907875
TCGA-SX-A7SQ-01 0.37 0.920833575531 0.8402487
TCGA-UZ-A9PS-01 0.64 0.939022553765 0.7990694
TCGA-P4-AAVK-01 0.39 0.845354566295 0.6618456
TCGA-AL-3472-01 0.77 0.902236000688 0.8700635
TCGA-AL-7173-01 0.86 0.796957357694 0.4009269
TCGA-BQ-7061-01 0.64 0.822337527688 0.744279879579513
TCGA-B9-A8YI-01 0.72 0.919980883094 0.7216437
TCGA-5P-A9KA-01 0.25 0.808695078302 0.602776
TCGA-KV-A6GD-01 0.37 0.606015034471 0.2961083
TCGA-A4-7828-01 0.27 0.711981966629 0.5313723
TCGA-G7-6793-01 0.72 0.823352048347 0.4173963
TCGA-G7-6789-01 0.83 0.75184133032 0.9757083
TCGA-P4-A5E8-01 0.45 0.934851612242 0.7577062
TCGA-SX-A71V-01 0.29 0.856241925035 0.7092529
TCGA-P4-A5ED-01 0.35 0.707707050919 0.5769129
TCGA-SX-A71U-01 0.31 0.858964820105 0.6952726
TCGA-UZ-A9PS-05 0.417017886235572 0.762802520774 0.613624604214659
TCGA-IZ-A6M8-01 0.31 0.750103618103 0.6195996
TCGA-HE-A5NL-01 0.28 0.744717586775 0.5809983
TCGA-BQ-5884-01 0.3 0.779790977703 0.5148629
TCGA-BQ-5894-01 0.35 0.708194812838 0.6361249
TCGA-UZ-A9PK-01 0.31 0.850379219272 0.6913002
TCGA-UN-AAZ9-01 0.73 0.921601775646 0.8435892
TCGA-2Z-A9J8-01 0.48 0.88792706234 0.8175461
TCGA-2Z-A9JP-01 0.53 0.805769767923 0.7393497
TCGA-5P-A9JV-01 0.33 0.746836232428 0.4701181
TCGA-P4-A5EA-01 0.27 0.531237503809 0.2118679
TCGA-BQ-5888-01 0.23 0.807287362127 0.2808522
TCGA-B9-5155-01 0.38 0.957205269425 0.87767
TCGA-A4-A5Y1-01 0.73 0.844866615777 0.795864954554342
TCGA-2Z-A9JM-01 0.33 0.752781721965 0.6283055
TCGA-UZ-A9Q0-01 0.71 0.885783160585 0.8615287
TCGA-BQ-5892-01 0.35 0.695871414781 0.536637849826876
TCGA-GL-A59R-01 0.4 0.890485058256 0.8120991
TCGA-MH-A854-01 0.65 0.882499465321 0.7981751
TCGA-BQ-7046-01 0.36 0.816180269817 0.6122574
TCGA-A4-7288-01 0.76 0.942414064116 0.9149546
TCGA-B1-A47O-01 0.25 0.838952322362 0.427182
TCGA-G7-A4TM-01 0.41 0.828311198738 0.8034166
TCGA-B3-4103-01 0.34 0.841847257646 0.5767534
TCGA-G7-6790-01 0.4 0.877779741981 0.5918315
TCGA-J7-8537-01 0.25 0.671106431186 0.3748305
TCGA-BQ-5875-01 0.77 0.852364977594 0.7566255
TCGA-HE-7128-01 0.25 0.615493637582 0.3530494
TCGA-B9-A5W7-01 0.35 0.862682042943 0.1949833
TCGA-2Z-A9J9-01 0.26 0.857111824309 0.7406449
TCGA-B1-A47M-01 0.4 0.848664817413 0.6856953
TCGA-SX-A7SN-01 0.44 0.810914400771 0.7305385
TCGA-WN-A9G9-01 0.34 0.45926929547 0.1408487
TCGA-AL-A5DJ-01 0.83 0.893139031536 0.871051436109541
TCGA-BQ-7051-01 0.52 0.959445901768 0.8706976
TCGA-BQ-5886-01 0.36 0.883760167265 0.6109314
TCGA-BQ-5889-01 0.28 0.514705938419 0.1826618
TCGA-GL-A9DC-01 0.35 0.89601334084 0.8431428
TCGA-G7-A8LC-01 0.7 0.905685270857 0.7928897
TCGA-SX-A7SS-01 0.53 0.849051928757 0.72294522876441
TCGA-MH-A856-01 0.29 0.821411322144 0.7453926
TCGA-UZ-A9PM-01 0.27 0.749290568841 0.3053256
TCGA-A4-7286-01 0.29 0.770513726174 0.4412445
TCGA-2Z-A9JE-01 0.85 0.92428095097 0.8949036
TCGA-GL-A9DD-01 0.28 0.695169620542 0.7945911
TCGA-IA-A40U-01 0.63 0.804632289423 0.7281693
TCGA-IA-A83S-01 0.26 0.790389315213 0.9693561
TCGA-HE-7130-01 0.59 0.93048214856 0.9518378
TCGA-BQ-5893-01 0.46 0.903960510176 0.7716773
TCGA-AL-3467-01 0.74 0.882245615866001 0.6822547
TCGA-F9-A97G-01 0.32 0.78422605898 0.3930562
TCGA-A4-7997-01 0.5 0.805105535576 0.6914313
TCGA-2Z-A9J2-01 0.33 0.835001762884 0.6131947
TCGA-2Z-A9J1-01 0.52 0.828582386708 0.7049057
TCGA-EV-5902-01 0.98 0.978324734726 0.9451248
TCGA-PJ-A5Z8-01 0.29 0.631032283239 0.3861596
TCGA-2Z-A9JS-01 0.65 0.929744056249 0.8463436
TCGA-BQ-7050-01 0.3 0.900900439166 0.7869372
TCGA-DW-7963-01 0.74 0.81658285145 0.56276
TCGA-B9-A44B-01 0.64 0.91657839193 0.846925
TCGA-5P-A9K3-01 0.73 0.870878065331 0.7385499
TCGA-2Z-A9JG-01 0.43 0.892192309771 0.71804770666491
TCGA-A4-8518-01 0.29 0.702825058833971 0.3001709
TCGA-G7-6795-01 0.39 0.870411088844 0.6808035
TCGA-5P-A9KH-01 0.67 0.90664333233 0.6877221
TCGA-B3-A6W5-01 0.43 0.880547992049 0.7449828
TCGA-A4-7583-01 0.55 0.829285972529 0.7189485
TCGA-A4-8517-01 0.36 0.866065639784 0.8048467
TCGA-BQ-7048-01 0.55 0.798718569264 0.7445034
TCGA-GL-A59T-01 0.97 0.847386673122 0.889168139142544
TCGA-V9-A7HT-01 0.31 0.726742551103 0.4308154
TCGA-DW-7837-01 0.29 0.803753598064 0.4602653
TCGA-A4-8311-01 0.41 0.931442830701 0.8417964
TCGA-DZ-6134-01 0.23 0.671902103758 0.3735607
TCGA-HE-A5NJ-01 0.58 0.939112630089 0.809669
TCGA-5P-A9JY-01 0.53 0.901280443933 0.8627386
TCGA-Y8-A895-01 0.33 0.907260946424 0.7459118
TCGA-A4-8630-01 0.35 0.942018787705 0.7960467
TCGA-B9-4113-01 0.42 0.786050760169 0.712108
TCGA-SX-A7SM-01 0.46 0.847420397736 0.7746932
TCGA-IA-A40X-01 0.34 0.851132107211 0.7769945
TCGA-5P-A9K2-01 0.35 0.908025280582 0.7709548
TCGA-F9-A4JJ-01 0.32 0.871506027145 0.6902677
TCGA-DW-5561-01 0.48 0.864916134185 0.7974931
TCGA-Y8-A8RZ-01 0.64 0.889183434343 0.7713739
TCGA-IA-A40Y-01 0.71 0.915829675709 0.9198109
TCGA-KV-A74V-01 0.7 0.884990823215 0.83755
TCGA-G7-6797-01 0.84 0.934326765664 0.9274906
TCGA-2Z-A9JR-01 0.4 0.810512265407 0.6247316
TCGA-2Z-A9JJ-01 0.59 0.815623812591 0.7051197
TCGA-A4-7585-01 0.28 0.667370632277 0.3299127
TCGA-A4-A5DU-01 0.64 0.90613187467 0.8987056
TCGA-EV-5901-01 0.31 0.76063244335 0.6783246
TCGA-UZ-A9PR-01 0.49 0.902270999454 0.8613014
TCGA-A4-A48D-01 0.28 0.75291024597 0.4966287
TCGA-DW-7839-01 0.45 0.876100482800766 0.916808
TCGA-DW-7836-01 0.41 0.917665255927 0.8323614
TCGA-2Z-A9JN-01 0.57 0.928733402395 0.294384
TCGA-HE-A5NH-01 0.35 0.892892979792 0.8013367
TCGA-BQ-7056-01 0.41 0.891352141612 0.7657475
TCGA-P4-A5E7-01 0.47 0.833147775139 0.6367944
TCGA-B1-7332-01 0.43 0.836562574533 0.9749769
TCGA-MH-A560-01 0.58 0.889686850657 0.7673949
TCGA-BQ-5882-01 0.47 0.775347653288 0.640007
TCGA-A4-A5XZ-01 0.43 0.827540103812 0.682923
TCGA-2Z-A9J6-01 0.39 0.869222547538 0.7126989
TCGA-BQ-7045-01 0.28 0.847840151896 0.6037067
TCGA-2Z-A9JD-01 0.55 0.93554878995 0.7386344
TCGA-SX-A7SL-01 0.77 0.970315099645 0.8771615
TCGA-AL-3466-01 0.58 0.896482223363 0.778449715836577
TCGA-2Z-A9JK-01 0.31 0.662784524572 0.4933204
TCGA-UZ-A9PU-01 0.72 0.894751503628 0.8274331
TCGA-5P-A9K4-01 0.47 0.912833427329 0.7956728
TCGA-Y8-A898-01 0.26 0.710827755926 0.5736368
TCGA-A4-7584-01 0.3 0.945051804488 0.7487468
TCGA-UZ-A9PJ-01 0.46 0.935206012444 0.926403
TCGA-UZ-A9PZ-01 0.7 0.90857433749 0.8029194
TCGA-SX-A71W-01 0.5 0.891138914381 0.74388599295064
TCGA-F9-A7VF-01 0.63 0.899731617369 0.8163295
TCGA-BQ-7062-01 0.34 0.731447482626 0.479203
TCGA-SX-A7SP-01 0.28 0.789034104219 0.6073073
TCGA-F9-A8NY-01 0.55 0.926602200258 0.7003247
TCGA-5P-A9K8-01 0.45 0.861610847543 0.8407732
TCGA-MH-A55W-01 0.44 0.859433017315 0.7116324
TCGA-IA-A83T-01 0.31 0.633235665544 0.4488527
TCGA-BQ-7060-01 0.28 0.82011101538 0.605519673734672
TCGA-UZ-A9PQ-01 0.8 0.95503336204 0.8004169
TCGA-SX-A7SU-01 0.53 0.855594871336 0.831905
TCGA-GL-6846-01 0.41 0.886893179361 0.8445138
TCGA-5P-A9KE-01 0.25 0.870121922185 0.5296936
TCGA-J7-A8I2-01 0.8 0.923683321902 0.9145676
TCGA-B1-A655-01 0.38 0.807796252686 0.6507014
TCGA-BQ-5890-01 0.54 0.86298919562 0.726171
TCGA-GL-7966-01 0.69 0.935821074234 0.8948543
TCGA-Y8-A8RY-01 0.68 0.795890124964 0.7827183
TCGA-5P-A9K6-01 0.33 0.806145491779 0.6216205
TCGA-B1-A656-01 0.36 0.559382055239 0.5604834
TCGA-5P-A9K9-01 0.43 0.839322126953 0.975996
TCGA-BQ-5887-01 0.35 0.658123403392 0.2337677
TCGA-AT-A5NU-01 0.55 0.930466586206 0.8012447
TCGA-IZ-8196-01 0.49 0.910374786131 0.84705
TCGA-2Z-A9JI-01 0.3 0.750154712348 0.302339
TCGA-O9-A75Z-01 0.43 0.855794221977 0.8288176
TCGA-B3-8121-01 0.28 0.619747000569 0.3176037
TCGA-4A-A93W-01 0.39 0.883294496383 0.8384517
TCGA-A4-7915-01 0.5 0.845681972768 0.5974718
TCGA-UZ-A9PX-01 0.49 0.855118488341 0.8173046
TCGA-A4-7287-01 0.53 0.785306161639 0.4331118
TCGA-A4-8515-01 0.4 0.931100426121 0.8255128
TCGA-B9-A8YH-01 0.47 0.80287860011 0.7649784
TCGA-BQ-5881-01 0.27 0.705248815154 0.6092264
TCGA-A4-7734-01 0.34 0.847562870046 0.7578926
TCGA-B9-A5W8-01 0.49 0.712570786041 0.9795169
TCGA-G7-A8LE-01 0.64 0.871761458811 0.78827
TCGA-A4-7996-01 0.42 0.809319761929271 0.65054207174947
TCGA-IZ-A6M9-01 0.62 0.82867100835 0.8136096
TCGA-MH-A55Z-01 0.5 0.871496383804 0.80964
TCGA-G7-7502-01 0.29 0.723699809618 0.4513643
TCGA-BQ-5885-01 0.52 0.87640681184 0.6671632
TCGA-B1-A654-01 0.4 0.844499146885 0.8703228
TCGA-GL-A4EM-01 0.24 0.686451539276 0.2874026
TCGA-4A-A93X-01 0.59 0.944984396107 0.819550811685151
TCGA-B9-4114-01 0.4 0.729023113793 0.6169932
TCGA-Q2-A5QZ-01 0.64 0.74935061853 0.6227052
TCGA-2Z-A9J3-01 0.86 0.97033262051 0.8327457
TCGA-PJ-A5Z9-01 0.67 0.895642900159 0.7647016
TCGA-2Z-A9JL-01 0.39 0.836988148313 0.7499599
TCGA-2Z-A9JQ-01 0.49 0.828753190597 0.7952048
TCGA-IA-A83W-01 0.41 0.762735294933 0.6589061
TCGA-GL-A9DE-01 0.5 0.874969220208 0.8226957
TCGA-A4-7732-01 0.46 0.867747758844 0.8488376
TCGA-BQ-7058-01 0.62 0.903595087244 0.8095324
TCGA-B9-7268-01 0.44 0.94553164129 0.8576816
TCGA-5P-A9JW-01 0.43 0.834930658669 0.6141901
