abscnseq ascat estimate purbayes
TCGA-BP-5176-01 0.364067466666667 0.354778533333333 0.56069424772974 0.4639171
TCGA-DV-5568-01 0.650233933333333 0.517650766666667 0.435645633333333 0.5077216
TCGA-BP-5008-01 0.374164266666667 0.893424 0.359761733333333 0.343696866666667
TCGA-AK-3451-01 0.50151976316149 0.517650766666667 0.497853433333333 0.505764863775016
TCGA-B4-5835-01 0.488679866666667 0.551056133333333 0.664589966666667 0.506901033333333
TCGA-DV-A4VX-01 0.571620633333333 0.654364833333333 0.702353666666667 0.715663566666667
TCGA-CJ-4638-01 0.4639171 0.5818132 0.719270966666667 0.5921005
TCGA-B0-5110-01 0.4266055 0.4679024 0.4967305 0.4301487
TCGA-A3-3347-01 0.6146589 0.195061166666667 0.254261966666667 0.338588366666667
TCGA-B0-5705-01 0.523844166666667 0.5276429 0.557224333333333 0.517650766666667
TCGA-BP-4962-01 0.1765244 0.480777333333333 0.291174 0.339471476392118
TCGA-A3-3351-01 0.4396348 0.517650766666667 0.338660833333333 0.4009844
TCGA-BP-4983-01 0.391600466666667 0.517650766666667 0.3341518 0.228553366666667
TCGA-BP-4760-01 0.374164266666667 0.397540066666667 0.654364833333333 0.520241066666667
TCGA-B0-4827-01 0.208738733333333 0.228553366666667 0.3341376 0.3243605
TCGA-A3-3308-01 0.364067466666667 0.368126333333333 0.467997133333333 0.377980390855078
TCGA-G6-A8L6-01 0.5660702 0.514888213569808 0.488679866666667 0.596155166666667
TCGA-B0-5699-01 0.650233933333333 0.689553033333333 0.596710466666667 0.6358181
TCGA-B0-5081-01 0.364067466666667 0.4679024 0.208738733333333 0.218411666666667
TCGA-CZ-5470-01 0.50151976316149 0.5276429 0.435012233333333 0.5512393
TCGA-CZ-5455-01 0.514888213569808 0.492725533333333 0.346949117385821 0.860224166666667
TCGA-B0-4811-01 0.4266055 0.3379007 0.604895266666667 0.4967305
TCGA-A3-3316-01 0.364067466666667 0.397540066666667 0.387651733333333 0.5423054
TCGA-DV-5566-01 0.682545 0.387651733333333 0.619891866666667 0.497853433333333
TCGA-BP-5201-01 0.523844166666667 0.5818132 0.502221025307121 0.619891866666667
TCGA-CJ-6027-01 0.316407333333333 0.551056133333333 0.3921588 0.444331866666667
TCGA-A3-3313-01 0.750757633333333 0.6762651 0.7440206 0.6344297
TCGA-BP-4964-01 0.475963132023863 0.604314533333333 0.505764863775016 0.5198636
TCGA-G6-A8L8-01 0.596136066666667 0.626024430626828 0.7237005 0.7237005
TCGA-BP-4975-01 0.5566127 0.551056133333333 0.523844166666667 0.461846213423352
TCGA-CJ-4639-01 0.4396348 0.5611212 0.466129299780608 0.449622366666667
TCGA-BP-5183-01 0.6344297 0.604314533333333 0.5337971 0.566496766666667
TCGA-CW-5583-01 0.650233933333333 0.579300335907283 0.605479966666667 0.606376566666667
TCGA-CJ-6033-01 0.4266055 0.4539611 0.492391123771817 0.449539233333333
TCGA-B2-5633-01 0.4715719 0.3199479 0.463918833333333 0.492391123771817
TCGA-BP-5178-01 0.4715719 0.397540066666667 0.395290144782313 0.7830197
TCGA-B8-5162-01 0.5863668 0.3433162 0.1765244 0.3043112
TCGA-BP-4163-01 0.8841693 0.5056968 0.472182693333333 0.4435445
TCGA-AK-3447-01 0.50151976316149 0.866950666666667 0.831611166666667 0.672183166666667
TCGA-B0-5099-01 0.715663566666667 0.4679024 0.7592039 0.6146589
TCGA-B8-A54E-01 0.254261966666667 0.3433162 0.774377233333333 0.2816826
TCGA-BP-4970-01 0.351563089843118 0.517650766666667 0.277826066666667 0.355808666666667
TCGA-B2-4102-01 0.5422672 0.4539611 0.4396348 0.3921588
TCGA-B2-3923-01 0.604314533333333 0.831611166666667 0.866950666666667 0.596710466666667
TCGA-CJ-5676-01 0.4967305 0.277826066666667 0.351563089843118 0.6762651
TCGA-CJ-5680-01 0.660249666666667 0.6294836 0.6193528 0.605479966666667
TCGA-CJ-4908-01 0.254261966666667 0.290208833333333 0.445029966666667 0.391600466666667
TCGA-MM-A564-01 0.400978833333333 0.354778533333333 0.578097803864006 0.510506564871663
TCGA-B2-4101-01 0.2816826 0.4232516 0.377980390855078 0.3930834
TCGA-BP-5169-01 0.2245878 0.3433162 0.368126333333333 0.643701341106783
TCGA-B0-4815-01 0.604314533333333 0.208738733333333 0.256614033333333 0.312351666666667
TCGA-B0-5709-01 0.6146589 0.3379007 0.2017824 0.277826066666667
TCGA-B2-5636-01 0.528883414197274 0.505460605486727 0.5611212 0.519362003730102
TCGA-BP-5010-01 0.488679866666667 0.379337533333333 0.4301487 0.655217933333333
TCGA-BP-4991-01 0.254261966666667 0.591579933333333 0.507647566666667 0.464071266666667
TCGA-BP-5000-01 0.316407333333333 0.551056133333333 0.401954175030756 0.383078866666667
TCGA-BP-5182-01 0.351563089843118 0.277826066666667 0.231318333333333 0.360607433333333
TCGA-BP-5174-01 0.351563089843118 0.5611212 0.622129366666667 0.472421233333333
TCGA-B8-A54G-01 0.4639171 0.4679024 0.338588366666667 0.47805954078004
TCGA-B0-5109-01 0.3297815 0.248923233333333 0.482704766666667 0.4266055
TCGA-CZ-5456-01 0.5422672 0.551056133333333 0.449060166666667 0.397540066666667
TCGA-B0-4842-01 0.1765244 0.379337533333333 0.3930834 0.2957402
TCGA-CJ-5678-01 0.604314533333333 0.551056133333333 0.381073433333333 0.483483166666667
TCGA-B0-5094-01 0.4967305 0.418520933333333 0.682545 0.543593366666667
TCGA-A3-3380-01 0.4396348 0.408309033333333 0.527754400293416 0.466129299780608
TCGA-AK-3455-01 0.4266055 0.5276429 0.5071386 0.482704766666667
TCGA-B0-4698-01 0.4266055 0.3043112 0.527897833333333 0.604314533333333
TCGA-A3-A8OX-01 0.241686733333333 0.346949117385821 0.409802033333333 0.176815233333333
TCGA-BP-5196-01 0.4639171 0.359761733333333 0.426982233333333 0.4268828
TCGA-BP-4161-01 0.514888213569808 0.6294836 0.377040487115453 0.6294836
TCGA-A3-3383-01 0.391600466666667 0.619229133333333 0.458347921267054 0.551283366666667
TCGA-MM-A84U-01 0.26348 0.430729592649548 0.472180466666667 0.4188856
TCGA-A3-3319-01 0.475963132023863 0.5276429 0.590418517017563 0.527754400293416
TCGA-B0-5695-01 0.774377233333333 0.6294836 0.6146589 0.637032933333333
TCGA-B0-5696-01 0.5566127 0.4539611 0.605066466666667 0.459657833333333
TCGA-B0-5402-01 0.626024430626828 0.408309033333333 0.517931533333333 0.5669808
TCGA-BP-4988-01 0.208738733333333 0.715663566666667 0.2682688 0.1765244
TCGA-BP-5198-01 0.5422672 0.3199479 0.354778533333333 0.4033904
TCGA-CZ-5452-01 0.523844166666667 0.218411666666667 0.360607433333333 0.3213957
TCGA-BP-5006-01 0.316407333333333 0.443111333333333 0.552961233333333 0.419319266666667
TCGA-B8-5546-01 0.697063343544258 0.290208833333333 0.873806066666667 0.708717
TCGA-B8-4154-01 0.532898549938044 0.654364833333333 0.4715719 0.607548063068026
TCGA-B0-4945-01 0.50151976316149 0.26348 0.586864633333333 0.3297815
TCGA-CJ-4641-01 0.3297815 0.351563089843118 0.2546183 0.2546183
TCGA-B0-5116-01 0.3297815 0.4539611 0.650308733333333 0.7184957
TCGA-B8-5550-01 0.5863668 0.277826066666667 0.392666433333333 0.3341376
TCGA-B8-4621-01 0.475963132023863 0.5611212 0.645189933333333 0.527897833333333
TCGA-CZ-5985-01 0.488679866666667 0.619229133333333 0.464071266666667 0.553073233333333
TCGA-A3-A6NN-01 0.532898549938044 0.478857226695315 0.449492833333333 0.517931533333333
TCGA-CW-5585-01 0.578097803864006 0.755041533333333 0.689553033333333 0.697526866666667
TCGA-CJ-4916-01 0.2957402 0.235796166666667 0.2818063 0.338660833333333
TCGA-B8-5158-01 0.5863668 0.368126333333333 0.459657833333333 0.26348
TCGA-CZ-5986-01 0.4266055 0.702353666666667 0.6068303 0.5818132
TCGA-A3-3365-01 0.2816826 0.387651733333333 0.4642759 0.3379007
TCGA-BP-4987-01 0.50151976316149 0.591579933333333 0.514888213569808 0.4282805
TCGA-AK-3436-01 0.571620633333333 0.551056133333333 0.630551633333333 0.8082306
TCGA-B8-A54H-01 0.4147256 0.43262876489931 0.5512132 0.3111003
TCGA-A3-3374-01 0.50151976316149 0.537240533333333 0.5198636 0.516428040290968
TCGA-A3-A8CQ-01 0.374164266666667 0.50151976316149 0.574170966666667 0.5660702
TCGA-DV-5573-01 0.4396348 0.3341376 0.376369606076921 0.447568362440909
TCGA-B0-5702-01 0.351563089843118 0.3043112 0.444185566666667 0.472180466666667
TCGA-B0-5095-01 0.241686733333333 0.3379007 0.3742596 0.311905733333333
TCGA-CZ-5982-01 0.391600466666667 0.537240533333333 0.640504833333333 0.551148966666667
TCGA-BP-4795-01 0.6679774 0.408309033333333 0.3690978 0.355919333333333
TCGA-B4-5838-01 0.475963132023863 0.368126333333333 0.591579933333333 0.866950666666667
TCGA-B2-3924-01 0.640504833333333 0.290208833333333 0.490461916486038 0.370615733333333
TCGA-BP-4801-01 0.3297815 0.4488004 0.311905733333333 0.3818324
TCGA-BP-4973-01 0.475963132023863 0.689553033333333 0.516428040290968 0.573015866666667
TCGA-CJ-4905-01 0.400978833333333 0.537240533333333 0.4539611 0.508447666666667
TCGA-B0-5121-01 0.4396348 0.5056968 0.4591671 0.475963132023863
TCGA-CJ-4869-01 0.2816826 0.368126333333333 0.3043112 0.335147129652046
TCGA-CW-6093-01 0.400978833333333 0.387651733333333 0.566496766666667 0.4591671
TCGA-BP-5186-01 0.4396348 0.5056968 0.569960596520563 0.4396348
TCGA-EU-5904-01 0.4715719 0.5611212 0.497601241079099 0.433375936283546
TCGA-AK-3444-01 0.4396348 0.6444377 0.587646809719872 0.557224333333333
TCGA-BP-5185-01 0.50151976316149 0.604314533333333 0.604314533333333 0.7592039
TCGA-BP-5190-01 0.547567066666667 0.604314533333333 0.6358181 0.5424176
TCGA-CJ-5683-01 0.547567066666667 0.664589966666667 0.6047386 0.5865075
TCGA-B0-5096-01 0.26348 0.408309033333333 0.4232516 0.351563089843118
TCGA-CZ-5457-01 0.697063343544258 0.4232516 0.506549666666667 0.697588633333333
TCGA-B0-5077-01 0.514888213569808 0.4539611 0.5863668 0.5183008
TCGA-BP-5181-01 0.682545 0.654364833333333 0.5512393 0.6195034
TCGA-CW-5587-01 0.626024430626828 0.420760277508161 0.290208833333333 0.3460567
TCGA-A3-A6NL-01 0.5566127 0.466129299780608 0.484525766666667 0.420760277508161
TCGA-A3-A8OU-01 0.514888213569808 0.488879064828921 0.5178571 0.488679866666667
TCGA-EU-5906-01 0.400978833333333 0.3433162 0.484229133333333 0.426982233333333
TCGA-B0-4821-01 0.4396348 0.537240533333333 0.660541033333333 0.507647566666667
TCGA-A3-3326-01 0.571620633333333 0.354778533333333 0.409658533333333 0.491277358275603
TCGA-B0-4816-01 0.873806066666667 0.434752733333333 0.3460567 0.397560866666667
TCGA-BP-5007-01 0.5863668 0.903714766666667 0.552314633333333 0.596136066666667
TCGA-B0-4712-01 0.26348 0.443111333333333 0.374164266666667 0.358413927642177
TCGA-B0-5713-01 0.457387233333333 0.387651733333333 0.56000428150489 0.493203933333333
TCGA-BP-4967-01 0.5863668 0.664589966666667 0.6344297 0.610466803976313
TCGA-B0-5100-01 0.3297815 0.397540066666667 0.5875369 0.551065133333333
TCGA-B8-A54I-01 0.4147256 0.376369606076921 0.401142133333333 0.208738733333333
TCGA-CZ-4866-01 0.391600466666667 0.517650766666667 0.619814666666667 0.818570833333333
TCGA-CJ-4643-01 0.523844166666667 0.3199479 0.408309033333333 0.449060166666667
TCGA-CW-5588-01 0.5566127 0.359761733333333 0.354805266666667 0.3742596
TCGA-CW-5591-01 0.6679774 0.4539611 0.6920725 0.430729592649548
TCGA-B8-5164-01 0.672183166666667 0.248923233333333 0.2859117 0.346949117385821
TCGA-B0-5712-01 0.532898549938044 0.727995833333333 0.697588633333333 0.6047386
TCGA-B0-5692-01 0.604314533333333 0.551056133333333 0.4540536 0.4929591
TCGA-CZ-5461-01 0.4266055 0.619229133333333 0.418520933333333 0.537240533333333
TCGA-B2-5641-01 0.4147256 0.408309033333333 0.345305966666667 0.376369606076921
TCGA-B0-5703-01 0.514888213569808 0.6146589 0.610466803976313 0.574170966666667
TCGA-BP-4982-01 0.400978833333333 0.774377233333333 0.400978833333333 0.379337533333333
TCGA-CJ-4634-01 0.893424 0.654364833333333 0.534201776629574 0.590418517017563
TCGA-CJ-4637-01 0.488679866666667 0.218411666666667 0.2099645 0.231318333333333
TCGA-B8-5553-01 0.722699833333333 0.290208833333333 0.418642633333333 0.3690978
TCGA-MM-A563-01 0.547567066666667 0.537240533333333 0.254456366666667 0.557723377336731
TCGA-B2-4099-01 0.697063343544258 0.418520933333333 0.449622366666667 0.5863668
TCGA-A3-3362-01 0.4266055 0.4488004 0.553073233333333 0.3223007
TCGA-B0-5097-01 0.2245878 0.408309033333333 0.2957402 0.3059084
TCGA-AK-3453-01 0.4396348 0.755041533333333 0.8841693 0.6444377
TCGA-B0-4823-01 0.391600466666667 0.5276429 0.384211533333333 0.497759166666667
TCGA-DV-5569-01 0.660249666666667 0.604314533333333 0.475963132023863 0.393130233333333
TCGA-A3-A6NI-01 0.4715719 0.510506564871663 0.5666978 0.572956033333333
TCGA-BP-4177-01 0.400978833333333 0.534201776629574 0.697479466666667 0.552314633333333
TCGA-DV-A4VZ-01 0.374164266666667 0.5818132 0.8082306 0.702353666666667
TCGA-CJ-5682-01 0.750757633333333 0.5818132 0.4760968 0.845759566666667
TCGA-B0-5120-01 0.400978833333333 0.3199479 0.419319266666667 0.463918833333333
TCGA-CJ-4920-01 0.374164266666667 0.5611212 0.4929591 0.502221025307121
TCGA-BP-5192-01 0.5566127 0.715663566666667 0.715663566666667 0.6679774
TCGA-CJ-6030-01 0.364067466666667 0.480777333333333 0.272784133333333 0.408719033333333
TCGA-B4-5832-01 0.3297815 0.3111003 0.4197825 0.2499797
TCGA-B8-4146-01 0.400978833333333 0.727995833333333 0.505460605486727 0.569960596520563
TCGA-B0-5399-01 0.6146589 0.5611212 0.444906733333333 0.514888213569808
TCGA-B0-4700-01 0.5566127 0.1765244 0.228553366666667 0.195061166666667
TCGA-BP-5173-01 0.4639171 0.4232516 0.472262966666667 0.5871232
TCGA-B8-5549-01 0.697063343544258 0.379337533333333 0.506324666666667 0.596250433333333
TCGA-B0-5812-01 0.2816826 0.492725533333333 0.420760277508161 0.355675366666667
TCGA-CZ-5469-01 0.5566127 0.5611212 0.660249666666667 0.578097803864006
TCGA-CZ-4853-01 0.5863668 0.480777333333333 0.643701341106783 0.6920725
TCGA-DV-5574-01 0.351563089843118 0.339471476392118 0.235796166666667 0.241686733333333
TCGA-B0-5706-01 0.697063343544258 0.4232516 0.379337533333333 0.689553033333333
TCGA-BP-4961-01 0.2957402 0.551056133333333 0.551065133333333 0.402186766666667
TCGA-B8-4620-01 0.860224166666667 0.591579933333333 0.4009844 0.873806066666667
TCGA-A3-3372-01 0.5863668 0.4539611 0.492265833929907 0.400978833333333
TCGA-BP-5177-01 0.400978833333333 0.3111003 0.5056968 0.392666433333333
TCGA-B0-5088-01 0.3297815 0.377980390855078 0.364067466666667 0.272784133333333
TCGA-CJ-4902-01 0.254261966666667 0.379337533333333 0.324302733333333 0.935472766666667
TCGA-BP-4994-01 0.351563089843118 0.4679024 0.708717 0.472182693333333
TCGA-B0-4706-01 0.626024430626828 0.619229133333333 0.619229133333333 0.5666978
TCGA-B0-4852-01 0.6344297 0.492725533333333 0.5660702 0.604895266666667
TCGA-CW-6097-01 0.3297815 0.335147129652046 0.2499797 0.200623833333333
TCGA-CJ-5689-01 0.391600466666667 0.395290144782313 0.3111003 0.368686333333333
TCGA-CZ-5459-01 0.571620633333333 0.604314533333333 0.561567766666667 0.557197933333333
TCGA-B0-5092-01 0.1765244 0.359761733333333 0.3199479 0.2859117
TCGA-A3-3376-01 0.2245878 0.3199479 0.339471476392118 0.2111141
TCGA-DV-A4W0-05 0.50151976316149 0.607548063068026 0.818570833333333 0.629888666256037
TCGA-CJ-5675-01 0.475963132023863 0.517650766666667 0.392775 0.4488004
TCGA-CJ-4918-01 0.3297815 0.3433162 0.2962001 0.296011133333333
TCGA-BP-5009-01 0.488679866666667 0.447568362440909 0.410495266666667 0.4715719
TCGA-B0-5690-01 0.5660702 0.4539611 0.4679024 0.410437166666667
TCGA-BP-5191-01 0.547567066666667 0.248923233333333 0.355675366666667 0.5178571
TCGA-BP-4985-01 0.547567066666667 0.379337533333333 0.520241066666667 0.831611166666667
TCGA-CJ-5672-01 0.4396348 0.5056968 0.3243605 0.429971715821889
TCGA-B0-5075-01 0.400978833333333 0.619229133333333 0.47805954078004 0.472262966666667
TCGA-BP-4977-01 0.604314533333333 0.397540066666667 0.557197933333333 0.654364833333333
TCGA-DV-5576-01 0.640504833333333 0.387651733333333 0.7830197 0.6068303
TCGA-A3-3346-01 0.475963132023863 0.248923233333333 0.5422672 0.682545
TCGA-BP-4782-01 0.2957402 0.290208833333333 0.430729592649548 0.377040487115453
TCGA-B8-A8YJ-01 0.750757633333333 0.502221025307121 0.249176233333333 0.645189933333333
TCGA-B4-5377-01 0.672183166666667 0.689553033333333 0.5424176 0.619814666666667
TCGA-AK-3426-01 0.626024430626828 0.208738733333333 0.195494766666667 0.298301433333333
TCGA-B4-5378-01 0.640504833333333 0.587646809719872 0.6606456 0.579300335907283
TCGA-BP-5195-01 0.316407333333333 0.4232516 0.4147256 0.384211533333333
TCGA-BP-5202-01 0.2957402 0.619229133333333 0.5818132 0.582219
TCGA-B0-5698-01 0.4967305 0.689553033333333 0.4581192 0.6193528
TCGA-AK-3465-01 0.578097803864006 0.5611212 0.845759566666667 0.722699833333333
TCGA-CJ-4900-01 0.1765244 0.377040487115453 0.3213957 0.368715033333333
TCGA-DV-A4W0-01 0.457387233333333 0.517650766666667 0.654871566666667 0.551056133333333
TCGA-B8-4622-01 0.351563089843118 0.5276429 0.4268828 0.5056968
TCGA-BP-5168-01 0.2957402 0.5611212 0.596155166666667 0.5202083
TCGA-BP-4976-01 0.547567066666667 0.492725533333333 0.6294836 0.630551633333333
TCGA-B0-5080-01 0.6146589 0.3043112 0.3059084 0.292205866666667
TCGA-G6-A5PC-01 0.364067466666667 0.478284155895419 0.596136066666667 0.4760968
TCGA-A3-3349-01 0.4147256 0.418520933333333 0.408719033333333 0.409802033333333
TCGA-CW-5580-01 0.4715719 0.5611212 0.5077216 0.528883414197274
TCGA-CJ-4913-01 0.2245878 0.4679024 0.368715033333333 0.248923233333333
TCGA-AK-3458-01 0.596136066666667 0.6294836 0.596250433333333 0.573232533333333
TCGA-CZ-5454-01 0.604314533333333 0.818570833333333 0.381435833333333 0.2017824
TCGA-CZ-5466-01 0.5566127 0.228553366666667 0.360253466666667 0.359761733333333
TCGA-B4-5836-01 0.4147256 0.3111003 0.4488004 0.374164266666667
TCGA-BP-5200-01 0.547567066666667 0.397540066666667 0.364259633333333 0.43262876489931
TCGA-B0-5697-01 0.571620633333333 0.248923233333333 0.414842266666667 0.360253466666667
TCGA-A3-3357-01 0.457387233333333 0.5276429 0.538430366666667 0.5337971
TCGA-BP-5170-01 0.2957402 0.4488004 0.4266055 0.4488095
TCGA-CZ-4865-01 0.374164266666667 0.408309033333333 0.383078866666667 0.364259633333333
TCGA-A3-3311-01 0.4396348 0.480777333333333 0.434752733333333 0.492265833929907
TCGA-BP-5004-01 0.488679866666667 0.6294836 0.5818341 0.418520933333333
TCGA-BP-5194-01 0.514888213569808 0.397540066666667 0.492725533333333 0.5875369
TCGA-B0-5107-01 0.514888213569808 0.379337533333333 0.6444377 0.324302733333333
TCGA-B0-5098-01 0.5660702 0.689553033333333 0.903714766666667 0.697063343544258
TCGA-B0-5108-01 0.604314533333333 0.387651733333333 0.2245878 0.354778533333333
TCGA-CZ-5462-01 0.935472766666667 0.4232516 0.538768966666667 0.3927243
TCGA-BP-4162-01 0.893424 0.5056968 0.397540066666667 0.435012233333333
TCGA-B4-5843-01 0.596136066666667 0.755041533333333 0.606376566666667 0.622129366666667
TCGA-CZ-5984-01 0.682545 0.664589966666667 0.5276429 0.534201776629574
TCGA-CW-6087-01 0.3297815 0.235796166666667 0.2111141 0.195494766666667
TCGA-A3-3358-01 0.351563089843118 0.492725533333333 0.3433162 0.408309033333333
TCGA-DV-5575-01 0.4266055 0.480777333333333 0.457387233333333 0.467997133333333
TCGA-A3-3320-01 0.4266055 0.702353666666667 0.582219 0.619229133333333
TCGA-CZ-5467-01 0.532898549938044 0.654364833333333 0.573232533333333 0.640504833333333
TCGA-AK-3456-01 0.316407333333333 0.5276429 0.697063343544258 0.650308733333333
TCGA-B8-5163-01 0.475963132023863 0.359761733333333 0.195061166666667 0.547567066666667
TCGA-CW-5581-01 0.50151976316149 0.5056968 0.6350255 0.445029966666667
TCGA-B2-5635-01 0.660249666666667 0.4488004 0.4639171 0.8841693
TCGA-CJ-4912-01 0.457387233333333 0.387651733333333 0.637032933333333 0.490461916486038
TCGA-MW-A4EC-01 0.604314533333333 0.604314533333333 0.607548063068026 0.5512132
TCGA-BP-4971-01 0.400978833333333 0.715663566666667 0.2816826 0.290208833333333
TCGA-A3-A6NJ-01 0.1765244 0.358413927642177 0.3922668 0.249176233333333
TCGA-CJ-4882-01 0.4396348 0.290208833333333 0.26348 0.2099645
TCGA-BP-5187-01 0.26348 0.26348 0.527676266666667 0.7357358
TCGA-CJ-5681-01 0.532898549938044 0.818570833333333 0.759221866666667 0.697479466666667
TCGA-CZ-5464-01 0.660249666666667 0.3199479 0.316407333333333 0.401142133333333
TCGA-AS-3778-01 0.532898549938044 0.443111333333333 0.5423054 0.497601241079099
TCGA-B4-5834-01 0.50151976316149 0.551056133333333 0.528883414197274 0.345319566666667
TCGA-AK-3443-01 0.5660702 0.866950666666667 0.935472766666667 0.759221866666667
TCGA-BP-4989-01 0.578097803864006 0.248923233333333 0.231911633333333 0.374883933333333
TCGA-B8-5545-01 0.316407333333333 0.480777333333333 0.335147129652046 0.2818063
TCGA-BP-4167-01 0.400978833333333 0.195061166666667 0.176815233333333 0.231911633333333
TCGA-BP-5175-01 0.475963132023863 0.418520933333333 0.532898549938044 0.650233933333333
TCGA-CZ-4863-01 0.6146589 0.208738733333333 0.364741966666667 0.307708166666667
TCGA-A3-3382-01 0.604314533333333 0.5056968 0.532926692786616 0.532926692786616
TCGA-CJ-4644-01 0.4967305 0.6294836 0.401125266666667 0.444185566666667
TCGA-G6-A8L7-01 0.4396348 0.492265833929907 0.660960590012092 0.4197825
TCGA-B8-A54F-01 0.364067466666667 0.6294836 0.488879064828921 0.5668777
TCGA-B0-5694-01 0.6146589 0.5611212 0.508447666666667 0.587646809719872
TCGA-BP-5180-01 0.824449766666667 0.727995833333333 0.557723377336731 0.660541033333333
TCGA-A3-3367-01 0.457387233333333 0.4232516 0.551908566666667 0.591579933333333
TCGA-B8-4143-01 0.578097803864006 0.5611212 0.358413927642177 0.506324666666667
TCGA-BP-4968-01 0.547567066666667 0.591579933333333 0.4488095 0.5071386
TCGA-CJ-4640-01 0.818570833333333 0.434752733333333 0.343696866666667 0.235796166666667
TCGA-BP-4770-01 0.5660702 0.4488004 0.368686333333333 0.458347921267054
TCGA-CJ-4899-01 0.218411666666667 0.368126333333333 0.429971715821889 0.316407333333333
TCGA-CW-5584-01 0.604314533333333 0.517650766666667 0.506901033333333 0.434752733333333
TCGA-B0-5084-01 0.750757633333333 0.8841693 0.727995833333333 0.719270966666667
TCGA-B8-A54J-01 0.3297815 0.56069424772974 0.497759166666667 0.885731666666667
TCGA-CZ-5987-01 0.523844166666667 0.6762651 0.551056133333333 0.606660966666667
TCGA-CZ-5453-01 0.6344297 0.831611166666667 0.697526866666667 0.727995833333333
TCGA-CJ-6028-01 0.2957402 0.228553366666667 0.298301433333333 0.256614033333333
TCGA-CZ-5465-01 0.547567066666667 0.755041533333333 0.650233933333333 0.7440206
TCGA-B2-5639-01 0.523844166666667 0.5818132 0.517650766666667 0.56069424772974
TCGA-B0-5700-01 0.531377398115577 0.516428040290968 0.579300335907283 0.532898549938044
TCGA-BP-4974-01 0.1765244 0.537240533333333 0.543593366666667 0.291174
TCGA-A3-A8OV-01 0.8082306 0.610466803976313 0.6195034 0.636470993073534
TCGA-B8-5159-01 0.5422672 0.654364833333333 0.566812333333333 0.6350255
TCGA-CJ-4904-01 0.241686733333333 0.443111333333333 0.481817466666667 0.401125266666667
TCGA-B0-4818-01 0.391600466666667 0.4679024 0.478857226695315 0.395290144782313
TCGA-BP-4986-01 0.475963132023863 0.6444377 0.397560866666667 0.484229133333333
TCGA-BP-5184-01 0.351563089843118 0.354778533333333 0.4435445 0.488879064828921
TCGA-A3-3323-01 0.4639171 0.4539611 0.3818324 0.443111333333333
TCGA-BP-4995-01 0.475963132023863 0.387651733333333 0.629888666256037 0.551908566666667
TCGA-A3-3317-01 0.374164266666667 0.418520933333333 0.450086333333333 0.449492833333333
TCGA-AK-3430-01 0.845759566666667 0.604314533333333 0.7184957 0.903714766666667
TCGA-B0-5113-01 0.596136066666667 0.480777333333333 0.461846213423352 0.3433162
TCGA-B8-A54D-01 0.4147256 0.537240533333333 0.4086244 0.538768966666667
TCGA-B8-A54K-01 0.351563089843118 0.643701341106783 0.824449766666667 0.824449766666667
TCGA-B0-5106-01 0.400978833333333 0.480777333333333 0.4033904 0.4642759
TCGA-CZ-4856-01 0.374164266666667 0.5056968 0.447568362440909 0.364741966666667
TCGA-EU-5905-01 0.7915902 0.4488004 0.5202083 0.56000428150489
TCGA-B0-5083-01 0.461846213423352 0.354778533333333 0.374883933333333 0.401954175030756
TCGA-CJ-5677-01 0.514888213569808 0.537240533333333 0.355919333333333 0.505460605486727
TCGA-CZ-4859-01 0.626024430626828 0.608740230170897 0.7048529 0.660249666666667
TCGA-A3-3370-01 0.640504833333333 0.248923233333333 0.355808666666667 0.3199479
TCGA-A3-3387-01 0.364067466666667 0.4679024 0.370615733333333 0.457387233333333
TCGA-B0-5691-01 0.715663566666667 0.3043112 0.449539233333333 0.364067466666667
TCGA-B0-5701-01 0.475963132023863 0.368126333333333 0.571620633333333 0.496872033333333
TCGA-B0-5115-01 0.4266055 0.368126333333333 0.493203933333333 0.5566127
TCGA-B0-5102-01 0.860224166666667 0.551056133333333 0.642420311686009 0.7915902
TCGA-AK-3429-01 0.650233933333333 0.4539611 0.410437166666667 0.368126333333333
TCGA-CW-6090-01 0.672183166666667 0.591579933333333 0.3223007 0.605066466666667
TCGA-CJ-4923-01 0.4639171 0.3111003 0.3379007 0.2245878
TCGA-CZ-5460-01 0.374164266666667 0.6294836 0.491277358275603 0.5422672
TCGA-CJ-5686-01 0.254261966666667 0.248923233333333 0.4188856 0.345305966666667
TCGA-CZ-5451-01 0.640504833333333 0.6294836 0.5669808 0.5721052
TCGA-6D-AA2E-01 0.374164266666667 0.490461916486038 0.6762651 0.4147256
TCGA-B0-4710-01 0.6344297 0.397540066666667 0.547567066666667 0.492725533333333
TCGA-AS-3777-01 0.514888213569808 0.537240533333333 0.756919174144912 0.381073433333333
TCGA-B0-5119-01 0.50151976316149 0.434752733333333 0.551283366666667 0.571620633333333
TCGA-3Z-A93Z-01 0.660249666666667 0.492391123771817 0.551148966666667 0.387651733333333
TCGA-B0-5711-01 0.4396348 0.551056133333333 0.480777333333333 0.527676266666667
TCGA-A3-A8OW-01 0.374164266666667 0.491277358275603 0.5721052 0.552961233333333
TCGA-CW-5589-01 0.488679866666667 0.551056133333333 0.4759695 0.484525766666667
TCGA-CJ-4636-01 0.488679866666667 0.5276429 0.292205866666667 0.531377398115577
TCGA-B0-4810-01 0.4639171 0.4488004 0.3297815 0.418642633333333
TCGA-B0-5400-01 0.604314533333333 0.290208833333333 0.4282805 0.254261966666667
TCGA-DV-5567-01 0.715663566666667 0.642420311686009 0.755041533333333 0.6606456
TCGA-BP-5001-01 0.4147256 0.727995833333333 0.5865075 0.5188256
TCGA-B2-4098-01 0.391600466666667 0.408309033333333 0.573015866666667 0.4086244
TCGA-CZ-5468-01 0.571620633333333 0.359761733333333 0.537240533333333 0.4759695
TCGA-BP-4972-01 0.547567066666667 0.6294836 0.304626833333333 0.4679024
TCGA-BP-5199-01 0.2957402 0.434752733333333 0.2544048 0.566812333333333
TCGA-EU-5907-01 0.7357358 0.831611166666667 0.678821397051221 0.774377233333333
TCGA-B8-5165-01 0.241686733333333 0.368126333333333 0.496872033333333 0.2544048
TCGA-A3-3378-01 0.208738733333333 0.387651733333333 0.296011133333333 0.3341518
TCGA-B0-5085-01 0.6146589 0.56000428150489 0.629528233333333 0.586864633333333
TCGA-CJ-5679-01 0.8841693 0.5818132 0.668695766666667 0.678821397051221
TCGA-CJ-4901-01 0.4396348 0.195061166666667 0.248923233333333 0.2962001
TCGA-A3-3385-01 0.6344297 0.774377233333333 0.7357358 0.750757633333333
TCGA-B8-5552-01 0.2245878 0.26348 0.312351666666667 0.2682688
TCGA-B0-5693-01 0.5422672 0.591579933333333 0.636470993073534 0.5435523
TCGA-A3-3322-01 0.5660702 0.664589966666667 0.5871232 0.561567766666667
TCGA-B8-5551-01 0.547567066666667 0.1765244 0.218411666666667 0.254456366666667
TCGA-B2-A4SR-01 0.50151976316149 0.517650766666667 0.519362003730102 0.50151976316149
TCGA-GK-A6C7-01 0.4396348 0.47805954078004 0.5566127 0.478284155895419
TCGA-B0-5104-01 0.5863668 0.5056968 0.626024430626828 0.435645633333333
TCGA-A3-3331-01 0.4266055 0.5276429 0.472421233333333 0.538430366666667
TCGA-CJ-6031-01 0.4967305 0.397540066666667 0.241686733333333 0.304626833333333
TCGA-B8-4619-01 0.722699833333333 0.654364833333333 0.7915902 0.626024430626828
TCGA-CZ-5989-01 0.2957402 0.4539611 0.402186766666667 0.392775
TCGA-BP-4998-01 0.2816826 0.443111333333333 0.307708166666667 0.381435833333333
TCGA-B0-5117-01 0.750757633333333 0.5818132 0.860224166666667 0.5611212
TCGA-B8-A7U6-01 0.2816826 0.433375936283546 0.510506564871663 0.3922668
TCGA-B4-5844-01 0.3297815 0.5818132 0.5668777 0.481109433333333
TCGA-CJ-4907-01 0.400978833333333 0.492725533333333 0.478284155895419 0.450086333333333
TCGA-CJ-5671-01 0.391600466666667 0.195061166666667 0.200623833333333 0.410495266666667
TCGA-B8-4151-01 0.831611166666667 0.8841693 0.655217933333333 0.668695766666667
TCGA-BP-4992-01 0.4396348 0.4539611 0.433375936283546 0.409658533333333
TCGA-DV-5565-01 0.722699833333333 0.689553033333333 0.5183008 0.642420311686009
TCGA-CJ-6032-01 0.488679866666667 0.359761733333333 0.606660966666667 0.506549666666667
TCGA-A3-3363-01 0.697063343544258 0.715663566666667 0.6679774 0.660960590012092
TCGA-T7-A92I-01 0.391600466666667 0.557723377336731 0.750757633333333 0.5818341
TCGA-CJ-5684-01 0.514888213569808 0.492725533333333 0.483483166666667 0.527693
TCGA-B0-5710-01 0.475963132023863 0.5611212 0.50151976316149 0.480777333333333
TCGA-BP-4993-01 0.4147256 0.6444377 0.444331866666667 0.4539611
TCGA-A3-3373-01 0.50151976316149 0.5611212 0.531377398115577 0.481817466666667
TCGA-CZ-4864-01 0.5863668 0.408309033333333 0.345319566666667 0.523844166666667
TCGA-BP-4963-01 0.2957402 0.443111333333333 0.43262876489931 0.4540536
TCGA-BP-4981-01 0.7440206 0.774377233333333 0.572956033333333 0.4581192
TCGA-CJ-4903-01 0.514888213569808 0.6444377 0.443111333333333 0.7048529
TCGA-CZ-5463-01 0.578097803864006 0.702353666666667 0.5921005 0.654871566666667
TCGA-B0-5707-01 0.569960596520563 0.590418517017563 0.722699833333333 0.608740230170897
TCGA-BP-4164-01 0.7830197 0.6762651 0.672183166666667 0.755041533333333
TCGA-B8-4148-01 0.391600466666667 0.492725533333333 0.391600466666667 0.478857226695315
TCGA-AK-3440-01 0.708717 0.935472766666667 0.893424 0.756919174144912
TCGA-BP-4960-01 0.3297815 0.5611212 0.393130233333333 0.414842266666667
TCGA-BP-5189-01 0.2957402 0.4679024 0.3927243 0.4232516
TCGA-CZ-5458-01 0.532898549938044 0.3341376 0.481109433333333 0.444906733333333
TCGA-B8-4153-01 0.3297815 0.715663566666667 0.608740230170897 0.629528233333333
TCGA-CZ-5988-01 0.4147256 0.5611212 0.5188256 0.5276429
TCGA-BP-4999-01 0.374164266666667 0.2859117 0.5435523 0.354805266666667
TCGA-AK-3427-01 0.650233933333333 0.774377233333333 0.885731666666667 0.664589966666667
TCGA-BP-4965-01 0.374164266666667 0.4679024 0.527693 0.893424
