abscnseq ascat estimate purbayes
TCGA-69-7978-01 0.2572183 0.174666863333333 0.212743933333333 0.251417094506254
TCGA-86-8668-01 0.413087333333333 0.380661966666667 0.334442266666667 0.5374583
TCGA-64-5815-01 0.413087333333333 0.367936566666667 0.232866866666667 0.340217533333333
TCGA-MN-A4N4-01 0.7946666 0.398719333333333 0.4321706 0.356152264202867
TCGA-J2-A4AE-01 0.282263933333333 0.505984466666667 0.505989266666667 0.314947966666667
TCGA-62-A46R-01 0.282263933333333 0.357026966666667 0.406379066666667 0.325423066666667
TCGA-97-7938-01 0.3505938 0.674605054511692 0.5374583 0.507950533333333
TCGA-55-8512-01 0.513043466666667 0.1876143 0.630956966666667 0.3405711
TCGA-05-5428-01 0.916087233333333 0.589582345624636 0.4491133 0.508129866666667
TCGA-64-1680-01 0.310525966666667 0.636254466666667 0.655915630548175 0.798569166666667
TCGA-49-4512-01 0.6309159 0.28860565127739 0.347787385549289 0.2836475
TCGA-78-7154-01 0.601568366666667 0.460752733333333 0.6746428 0.830584566666667
TCGA-55-8208-01 0.167652386666667 0.3461274 0.187651 0.180832633333333
TCGA-95-A4VK-01 0.704264833333333 0.357026966666667 0.537870533333333 0.450435233333333
TCGA-55-1595-01 0.662241566666667 0.5594431 0.419700533333333 0.402682633333333
TCGA-55-1596-01 0.641956466666667 0.625273739234554 0.662241566666667 0.637345966666667
TCGA-78-7147-01 0.568150833333333 0.589582345624636 0.641956466666667 0.477496866666667
TCGA-75-7025-01 0.310525966666667 0.314553633333333 0.361661066666667 0.4715987
TCGA-78-8660-01 0.296018433333333 0.3046715 0.3580006 0.289253433333333
TCGA-78-7153-01 0.662241566666667 0.5415594 0.6694527 0.5415594
TCGA-05-4395-01 0.615616466666667 0.674605054511692 0.553638370947711 0.589582345624636
TCGA-44-6778-01 0.5018821 0.252993366666667 0.205190478670646 0.373610733333333
TCGA-L9-A5IP-01 0.615616466666667 0.57666397206391 0.616122 0.579607935473246
TCGA-55-7283-01 0.361661066666667 0.437328566666667 0.507950533333333 0.297687128464554
TCGA-86-7711-01 0.361661066666667 0.3461274 0.342445434688098 0.346358533333333
TCGA-S2-AA1A-01 0.373253733333333 0.331210772311888 0.252993366666667 0.325261233333333
TCGA-86-8279-01 0.601568366666667 0.460752733333333 0.54547992054212 0.527601901296449
TCGA-91-6849-01 0.589061749766458 0.674605054511692 0.403969133333333 0.531195333333333
TCGA-55-6986-01 0.267524381775022 0.398719333333333 0.51354901717854 0.282263933333333
TCGA-44-2668-01 0.297687128464554 0.302045071391038 0.241392749972588 0.296127825339767
TCGA-50-5066-01 0.339244466666667 0.2116339 0.220235833333333 0.2887978
TCGA-55-8090-01 0.454531297547876 0.314553633333333 0.486543889213037 0.476615766666667
TCGA-62-A46U-01 0.267524381775022 0.241392749972588 0.2610932 0.290756833333333
TCGA-38-6178-01 0.475763133333333 0.367936566666667 0.5018821 0.750000033333333
TCGA-50-5935-01 0.475763133333333 0.674605054511692 0.432434766666667 0.4185956
TCGA-44-8119-01 0.563068029751432 0.481482125157055 0.3505938 0.461161901478028
TCGA-38-7271-01 0.167652386666667 0.418050533333333 0.171033563666377 0.169320733333333
TCGA-55-7816-01 0.244457784184407 0.248764297831187 0.198158633333333 0.243573403786463
TCGA-97-7941-01 0.2116339 0.398719333333333 0.491312128596055 0.257785766666667
TCGA-97-A4M6-01 0.339244466666667 0.460752733333333 0.304933633333333 0.340877333333333
TCGA-97-A4M5-01 0.302045071391038 0.252993366666667 0.3526355 0.243213333333333
TCGA-75-6214-01 0.580757257333632 0.448932897145436 0.750000033333333 0.636489733333333
TCGA-78-7536-01 0.741762433333333 0.761492633333333 0.571095566666667 0.655915630548175
TCGA-J2-8194-01 0.387319818669936 0.3461274 0.4715987 0.5931202
TCGA-49-AAR3-01 0.319594433333333 0.297687128464554 0.2572183 0.220271266666667
TCGA-78-7163-01 0.589061749766458 0.527601901296449 0.8327025 0.403969133333333
TCGA-62-8399-01 0.361661066666667 0.423550766666667 0.589061749766458 0.449276296027799
TCGA-86-8674-01 0.361661066666667 0.367936566666667 0.7946666 0.477081333333333
TCGA-NJ-A7XG-01 0.475763133333333 0.51354901717854 0.830294333333333 0.3638574
TCGA-49-4487-01 0.302045071391038 0.167652386666667 0.270117966666667 0.232596966666667
TCGA-69-7980-01 0.513043466666667 0.5594431 0.394791603197842 0.809191
TCGA-75-5146-01 0.535418642316305 0.579365733333333 0.437328566666667 0.4904195
TCGA-44-5644-01 0.750000033333333 0.798569166666667 0.809191 0.722072471367462
TCGA-44-2657-01 0.302045071391038 0.174666863333333 0.221134426666667 0.260310433333333
TCGA-53-7813-01 0.3505938 0.367936566666667 0.645450861914463 0.3525819
TCGA-55-8616-01 0.805479066666667 0.314553633333333 0.592361233333333 0.444537333333333
TCGA-67-6216-01 0.167652386666667 0.448932897145436 0.438558466666667 0.479735552687472
TCGA-49-AARR-01 0.247594033333333 0.333514061048476 0.3402462 0.346757815084736
TCGA-NJ-A4YG-01 0.328866333333333 0.28860565127739 0.401778633333333 0.263845821654671
TCGA-67-4679-01 0.522127 0.776944189312992 0.362120617931664 0.5973782
TCGA-MP-A4TH-01 0.475763133333333 0.2116339 0.32550109449255 0.3526355
TCGA-55-6712-01 0.302045071391038 0.3046715 0.296539233333333 0.244457784184407
TCGA-44-3917-01 0.3940129 0.457263596699064 0.527601901296449 0.418612733333333
TCGA-55-8620-01 0.5018821 0.5415594 0.653901866666667 0.542112440802901
TCGA-NJ-A55O-01 0.267524381775022 0.353459388524512 0.493026026942603 0.231528066666667
TCGA-55-8092-01 0.339244466666667 0.357026966666667 0.3461274 0.579622933333333
TCGA-44-2666-01 0.3505938 0.6096866 0.6586232 0.4670891
TCGA-53-A4EZ-01 0.4307298 0.398719333333333 0.733808266666667 0.493429766666667
TCGA-69-7764-01 0.589061749766458 0.589582345624636 0.589582345624636 0.779454466666667
TCGA-75-6212-01 0.219708933333333 0.2246169 0.357422533333333 0.258225533333333
TCGA-86-7713-01 0.692912873385685 0.636254466666667 0.800580766666667 0.657374133333333
TCGA-83-5908-01 0.282263933333333 0.1876143 0.3046715 0.3505938
TCGA-55-8205-01 0.267524381775022 0.174666863333333 0.23822996815372 0.339244466666667
TCGA-MP-A4TK-01 0.361661066666667 0.334442266666667 0.243213333333333 0.335694866666667
TCGA-97-8176-01 0.319594433333333 0.505984466666667 0.575958986416722 0.423550766666667
TCGA-55-7913-01 0.373253733333333 0.3461274 0.805479066666667 0.630956966666667
TCGA-55-8619-01 0.2572183 0.263845821654671 0.248090433333333 0.183019066666667
TCGA-55-7576-01 0.4904195 0.486543889213037 0.444675666666667 0.374623
TCGA-91-8499-01 0.741762433333333 0.754757311211321 0.5543103 0.650007625840338
TCGA-44-A47A-01 0.310525966666667 0.589582345624636 0.4133318 0.3636081
TCGA-55-6975-01 0.464529066666667 0.4715987 0.41888625089707 0.3461274
TCGA-44-2655-01 0.2572183 0.275051166666667 0.4931006 0.267524381775022
TCGA-55-A494-01 0.720588833333333 0.754757311211321 0.8555109 0.707862288356824
TCGA-49-4505-01 0.4307298 0.481482125157055 0.306717533333333 0.638228956482869
TCGA-86-6562-01 0.4904195 0.460752733333333 0.394096166666667 0.611669933333333
TCGA-86-7714-01 0.247594033333333 0.754757311211321 0.472118857606814 0.545587333333333
TCGA-97-7552-01 0.2116339 0.267524381775022 0.250897188204176 0.230704366666667
TCGA-91-8497-01 0.373253733333333 0.28860565127739 0.297687128464554 0.3815595
TCGA-64-5775-01 0.692912873385685 0.798569166666667 0.563068029751432 0.64707797868333
TCGA-91-6831-01 0.522127 0.4715987 0.3815595 0.460932034458399
TCGA-67-6215-01 0.626321333333333 0.5594431 0.601568366666667 0.552920666666667
TCGA-78-7161-01 0.704264833333333 0.786204666666667 0.708067995869776 0.674605054511692
TCGA-93-8067-01 0.585590019313239 0.575958986416722 0.663553366666667 0.575958986416722
TCGA-86-8280-01 0.282263933333333 0.4715987 0.283000433333333 0.240629627087624
TCGA-05-4432-01 0.413087333333333 0.448932897145436 0.476615766666667 0.585590019313239
TCGA-86-6851-01 0.3505938 0.448932897145436 0.260310433333333 0.367410744550314
TCGA-95-7043-01 0.765616166666667 0.776944189312992 0.755140433333333 0.696577911605437
TCGA-91-6836-01 0.653488133333333 0.6096866 0.7231359958486 0.617431181370719
TCGA-49-AAR4-01 0.167652386666667 0.285917333887924 0.331210772311888 0.216025733333333
TCGA-91-6840-01 0.6309159 0.625273739234554 0.54293674636538 0.465654533333333
TCGA-67-3774-01 0.4904195 0.4715987 0.402682633333333 0.4008446
TCGA-50-5933-01 0.310525966666667 0.314553633333333 0.233926790985964 0.296288766666667
TCGA-55-1592-01 0.727640766666667 0.486543889213037 0.496910666666667 0.800272133333333
TCGA-MP-A4TI-01 0.2572183 0.197748 0.183019066666667 0.232618433333333
TCGA-86-8585-01 0.4424904 0.28860565127739 0.357192933333333 0.403770966666667
TCGA-05-5425-01 0.339244466666667 0.589582345624636 0.305560833333333 0.363981633333333
TCGA-44-3396-01 0.2572183 0.28860565127739 0.2254996 0.239772556607368
TCGA-50-6673-01 0.4968579 0.3249629 0.477279466666667 0.506305533333333
TCGA-55-7574-01 0.2302281 0.241392749972588 0.220271266666667 0.2246169
TCGA-55-8505-01 0.267524381775022 0.334442266666667 0.6018504 0.3046715
TCGA-35-5375-01 0.6309159 0.423550766666667 0.4328892 0.493026026942603
TCGA-55-A492-01 0.475763133333333 0.714389914093252 0.627011345637988 0.4133318
TCGA-44-6774-01 0.319594433333333 0.448932897145436 0.231528066666667 0.353459388524512
TCGA-44-2661-01 0.339244466666667 0.3046715 0.193082566666667 0.464529066666667
TCGA-55-7727-01 0.319594433333333 0.3046715 0.482302266666667 0.389169166666667
TCGA-49-6743-01 0.267524381775022 0.2246169 0.450973088364321 0.304705066666667
TCGA-55-7914-01 0.3940129 0.6096866 0.500283836532096 0.464985933333333
TCGA-97-A4M1-01 0.3940129 0.197748 0.419942396190335 0.248194566666667
TCGA-50-6592-01 0.4424904 0.2116339 0.3405711 0.343044344077188
TCGA-97-8174-01 0.282263933333333 0.486543889213037 0.339244466666667 0.351908966666667
TCGA-95-7948-01 0.830294333333333 0.636254466666667 0.634668560738059 0.405516033333333
TCGA-91-8496-01 0.454531297547876 0.28860565127739 0.340217533333333 0.4491133
TCGA-55-7910-01 0.601568366666667 0.650007625840338 0.655632566666667 0.4328892
TCGA-38-4630-01 0.727640766666667 0.830294333333333 0.693075105170309 0.614555311402161
TCGA-86-8281-01 0.662241566666667 0.517505555169981 0.606348658084367 0.458503946064325
TCGA-91-7771-01 0.475763133333333 0.334442266666667 0.274950464517992 0.269723066666667
TCGA-MP-A5C7-01 0.720588833333333 0.904097733333333 0.816200833333333 0.704264833333333
TCGA-L4-A4E5-01 0.875072566666667 0.720588833333333 0.6770096 0.708524157726255
TCGA-50-5931-01 0.786204666666667 0.816200833333333 0.761492633333333 0.733808266666667
TCGA-55-A4DG-01 0.535418642316305 0.380661966666667 0.517505555169981 0.468518790874927
TCGA-64-1677-01 0.310525966666667 0.3249629 0.553688 0.431314166666667
TCGA-49-4506-01 0.328866333333333 0.1876143 0.4267209 0.334825066666667
TCGA-44-7667-01 0.4968579 0.606348658084367 0.692912873385685 0.741762433333333
TCGA-05-4389-01 0.4424904 0.437328566666667 0.4192838 0.636254466666667
TCGA-05-4420-01 0.535418642316305 0.579365733333333 0.644866183193932 0.563068029751432
TCGA-75-6203-01 0.373253733333333 0.2116339 0.232596966666667 0.2017682
TCGA-MP-A4SW-01 0.413087333333333 0.423550766666667 0.398719333333333 0.325079566666667
TCGA-62-8395-01 0.3940129 0.636254466666667 0.522127 0.4968579
TCGA-38-4629-01 0.6309159 0.505984466666667 0.243653433333333 0.6170547
TCGA-NJ-A55A-01 0.247594033333333 0.303897791270949 0.346358533333333 0.193082566666667
TCGA-44-A47G-01 0.201609966666667 0.23822996815372 0.2306584 0.198158633333333
TCGA-78-7166-01 0.413087333333333 0.650007625840338 0.6845206 0.507585566666667
TCGA-97-A4M3-01 0.5018821 0.707862288356824 0.6110861 0.580757257333632
TCGA-55-7725-01 0.3940129 0.692912873385685 0.375374033333333 0.4931006
TCGA-05-4244-01 0.3940129 0.4715987 0.5185360521513 0.460752733333333
TCGA-55-A493-01 0.167652386666667 0.197748 0.341699986274994 0.252993366666667
TCGA-78-7148-01 0.464529066666667 0.650007625840338 0.5931202 0.6018504
TCGA-44-7662-01 0.3940129 0.437328566666667 0.290111833333333 0.406005933333333
TCGA-NJ-A4YF-01 0.535418642316305 0.589582345624636 0.700426633333333 0.57666397206391
TCGA-97-A4LX-01 0.219708933333333 0.2246169 0.194092166666667 0.220027433333333
TCGA-55-A48X-01 0.201609966666667 0.252993366666667 0.3525819 0.270390233333333
TCGA-50-5051-01 0.662241566666667 0.527601901296449 0.696577911605437 0.653901866666667
TCGA-44-6144-01 0.3505938 0.517505555169981 0.419378933333333 0.454985466666667
TCGA-MP-A4TD-01 0.2302281 0.241392749972588 0.356152264202867 0.351310033333333
TCGA-78-7159-01 0.387319818669936 0.46811885970591 0.5799417 0.4317305
TCGA-NJ-A4YP-01 0.464529066666667 0.4715987 0.363981633333333 0.351935266666667
TCGA-62-A46O-01 0.7946666 0.830294333333333 0.9377674 0.6770096
TCGA-44-3398-01 0.201609966666667 0.367936566666667 0.226132666666667 0.197748
TCGA-MP-A4T9-01 0.219708933333333 0.31171411924367 0.376189533333333 0.2034414
TCGA-73-4666-01 0.4307298 0.460752733333333 0.340877333333333 0.653488133333333
TCGA-38-4631-01 0.535418642316305 0.367936566666667 0.617876368278844 0.492981576822175
TCGA-44-7661-01 0.219708933333333 0.3249629 0.263306283598355 0.268185629415848
TCGA-91-6828-01 0.596828155774087 0.458503946064325 0.305154266666667 0.448932897145436
TCGA-55-7281-01 0.4424904 0.3461274 0.278186933333333 0.4500644
TCGA-78-7539-01 0.464529066666667 0.5594431 0.389169166666667 0.433519033333333
TCGA-55-8085-01 0.6845206 0.5594431 0.418636966666667 0.54547992054212
TCGA-50-6590-01 0.413087333333333 0.2116339 0.303897791270949 0.571095566666667
TCGA-55-8615-01 0.653488133333333 0.589582345624636 0.720588833333333 0.507487133333333
TCGA-49-AARO-01 0.328866333333333 0.332578811685746 0.277603933333333 0.332578811685746
TCGA-86-8075-01 0.328866333333333 0.269723066666667 0.319594433333333 0.362148966666667
TCGA-62-A46Y-01 0.361661066666667 0.481482125157055 0.405516033333333 0.346236033333333
TCGA-44-2662-01 0.464529066666667 0.2246169 0.2703064 0.621701164916448
TCGA-J2-8192-01 0.319594433333333 0.357026966666667 0.2246169 0.3737906
TCGA-55-8301-01 0.4424904 0.241392749972588 0.239772556607368 0.3745892
TCGA-49-4488-01 0.601568366666667 0.437328566666667 0.4968579 0.528082433333333
TCGA-95-7562-01 0.575958986416722 0.486543889213037 0.505984466666667 0.517505555169981
TCGA-49-4514-01 0.319594433333333 0.3461274 0.579365733333333 0.315336033333333
TCGA-55-6543-01 0.23822996815372 0.650007625840338 0.4435771 0.529930533333333
TCGA-50-5049-01 0.267524381775022 0.1876143 0.167969046666667 0.276416833333333
TCGA-50-8459-01 0.387319818669936 0.3046715 0.18448309689361 0.285917333887924
TCGA-78-7146-01 0.6309159 0.707862288356824 0.650007625840338 0.8835161
TCGA-99-8033-01 0.475763133333333 0.28860565127739 0.466687387398655 0.347787385549289
TCGA-44-8117-01 0.615616466666667 0.625273739234554 0.529930533333333 0.805479066666667
TCGA-50-5946-02 0.819967566666667 0.585590019313239 0.383660766666667 0.592805299397366
TCGA-86-8076-01 0.302045071391038 0.275051166666667 0.307189133333333 0.248764297831187
TCGA-95-8494-01 0.4307298 0.460752733333333 0.530666996491435 0.334476333333333
TCGA-86-7954-01 0.513043466666667 0.3046715 0.315336033333333 0.277603933333333
TCGA-93-7347-01 0.302045071391038 0.357026966666667 0.2200658 0.247846
TCGA-05-5420-01 0.219708933333333 0.252993366666667 0.211986633333333 0.2040551
TCGA-71-8520-01 0.500283836532096 0.486543889213037 0.493429766666667 0.491312128596055
TCGA-97-7937-01 0.5527913 0.367936566666667 0.631824410232644 0.455646933333333
TCGA-05-5423-01 0.596828155774087 0.636254466666667 0.325066966666667 0.51354901717854
TCGA-73-4677-01 0.535418642316305 0.448932897145436 0.553529266666667 0.641956466666667
TCGA-55-6983-01 0.201609966666667 0.197748 0.333676930477647 0.305154266666667
TCGA-35-3615-01 0.5527913 0.674605054511692 0.569461166666667 0.5543103
TCGA-75-6211-01 0.361661066666667 0.398719333333333 0.6096866 0.409266366666667
TCGA-55-6980-01 0.2572183 0.252993366666667 0.278042033333333 0.2200658
TCGA-44-6145-01 0.167652386666667 0.398719333333333 0.2572454 0.304933633333333
TCGA-44-A4SU-01 0.339244466666667 0.527601901296449 0.526042179632508 0.382495833333333
TCGA-53-7626-01 0.282263933333333 0.252993366666667 0.247846 0.361661066666667
TCGA-05-4434-01 0.4307298 0.275051166666667 0.263845821654671 0.250897188204176
TCGA-95-7039-01 0.7946666 0.650007625840338 0.542968166666667 0.4267209
TCGA-78-8662-01 0.750000033333333 0.754757311211321 0.765616166666667 0.693075105170309
TCGA-J2-A4AD-01 0.3940129 0.357026966666667 0.700194066666667 0.477279466666667
TCGA-NJ-A4YQ-01 0.219708933333333 0.3249629 0.3111696 0.278891633333333
TCGA-97-8552-01 0.23822996815372 0.380661966666667 0.374623 0.322101521263019
TCGA-86-8671-01 0.2116339 0.171033563666377 0.1680138 0.171033563666377
TCGA-44-7660-01 0.916087233333333 0.741762433333333 0.636254466666667 0.805671633333333
TCGA-86-8073-01 0.319594433333333 0.398719333333333 0.465654533333333 0.342445434688098
TCGA-49-AAR2-01 0.5018821 0.525147083297538 0.579915233333333 0.572565982977586
TCGA-50-5942-01 0.3505938 0.798569166666667 0.525147083297538 0.517629633333333
TCGA-49-AARN-01 0.201609966666667 0.333676930477647 0.542734933333333 0.213991333333333
TCGA-91-A4BC-01 0.2302281 0.2246169 0.216025733333333 0.3197838
TCGA-44-3919-01 0.786204666666667 0.527601901296449 0.296425633333333 0.422798695089001
TCGA-44-7669-01 0.535418642316305 0.505984466666667 0.507585566666667 0.755140433333333
TCGA-69-8254-01 0.2572183 0.241392749972588 0.513043466666667 0.3892278
TCGA-75-5126-01 0.167652386666667 0.275051166666667 0.248764297831187 0.278186933333333
TCGA-50-6593-01 0.339244466666667 0.3046715 0.334825066666667 0.3111696
TCGA-86-8074-01 0.750000033333333 0.398719333333333 0.364392288467433 0.345625033470842
TCGA-05-4424-01 0.282263933333333 0.343044344077188 0.353459388524512 0.305560833333333
TCGA-86-A4D0-01 0.662241566666667 0.6096866 0.7466593 0.601568366666667
TCGA-97-A4M0-01 0.535418642316305 0.527601901296449 0.406005933333333 0.568150833333333
TCGA-MP-A4T4-01 0.247594033333333 0.275051166666667 0.251417094506254 0.2602785
TCGA-MP-A4T7-01 0.328866333333333 0.241392749972588 0.569834836544596 0.398719333333333
TCGA-49-4501-01 0.601568366666667 0.437328566666667 0.346236033333333 0.2306584
TCGA-69-7761-01 0.361661066666667 0.2116339 0.278891633333333 0.232866866666667
TCGA-55-8507-01 0.535418642316305 0.527601901296449 0.593463280337087 0.535418642316305
TCGA-73-4676-01 0.653488133333333 0.5415594 0.5415594 0.830294333333333
TCGA-05-4418-01 0.267524381775022 0.486543889213037 0.4008446 0.8327025
TCGA-62-A46V-01 0.3940129 0.527601901296449 0.4317305 0.438558466666667
TCGA-50-5939-01 0.3940129 0.380661966666667 0.334476333333333 0.307189133333333
TCGA-4B-A93V-01 0.641956466666667 0.589061749766458 0.637345966666667 0.597731359894419
TCGA-64-1676-01 0.522127 0.3461274 0.285917333887924 0.789803366666667
TCGA-55-8094-01 0.750000033333333 0.786204666666667 0.916087233333333 0.734954709576602
TCGA-91-6848-01 0.3505938 0.252993366666667 0.2574317 0.426712
TCGA-78-7150-01 0.4424904 0.460752733333333 0.64707797868333 0.497066247597105
TCGA-55-8621-01 0.167652386666667 0.239772556607368 0.220027433333333 0.241392749972588
TCGA-73-7498-01 0.373253733333333 0.707862288356824 0.454985466666667 0.505984466666667
TCGA-55-6971-01 0.3940129 0.2246169 0.2428908 0.3254897
TCGA-50-6597-01 0.5527913 0.650007625840338 0.460932034458399 0.432434766666667
TCGA-91-6847-01 0.714389914093252 0.798569166666667 0.904097733333333 0.732172262044997
TCGA-62-A470-01 0.5527913 0.5527913 0.653488133333333 0.816200833333333
TCGA-L9-A443-01 0.535418642316305 0.5415594 0.477081333333333 0.449916
TCGA-55-7573-01 0.373253733333333 0.28860565127739 0.3697295 0.377452669966144
TCGA-49-4494-01 0.267524381775022 0.269723066666667 0.492981576822175 0.3940129
TCGA-05-4382-01 0.296018433333333 0.377452669966144 0.243573403786463 0.579915233333333
TCGA-55-8511-01 0.373253733333333 0.357026966666667 0.3249629 0.334442266666667
TCGA-69-7974-01 0.267524381775022 0.275051166666667 0.314947966666667 0.7466593
TCGA-05-4402-01 0.4307298 0.418050533333333 0.431314166666667 0.4435771
TCGA-55-6968-01 0.464529066666667 0.650007625840338 0.444537333333333 0.526042179632508
TCGA-50-6594-01 0.641956466666667 0.636254466666667 0.585590019313239 0.596828155774087
TCGA-55-7227-01 0.373032293006769 0.423550766666667 0.282574333333333 0.387319818669936
TCGA-50-5044-01 0.387319818669936 0.418050533333333 0.409266366666667 0.226132666666667
TCGA-49-AAR0-01 0.319594433333333 0.356152264202867 0.418050533333333 0.276834333333333
TCGA-53-7624-01 0.904097733333333 0.692912873385685 0.696432233333333 0.7231359958486
TCGA-05-4426-01 0.653488133333333 0.732172262044997 0.569234766666667 0.5535155
TCGA-05-4398-01 0.601568366666667 0.3046715 0.339529666666667 0.419942396190335
TCGA-93-A4JP-01 0.439038349563735 0.422798695089001 0.373253733333333 0.41888625089707
TCGA-73-4662-01 0.4904195 0.505984466666667 0.3638574 0.6694527
TCGA-86-8056-01 0.339244466666667 0.5594431 0.442571766666667 0.4719667
TCGA-35-4122-01 0.23822996815372 0.1876143 0.232169766666667 0.243653433333333
TCGA-55-8508-01 0.339244466666667 0.3461274 0.485757459770977 0.418636966666667
TCGA-86-A4P8-01 0.296018433333333 0.275051166666667 0.193165333333333 0.233926790985964
TCGA-69-7979-01 0.625273739234554 0.720588833333333 0.626321333333333 0.617876368278844
TCGA-50-5936-01 0.522127 0.437328566666667 0.477496866666667 0.485757459770977
TCGA-44-6146-01 0.692912873385685 0.720588833333333 0.805671633333333 0.569461166666667
TCGA-99-AA5R-01 0.167652386666667 0.205190478670646 0.2040551 0.167652386666667
TCGA-73-A9RS-01 0.786204666666667 0.634668560738059 0.734426266666667 0.513043466666667
TCGA-44-2665-01 0.347787385549289 0.345625033470842 0.2836475 0.362120617931664
TCGA-44-6777-01 0.454531297547876 0.2246169 0.169320733333333 0.261345733333333
TCGA-78-7160-01 0.267524381775022 0.28860565127739 0.289253433333333 0.2610932
TCGA-L4-A4E6-01 0.247594033333333 0.380661966666667 0.203674533333333 0.174666863333333
TCGA-50-6591-01 0.809191 0.8835161 0.843526566666667 0.776944189312992
TCGA-L9-A444-01 0.361661066666667 0.437328566666667 0.240629627087624 0.601789666666667
TCGA-69-7760-01 0.727640766666667 0.6096866 0.734954709576602 0.644866183193932
TCGA-49-4490-01 0.361661066666667 0.2116339 0.506305533333333 0.271226366666667
TCGA-55-8513-01 0.373253733333333 0.3249629 0.292099366666667 0.174788476666667
TCGA-50-5055-01 0.373253733333333 0.240629627087624 0.174788476666667 0.18448309689361
TCGA-95-7567-01 0.475763133333333 0.5415594 0.46811885970591 0.352603633333333
TCGA-75-7027-01 0.816200833333333 0.5527913 0.5594431 0.8555109
TCGA-55-8091-01 0.361661066666667 0.527601901296449 0.276834333333333 0.5093073
TCGA-64-5781-01 0.2572183 0.2246169 0.362148966666667 0.376189533333333
TCGA-55-A490-01 0.522127 0.527601901296449 0.4912837 0.904097733333333
TCGA-44-6779-01 0.475763133333333 0.418050533333333 0.259513233333333 0.537870533333333
TCGA-86-8672-01 0.4424904 0.3249629 0.325423066666667 0.331210772311888
TCGA-97-7546-01 0.373253733333333 0.589582345624636 0.314553633333333 0.4329243
TCGA-86-7953-01 0.475763133333333 0.5594431 0.376286466666667 0.283000433333333
TCGA-64-1679-01 0.339244466666667 0.197748 0.325261233333333 0.357422533333333
TCGA-62-A472-01 0.3940129 0.380661966666667 0.5373684 0.4424904
TCGA-55-7815-01 0.2302281 0.252993366666667 0.2962433 0.306717533333333
TCGA-86-8278-01 0.267524381775022 0.579365733333333 0.4307298 0.243014433333333
TCGA-55-6987-01 0.219708933333333 0.174666863333333 0.213991333333333 0.220235833333333
TCGA-75-7031-01 0.662241566666667 0.4715987 0.517629633333333 0.439038349563735
TCGA-97-8175-01 0.3505938 0.4715987 0.4670891 0.373253733333333
TCGA-67-3770-01 0.5018821 0.505984466666667 0.4185956 0.472118857606814
TCGA-MN-A4N5-01 0.464529066666667 0.398719333333333 0.536909366666667 0.401778633333333
TCGA-86-8358-01 0.750000033333333 0.6096866 0.704264833333333 0.644792376945485
TCGA-86-8055-01 0.720588833333333 0.2116339 0.304705066666667 0.506298633333333
TCGA-05-4384-01 0.282263933333333 0.486543889213037 0.481482125157055 0.419700533333333
TCGA-95-7944-01 0.4307298 0.418050533333333 0.3197838 0.380661966666667
TCGA-50-5066-02 0.513043466666667 0.380661966666667 0.531195333333333 0.466687387398655
TCGA-62-8398-01 0.413087333333333 0.448932897145436 0.509613366666667 0.454531297547876
TCGA-78-7162-01 0.247594033333333 0.275051166666667 0.367936566666667 0.23822996815372
TCGA-44-5645-01 0.601568366666667 0.5415594 0.322101521263019 0.496910666666667
TCGA-73-4670-01 0.7946666 0.650007625840338 0.572565982977586 0.916087233333333
TCGA-78-7537-01 0.4307298 0.5527913 0.545587333333333 0.6111353
TCGA-05-4249-01 0.3940129 0.4715987 0.449916 0.542734933333333
TCGA-55-7995-01 0.4904195 0.517505555169981 0.325079566666667 0.843526566666667
TCGA-44-A47B-01 0.4968579 0.6096866 0.507487133333333 0.481549066666667
TCGA-55-A4DF-01 0.464529066666667 0.367936566666667 0.464985933333333 0.7574626
TCGA-49-6744-01 0.167652386666667 0.357026966666667 0.2302281 0.2254996
TCGA-55-7570-01 0.5527913 0.636254466666667 0.789803366666667 0.604439713860239
TCGA-44-2656-01 0.328866333333333 0.241392749972588 0.232618433333333 0.28860565127739
TCGA-69-7763-01 0.535418642316305 0.367936566666667 0.4013789 0.321010888746035
TCGA-62-8394-01 0.575958986416722 0.448932897145436 0.5973782 0.263306283598355
TCGA-49-4486-01 0.662241566666667 0.798569166666667 0.791142333333333 0.6309159
TCGA-91-6835-01 0.2116339 0.1876143 0.201609966666667 0.203674533333333
TCGA-69-7765-01 0.2572183 0.423550766666667 0.28860565127739 0.319594433333333
TCGA-95-7947-01 0.8555109 0.732172262044997 0.601789666666667 0.684875661681373
TCGA-86-A4JF-01 0.247594033333333 0.398719333333333 0.4719667 0.333514061048476
TCGA-MN-A4N1-01 0.614555311402161 0.527601901296449 0.714389914093252 0.700692533333333
TCGA-93-A4JN-01 0.219708933333333 0.3046715 0.461161901478028 0.325066966666667
TCGA-75-6205-01 0.3505938 0.167652386666667 0.180832633333333 0.194092166666667
TCGA-75-6206-01 0.8835161 0.625273739234554 0.478125733333333 0.497647666666667
TCGA-49-AAR9-01 0.638228956482869 0.64707797868333 0.776944189312992 0.655632566666667
TCGA-55-8204-01 0.310525966666667 0.197748 0.475763133333333 0.310785833333333
TCGA-MP-A4TJ-01 0.2116339 0.3249629 0.197748 0.253782433333333
TCGA-44-A4SS-01 0.319594433333333 0.28860565127739 0.2922584 0.275051166666667
TCGA-49-6767-01 0.522127 0.314553633333333 0.479735552687472 0.4183328
TCGA-91-6829-01 0.4424904 0.357026966666667 0.3902946 0.7561576
TCGA-62-A46S-01 0.575958986416722 0.505984466666667 0.5535155 0.482302266666667
TCGA-97-8177-01 0.4307298 0.398719333333333 0.2602785 0.4432177
TCGA-78-8648-01 0.167652386666667 0.28860565127739 0.167652386666667 0.167969046666667
TCGA-62-A46P-01 0.5527913 0.720588833333333 0.644792376945485 0.5913334
TCGA-97-7547-01 0.568150833333333 0.625273739234554 0.497066247597105 0.475763133333333
TCGA-05-4425-01 0.454531297547876 0.692912873385685 0.31171411924367 0.457263596699064
TCGA-97-7553-01 0.2302281 0.269723066666667 0.2116339 0.296018433333333
TCGA-86-8054-01 0.750000033333333 0.741762433333333 0.754757311211321 0.677022728151783
TCGA-80-5608-01 0.563068029751432 0.423550766666667 0.625273739234554 0.5185360521513
TCGA-64-1678-01 0.662241566666667 0.589582345624636 0.7574626 0.627011345637988
TCGA-55-6979-01 0.23822996815372 0.334442266666667 0.2017682 0.2572454
TCGA-50-8457-01 0.296018433333333 0.423550766666667 0.276416833333333 0.2962433
TCGA-55-6985-01 0.247594033333333 0.2116339 0.3254897 0.3249629
TCGA-86-8359-01 0.387319818669936 0.367936566666667 0.450435233333333 0.6845206
TCGA-67-3771-01 0.575958986416722 0.460752733333333 0.382495833333333 0.472371963175696
TCGA-55-1594-01 0.575958986416722 0.5415594 0.597731359894419 0.819967566666667
TCGA-91-A4BD-01 0.310525966666667 0.6096866 0.464770533333333 0.4321706
TCGA-55-7911-01 0.2302281 0.2116339 0.367410744550314 0.31171411924367
TCGA-L9-A8F4-01 0.4307298 0.414103321229846 0.352603633333333 0.376286466666667
TCGA-55-7907-01 0.413087333333333 0.437328566666667 0.373833933333333 0.4307298
TCGA-67-6217-01 0.454531297547876 0.5527913 0.3809391 0.631964466666667
TCGA-99-7458-01 0.296018433333333 0.334442266666667 0.271226366666667 0.328866333333333
TCGA-50-8460-01 0.2116339 0.241392749972588 0.346757815084736 0.333676930477647
TCGA-44-7670-01 0.572565982977586 0.486543889213037 0.779454466666667 0.536909366666667
TCGA-73-4658-01 0.201609966666667 0.167652386666667 0.2034414 0.216192866666667
TCGA-49-AAQV-01 0.2302281 0.343719993861788 0.535418642316305 0.2116339
TCGA-55-6969-01 0.282263933333333 0.2116339 0.267524381775022 0.296425633333333
TCGA-55-8510-01 0.2572183 0.3461274 0.270390233333333 0.367936566666667
TCGA-O1-A52J-01 0.522127 0.505984466666667 0.458503946064325 0.626321333333333
TCGA-55-7994-01 0.589061749766458 0.517505555169981 0.3892278 0.500283836532096
TCGA-50-5941-01 0.5018821 0.2246169 0.244457784184407 0.259513233333333
TCGA-78-8655-01 0.5018821 0.674605054511692 0.380661966666667 0.5636828
TCGA-55-7903-01 0.568150833333333 0.732172262044997 0.531822133333333 0.553529266666667
TCGA-71-6725-01 0.601568366666667 0.625273739234554 0.700692533333333 0.786204666666667
TCGA-44-7659-01 0.727640766666667 0.418050533333333 0.579607935473246 0.553638370947711
TCGA-MP-A4TE-01 0.575958986416722 0.732172262044997 0.819967566666667 0.645450861914463
TCGA-50-5932-01 0.843526566666667 0.875072566666667 0.684875661681373 0.700194066666667
TCGA-86-A4P7-01 0.219708933333333 0.274950464517992 0.306559966666667 0.1978609
TCGA-44-2659-01 0.5018821 0.460752733333333 0.321010888746035 0.592361233333333
TCGA-55-A48Z-01 0.413087333333333 0.448932897145436 0.3737906 0.373032293006769
TCGA-49-AARQ-01 0.475763133333333 0.514562042130303 0.6170547 0.5018821
TCGA-05-4430-01 0.361661066666667 0.275051166666667 0.269985733333333 0.2572183
TCGA-05-4433-01 0.727640766666667 0.5594431 0.413087333333333 0.450631866666667
TCGA-64-5774-01 0.727640766666667 0.786204666666667 0.745599433333333 0.692912873385685
TCGA-62-A471-01 0.4424904 0.423550766666667 0.786204666666667 0.615616466666667
TCGA-97-A4M7-01 0.23822996815372 0.241392749972588 0.310525966666667 0.316715170593087
TCGA-MP-A4SY-01 0.267524381775022 0.334442266666667 0.4649076 0.232169766666667
TCGA-NJ-A4YI-01 0.589061749766458 0.527601901296449 0.464529066666667 0.5594431
TCGA-05-4397-01 0.765616166666667 0.741762433333333 0.615616466666667 0.700426633333333
TCGA-50-5944-01 0.5018821 0.650007625840338 0.418612733333333 0.765616166666667
TCGA-55-8614-01 0.454531297547876 0.28860565127739 0.543978 0.398982133333333
TCGA-50-5930-01 0.3940129 0.394791603197842 0.343044344077188 0.3746451
TCGA-86-A456-01 0.167652386666667 0.3461274 0.373610733333333 0.290111833333333
TCGA-75-5122-01 0.522127 0.3046715 0.181396833333333 0.2302281
TCGA-49-6742-01 0.5527913 0.486543889213037 0.7457185 0.616122
TCGA-78-8640-01 0.454531297547876 0.3046715 0.611669933333333 0.383660766666667
TCGA-86-8669-01 0.513043466666667 0.5527913 0.514562042130303 0.525147083297538
TCGA-93-A4JO-01 0.167652386666667 0.268185629415848 0.282263933333333 0.201609966666667
TCGA-78-7158-01 0.513043466666667 0.916087233333333 0.677022728151783 0.696432233333333
TCGA-05-4390-01 0.6309159 0.579365733333333 0.5636828 0.570542584810303
TCGA-97-8547-01 0.4968579 0.505984466666667 0.345625033470842 0.430999266666667
TCGA-44-7671-01 0.568150833333333 0.6096866 0.604439713860239 0.800580766666667
TCGA-L9-A50W-01 0.568150833333333 0.526042179632508 0.552920666666667 0.5373684
TCGA-38-4632-01 0.3940129 0.3461274 0.351908966666667 0.394791603197842
TCGA-55-8089-01 0.413087333333333 0.3046715 0.216192866666667 0.2913736
TCGA-55-A57B-01 0.282263933333333 0.364392288467433 0.422798695089001 0.325211533333333
TCGA-L9-A743-01 0.23822996815372 0.263306283598355 0.257785766666667 0.187651
TCGA-78-7220-01 0.575958986416722 0.418050533333333 0.754898833333333 0.54293674636538
TCGA-44-7672-01 0.4904195 0.314553633333333 0.219708933333333 0.274950464517992
TCGA-73-4659-01 0.319594433333333 0.334442266666667 0.4329243 0.419378933333333
TCGA-55-6982-01 0.339244466666667 0.1876143 0.325211533333333 0.2428908
TCGA-55-8207-01 0.704264833333333 0.589582345624636 0.302045071391038 0.530666996491435
TCGA-38-4628-01 0.626321333333333 0.486543889213037 0.439038349563735 0.2574317
TCGA-67-3772-01 0.3505938 0.448932897145436 0.310553266666667 0.364392288467433
TCGA-97-A4M2-01 0.167652386666667 0.250897188204176 0.269723066666667 0.1876143
TCGA-64-5779-01 0.522127 0.486543889213037 0.4424904 0.464770533333333
TCGA-44-A47F-01 0.339244466666667 0.380661966666667 0.351310033333333 0.375374033333333
TCGA-MP-A4T8-01 0.535418642316305 0.5527913 0.621701164916448 0.505989266666667
TCGA-73-4668-01 0.535418642316305 0.486543889213037 0.579622933333333 0.720588833333333
TCGA-69-A59K-01 0.464529066666667 0.380661966666667 0.5225887 0.754898833333333
TCGA-49-4507-01 0.596828155774087 0.380661966666667 0.403770966666667 0.357026966666667
TCGA-05-4396-01 0.750000033333333 0.754757311211321 0.720674633333333 0.664416666666667
TCGA-55-8514-01 0.522127 0.527601901296449 0.570542584810303 0.761492633333333
TCGA-95-A4VP-01 0.475763133333333 0.3461274 0.398982133333333 0.589061749766458
TCGA-MP-A4SV-01 0.302045071391038 0.252993366666667 0.4183328 0.531822133333333
TCGA-55-8203-01 0.319594433333333 0.5594431 0.449276296027799 0.444675666666667
TCGA-55-A48Y-01 0.302045071391038 0.357026966666667 0.4432177 0.310553266666667
TCGA-50-7109-01 0.535418642316305 0.460752733333333 0.460752733333333 0.720674633333333
TCGA-69-8253-01 0.464529066666667 0.28860565127739 0.6111353 0.389735066666667
TCGA-J2-A4AG-01 0.247594033333333 0.321010888746035 0.333514061048476 0.2703064
TCGA-MP-A4TF-01 0.328866333333333 0.269723066666667 0.708524157726255 0.3636311
TCGA-55-7724-01 0.167652386666667 0.9377674 0.2887978 0.193165333333333
TCGA-MP-A4T2-01 0.296018433333333 0.5415594 0.3636081 0.3402462
TCGA-05-5429-01 0.328866333333333 0.650007625840338 0.631964466666667 0.339529666666667
TCGA-50-5946-01 0.4307298 0.621701164916448 0.800272133333333 0.791142333333333
TCGA-05-5715-01 0.704264833333333 0.816200833333333 0.387319818669936 0.553688
TCGA-80-5607-01 0.328866333333333 0.334442266666667 0.457263596699064 0.466097933333333
TCGA-38-4627-01 0.267524381775022 0.233926790985964 0.192839433333333 0.205190478670646
TCGA-78-7155-01 0.805479066666667 0.843526566666667 0.830584566666667 0.754757311211321
TCGA-55-8299-01 0.167652386666667 0.486543889213037 0.1978609 0.303897791270949
TCGA-55-5899-01 0.653488133333333 0.720588833333333 0.472371963175696 0.593463280337087
TCGA-64-5778-01 0.4424904 0.423550766666667 0.3636311 0.514562042130303
TCGA-55-7728-01 0.282263933333333 0.4715987 0.2913736 0.2897539
TCGA-50-5045-01 0.2302281 0.241392749972588 0.1876143 0.270117966666667
TCGA-55-8097-01 0.3505938 0.625273739234554 0.4904195 0.543978
TCGA-49-6761-01 0.282263933333333 0.252993366666667 0.448932897145436 0.310525966666667
TCGA-05-4405-01 0.464529066666667 0.275051166666667 0.351935266666667 0.481532433333333
TCGA-55-8206-01 0.413087333333333 0.418050533333333 0.290756833333333 0.2922584
TCGA-67-3773-01 0.641956466666667 0.505984466666667 0.2968026 0.481482125157055
TCGA-50-5068-01 0.2572183 0.423550766666667 0.248194566666667 0.269985733333333
TCGA-86-7701-01 0.4424904 0.448932897145436 0.296288766666667 0.6746428
TCGA-99-8032-01 0.413087333333333 0.28860565127739 0.454531297547876 0.46811885970591
TCGA-97-7554-01 0.3505938 0.252993366666667 0.328866333333333 0.535651533333333
TCGA-86-7955-01 0.700194066666667 0.761492633333333 0.8835161 0.714389914093252
TCGA-55-8087-01 0.475763133333333 0.830294333333333 0.592805299397366 0.663553366666667
TCGA-69-7973-01 0.653488133333333 0.579365733333333 0.6309159 0.579365733333333
TCGA-44-6775-01 0.282263933333333 0.423550766666667 0.243014433333333 0.4013789
TCGA-55-6981-01 0.413087333333333 0.2116339 0.568150833333333 0.212743933333333
TCGA-44-6776-01 0.5018821 0.692912873385685 0.732172262044997 0.522127
TCGA-95-8039-01 0.2572183 0.252993366666667 0.3745892 0.406379066666667
TCGA-62-8402-01 0.568150833333333 0.367936566666667 0.506298633333333 0.875072566666667
TCGA-05-4250-01 0.4904195 0.460752733333333 0.362348166666667 0.727974649495971
TCGA-55-A491-01 0.454531297547876 0.2246169 0.3940129 0.4082998
TCGA-38-4625-01 0.373253733333333 0.479735552687472 0.450631866666667 0.606348658084367
TCGA-55-6642-01 0.373253733333333 0.275051166666667 0.268185629415848 0.357192933333333
TCGA-55-7726-01 0.23822996815372 0.241392749972588 0.357026966666667 0.302045071391038
TCGA-78-7542-01 0.464529066666667 0.334442266666667 0.707862288356824 0.7457185
TCGA-44-5643-01 0.700194066666667 0.636254466666667 0.664416666666667 0.631824410232644
TCGA-05-4415-01 0.641956466666667 0.650007625840338 0.722072471367462 0.634668560738059
TCGA-NJ-A55R-01 0.310525966666667 0.398719333333333 0.674605054511692 0.373833933333333
TCGA-05-4422-01 0.615616466666667 0.692912873385685 0.466097933333333 0.569834836544596
TCGA-50-5072-01 0.282263933333333 0.380661966666667 0.5913334 0.442571766666667
TCGA-73-4675-01 0.641956466666667 0.589582345624636 0.497647666666667 0.221134426666667
TCGA-80-5611-01 0.615616466666667 0.5527913 0.414103321229846 0.4912837
TCGA-MP-A4TC-01 0.296018433333333 0.342445434688098 0.296127825339767 0.3697295
TCGA-38-4626-01 0.167652386666667 0.223844946026427 0.232828933333333 0.181396833333333
TCGA-97-8179-01 0.589061749766458 0.334442266666667 0.580757257333632 0.486543889213037
TCGA-44-6147-01 0.319594433333333 0.367936566666667 0.261345733333333 0.509613366666667
TCGA-75-5147-01 0.6309159 0.423550766666667 0.389735066666667 0.343719993861788
TCGA-78-7167-01 0.741762433333333 0.798569166666667 0.741762433333333 0.414103321229846
TCGA-L9-A7SV-01 0.830294333333333 0.727974649495971 0.7561576 0.708067995869776
TCGA-99-8025-01 0.4424904 0.380661966666667 0.57666397206391 0.450973088364321
TCGA-55-8096-01 0.302045071391038 0.197748 0.310785833333333 0.306559966666667
TCGA-75-5125-01 0.339244466666667 0.398719333333333 0.335694866666667 0.341699986274994
TCGA-78-7156-01 0.830294333333333 0.8555109 0.727974649495971 0.662241566666667
TCGA-55-7284-01 0.2572183 0.2246169 0.377452669966144 0.314553633333333
TCGA-44-6148-01 0.282263933333333 0.341699986274994 0.423550766666667 0.232828933333333
TCGA-75-7030-01 0.219708933333333 0.269723066666667 0.296018433333333 0.1680138
TCGA-MP-A4T6-01 0.6309159 0.505984466666667 0.614555311402161 0.2968026
TCGA-86-8673-01 0.373253733333333 0.367936566666667 0.508129866666667 0.3809391
TCGA-62-8397-01 0.6845206 0.486543889213037 0.481532433333333 0.6096866
TCGA-55-8302-01 0.267524381775022 0.418050533333333 0.535651533333333 0.6586232
TCGA-99-8028-01 0.167652386666667 0.18448309689361 0.174666863333333 0.188360066666667
TCGA-95-A4VN-01 0.2302281 0.269723066666667 0.316715170593087 0.2829652
TCGA-05-4410-01 0.339244466666667 0.174666863333333 0.3746451 0.3580006
TCGA-69-8255-01 0.373253733333333 0.380661966666667 0.5093073 0.4192838
TCGA-78-7145-01 0.601568366666667 0.692912873385685 0.528082433333333 0.569234766666667
TCGA-55-6978-01 0.339244466666667 0.28860565127739 0.188360066666667 0.248090433333333
TCGA-44-8120-01 0.373253733333333 0.5594431 0.4500644 0.437328566666667
TCGA-55-6970-01 0.3940129 0.275051166666667 0.430999266666667 0.625273739234554
TCGA-44-4112-01 0.700194066666667 0.398719333333333 0.3906238 0.5225887
TCGA-49-6745-01 0.413087333333333 0.3249629 0.2897539 0.262488852749534
TCGA-44-3918-01 0.316715170593087 0.322101521263019 0.258225533333333 0.32550109449255
TCGA-78-7152-01 0.302045071391038 0.6096866 0.468518790874927 0.4649076
TCGA-49-AARE-01 0.4424904 0.468518790874927 0.542112440802901 0.418050533333333
TCGA-49-4510-01 0.692912873385685 0.692912873385685 0.596828155774087 0.292099366666667
TCGA-38-A44F-01 0.167652386666667 0.262488852749534 0.275051166666667 0.192839433333333
TCGA-05-4403-01 0.413087333333333 0.481482125157055 0.373032293006769 0.413087333333333
TCGA-55-8506-01 0.464529066666667 0.418050533333333 0.481549066666667 0.5527913
TCGA-05-4417-01 0.413087333333333 0.357026966666667 0.230704366666667 0.394096166666667
TCGA-78-7535-01 0.765616166666667 0.589582345624636 0.433519033333333 0.542968166666667
TCGA-50-6595-01 0.387319818669936 0.2246169 0.2829652 0.223844946026427
TCGA-78-7540-01 0.4424904 0.589582345624636 0.638228956482869 0.478125733333333
TCGA-78-7149-01 0.5527913 0.579365733333333 0.617431181370719 0.734426266666667
TCGA-55-6972-01 0.741762433333333 0.741762433333333 0.875072566666667 0.7946666
TCGA-64-1681-01 0.413087333333333 0.357026966666667 0.426712 0.727640766666667
TCGA-78-7633-01 0.589061749766458 0.786204666666667 0.727640766666667 0.6110861
TCGA-97-8171-01 0.720588833333333 0.692912873385685 0.798569166666667 0.745599433333333
TCGA-MP-A4TA-01 0.23822996815372 0.367410744550314 0.5527913 0.296539233333333
TCGA-73-7499-01 0.3505938 0.517505555169981 0.343719993861788 0.278042033333333
TCGA-97-8172-01 0.373253733333333 0.3249629 0.262488852749534 0.3906238
TCGA-05-4427-01 0.464529066666667 0.437328566666667 0.455646933333333 0.9377674
TCGA-44-A479-01 0.267524381775022 0.167652386666667 0.223844946026427 0.282574333333333
TCGA-93-7348-01 0.2302281 0.197748 0.4082998 0.247594033333333
TCGA-93-A4JQ-01 0.167652386666667 0.251417094506254 0.253782433333333 0.219708933333333
TCGA-91-6830-01 0.167652386666667 0.28860565127739 0.332578811685746 0.211986633333333
TCGA-75-6207-01 0.615616466666667 0.741762433333333 0.636489733333333 0.5799417
TCGA-55-6984-01 0.5018821 0.485757459770977 0.657374133333333 0.3902946
TCGA-35-4123-01 0.23822996815372 0.398719333333333 0.247594033333333 0.362348166666667
