abscnseq ascat estimate purbayes
TCGA-S9-A7R1-01 0.576129584372785 0.660757101044351 0.847123533333333 0.761289566666667
TCGA-P5-A737-01 0.834536 0.752434766666667 0.752434766666667 0.8022196
TCGA-DU-7309-01 0.352265466666667 0.5178546 0.652151566666667 0.660757101044351
TCGA-P5-A77X-01 0.627969004708605 0.752434766666667 0.585423044317758 0.513516866666667
TCGA-S9-A6U2-01 0.688271738648898 0.6423887520327 0.658750952347121 0.591586247838617
TCGA-DB-5276-01 0.5342766 0.3273264 0.408932533333333 0.428854233333333
TCGA-HT-7676-01 0.805843466666667 0.842296166666667 0.453816565326774 0.834536
TCGA-DB-5280-01 0.5826091 0.8610293 0.675460484260569 0.7936363
TCGA-CS-6188-01 0.568016533333333 0.603229166666667 0.459385 0.5457897
TCGA-FG-5963-01 0.258639666666667 0.3273264 0.309799433333333 0.422659745756195
TCGA-FG-A4MW-01 0.634532566666667 0.6298142 0.652072066666667 0.546062766666667
TCGA-HT-8114-01 0.542254002840921 0.511217033333333 0.3662541 0.694906933333333
TCGA-FG-A711-01 0.672668234798975 0.658523177372829 0.757473963365989 0.624361761582651
TCGA-HT-7474-01 0.553429551739657 0.3662541 0.749941770079317 0.450012
TCGA-DU-A5TU-01 0.740260880276506 0.5919453 0.402199633333333 0.708901398163738
TCGA-DB-A4XG-01 0.640248922782197 0.726915566666667 0.598615437922633 0.624196873030075
TCGA-P5-A780-01 0.627969004708605 0.459385 0.562042166666667 0.385140433333333
TCGA-DU-A7TC-01 0.521917733333333 0.653845448824158 0.779985333333333 0.823662666666667
TCGA-HW-7489-01 0.352265466666667 0.4262206 0.7170816 0.942583
TCGA-HT-7873-01 0.966088166666667 0.6616339 0.640248922782197 0.711378346995799
TCGA-DU-8158-01 0.568016533333333 0.299643166666667 0.3446994 0.489360832997473
TCGA-VM-A8CH-01 0.448264320919895 0.591690685761083 0.548096933333333 0.777526308442953
TCGA-DU-7292-01 0.640248922782197 0.408320433333333 0.736118133333333 0.546084515623525
TCGA-HT-7480-01 0.508475399270746 0.675792092621845 0.8188715 0.33576
TCGA-S9-A7IZ-01 0.4631571 0.553517099514215 0.586407527060474 0.583292033333333
TCGA-E1-A7YV-01 0.698303566666667 0.688730897649442 0.8429438 0.668189654565023
TCGA-DB-A4XC-01 0.5826091 0.561836066666667 0.5826091 0.4333716
TCGA-DB-A64W-01 0.740260880276506 0.842296166666667 0.651818766666667 0.702262860958554
TCGA-HT-7608-01 0.6497969 0.7437617 0.614168266666667 0.546654566666667
TCGA-CS-6669-01 0.698303566666667 0.453816565326774 0.512499566666667 0.18059449
TCGA-E1-A7YE-01 0.5826091 0.555010596116215 0.325288154807696 0.656661790657042
TCGA-WH-A86K-01 0.521917733333333 0.569496403587887 0.6357218 0.572087669970988
TCGA-DB-A64R-01 0.847123533333333 0.800560966666667 0.8798778 0.741361113348766
TCGA-FG-8181-01 0.770082666666667 0.6298142 0.7571747 0.18484491
TCGA-TM-A7CF-01 0.334657733333333 0.4729099 0.875962166666667 0.613445017041292
TCGA-TQ-A7RJ-01 0.18881765 0.528532082334771 0.585611807276577 0.6616339
TCGA-HW-A5KL-01 0.731331733333333 0.770082666666667 0.624361761582651 0.744166533333333
TCGA-DB-A64Q-01 0.723420362980696 0.800560966666667 0.7707747 0.731999633333333
TCGA-HT-7677-01 0.609007652313762 0.800560966666667 0.761289566666667 0.578477166666667
TCGA-TM-A84T-01 0.761244266666667 0.736288032299782 0.630858466666667 0.8479885
TCGA-DB-5277-01 0.842296166666667 0.713179433333333 0.748002633333333 0.736288032299782
TCGA-HT-8106-01 0.2180245 0.3212993 0.18881765 0.2655056
TCGA-E1-5303-01 0.617747866666667 0.575334585995844 0.366400966666667 0.652072066666667
TCGA-DB-A4XF-01 0.640248922782197 0.6497969 0.610273439929339 0.652151566666667
TCGA-DU-7294-01 0.871064733333333 0.703880133333333 0.7704339 0.712547106923901
TCGA-HW-7486-01 0.448264320919895 0.4729099 0.621217833333333 0.409051
TCGA-DB-A64X-01 0.640248922782197 0.823125233333333 0.708382089999639 0.6302083
TCGA-DU-5871-01 0.591146050729158 0.4729099 0.576129584372785 0.875400166666667
TCGA-TM-A7CA-01 0.258639666666667 0.571149830084498 0.774708533333333 0.659169239686234
TCGA-CS-6670-01 0.448264320919895 0.703880133333333 0.7891647 0.3273264
TCGA-E1-5322-01 0.597214366666667 0.823125233333333 0.452968433333333 0.802358
TCGA-S9-A6TU-01 0.597214366666667 0.920833733333333 0.512735066666667 0.6758281
TCGA-WY-A85A-01 0.688271738648898 0.688271738648898 0.6897178 0.7616429
TCGA-DU-6407-01 0.723420362980696 0.6616339 0.659169239686234 0.8110475
TCGA-E1-A7YN-01 0.287571966666667 0.325288154807696 0.2180245 0.325288154807696
TCGA-DB-5275-01 0.617747866666667 0.577903033333333 0.694906933333333 0.661354078825332
TCGA-HT-A619-01 0.871064733333333 0.689066333333333 0.656661790657042 0.7440249
TCGA-E1-A7YQ-01 0.617747866666667 0.41489563679118 0.2359532 0.339337966666667
TCGA-HT-7482-01 0.5826091 0.5456364 0.456569885962717 0.397666166666667
TCGA-DU-6404-01 0.591146050729158 0.7437617 0.628194203466974 0.630858466666667
TCGA-QH-A6XA-01 0.658523177372829 0.966088166666667 0.640986345872991 0.5013426
TCGA-DU-7290-01 0.591146050729158 0.6138722 0.2828132 0.524327933333333
TCGA-DB-A4XE-01 0.402170966666667 0.356380466666667 0.723420362980696 0.6403108
TCGA-HT-8107-01 0.258639666666667 0.2359532 0.785337633333333 0.2510311
TCGA-TQ-A8XE-02 0.814585233333333 0.702262860958554 0.513516866666667 0.673746271271455
TCGA-HT-7684-01 0.480980568719372 0.7891647 0.501326233333333 0.536990466666667
TCGA-HT-8012-01 0.818493 0.800560966666667 0.7437617 0.597617102298588
TCGA-DU-7011-01 0.480980568719372 0.3273264 0.321311233333333 0.49262623093891
TCGA-DU-6392-01 0.421372278841338 0.5178546 0.4688435 0.650808766666667
TCGA-TM-A84O-01 0.627969004708605 0.61091329262159 0.666507133333333 0.584159634214154
TCGA-DU-5849-01 0.617747866666667 0.5919453 0.72397667351205 0.345761133333333
TCGA-HT-A74K-01 0.731331733333333 0.675792092621845 0.536237733333333 0.602389412650119
TCGA-DU-7300-01 0.770082666666667 0.646471504423003 0.6523264 0.511217033333333
TCGA-TQ-A7RR-01 0.617747866666667 0.598918854563704 0.591146050729158 0.576129584372785
TCGA-HT-7605-01 0.210948266666667 0.6138722 0.757101733333333 0.452968433333333
TCGA-TQ-A7RM-01 0.818493 0.777746232282353 0.6771523 0.882462466666667
TCGA-CS-5390-01 0.834536 0.770082666666667 0.8149863 0.5932885
TCGA-DU-6395-01 0.421372278841338 0.6298142 0.603581433333333 0.665255233333333
TCGA-S9-A6WE-01 0.658523177372829 0.673746271271455 0.726915566666667 0.7177249
TCGA-S9-A7IQ-01 0.508475399270746 0.395669961497652 0.4631571 0.225827366666667
TCGA-HT-7882-01 0.5342766 0.309799433333333 0.18059449 0.305484433333333
TCGA-VM-A8C9-01 0.334657733333333 0.341842803173764 0.2655056 0.18881765
TCGA-VM-A8CD-01 0.698303566666667 0.602389412650119 0.4729099 0.549576233333333
TCGA-HT-7601-01 0.521917733333333 0.577903033333333 0.247038466666667 0.543248642775199
TCGA-HT-A5R5-01 0.591146050729158 0.931172933333333 0.4279071 0.534685833333333
TCGA-HW-7487-01 0.609007652313762 0.530704133333333 0.842989933333333 0.535967966666667
TCGA-S9-A7R2-01 0.640248922782197 0.641757518052919 0.358551133333333 0.875962166666667
TCGA-FG-A4MY-01 0.508475399270746 0.530704133333333 0.6677193 0.358188966666667
TCGA-E1-A7YU-01 0.421372278841338 0.577208027012331 0.698303566666667 0.635827533333333
TCGA-FG-7637-01 0.656661790657042 0.603229166666667 0.740260880276506 0.610273439929339
TCGA-DU-A7TJ-01 0.793287133333333 0.723420362980696 0.561836066666667 0.805843466666667
TCGA-HT-7692-01 0.421372278841338 0.689066333333333 0.716655433333333 0.689066333333333
TCGA-VV-A829-01 0.7353503 0.673468771539713 0.611428064997214 0.645137472266592
TCGA-DH-5140-01 0.7080885 0.726915566666667 0.690377233333333 0.842296166666667
TCGA-HW-A5KJ-01 0.6497969 0.770082666666667 0.800560966666667 0.585611807276577
TCGA-FG-8188-01 0.480980568719372 0.6298142 0.592012233333333 0.920833733333333
TCGA-QH-A6XC-01 0.5826091 0.703880133333333 0.635827533333333 0.583647399769746
TCGA-HT-7691-01 0.383445633333333 0.258639666666667 0.376163966666667 0.495980999202802
TCGA-DU-A7T6-01 0.568016533333333 0.585423044317758 0.718126233333333 0.542254002840921
TCGA-QH-A65V-01 0.617747866666667 0.5919453 0.6758281 0.563559466666667
TCGA-S9-A7IS-01 0.665131633333333 0.656661790657042 0.7440249 0.635461566666667
TCGA-DU-A5TR-01 0.597214366666667 0.530704133333333 0.243138133333333 0.562042166666667
TCGA-TQ-A7RI-01 0.7746152 0.701116484057718 0.71114851181951 0.620817166666667
TCGA-S9-A7J3-01 0.597214366666667 0.586898133536702 0.699076233333333 0.524210366666667
TCGA-HT-7879-01 0.498914728318798 0.511217033333333 0.591985766666667 0.966088166666667
TCGA-DB-A4XD-01 0.688271738648898 0.920833733333333 0.7084038 0.629460824474625
TCGA-HT-8563-01 0.402170966666667 0.370171533333333 0.210948266666667 0.3662541
TCGA-FG-7634-01 0.634532566666667 0.561836066666667 0.406577012642383 0.793287133333333
TCGA-DU-7010-01 0.847123533333333 0.726915566666667 0.652354533333333 0.75076983140038
TCGA-S9-A6WN-01 0.634532566666667 0.490954938662233 0.352265466666667 0.412729366666667
TCGA-HT-7902-01 0.239757133333333 0.282008033333333 0.681845805425728 0.210948266666667
TCGA-S9-A6U9-01 0.617747866666667 0.689066333333333 0.383854033333333 0.603581433333333
TCGA-HT-7604-01 0.7353503 0.889836666666667 0.704658633333333 0.785144833333333
TCGA-DU-A6S3-01 0.680797742609263 0.713179433333333 0.5932885 0.571975622894122
TCGA-FG-A60L-01 0.383445633333333 0.4729099 0.4430264763121 0.482999333333333
TCGA-S9-A6WM-01 0.672668234798975 0.680992434888833 0.598918854563704 0.800983766666667
TCGA-FG-A87Q-01 0.698303566666667 0.52536953251404 0.308136324855651 0.453816565326774
TCGA-HT-A61C-01 0.761244266666667 0.770082666666667 0.511217033333333 0.64392214206075
TCGA-FG-A710-01 0.658523177372829 0.60046758905078 0.451884133333333 0.6053117
TCGA-FG-8182-01 0.352265466666667 0.18059449 0.553517099514215 0.716977133333333
TCGA-S9-A6U6-01 0.627969004708605 0.654337145270074 0.682450692759062 0.71174853976995
TCGA-DU-A76O-01 0.757101733333333 0.689066333333333 0.450012 0.3612327
TCGA-VM-A8CB-01 0.7746152 0.751374496658154 0.848454766666667 0.827467466666667
TCGA-HT-8558-01 0.575334585995844 0.3273264 0.920833733333333 0.504334833970882
TCGA-HT-7607-01 0.665131633333333 0.18059449 0.700022748751628 0.366400966666667
TCGA-TQ-A7RK-02 0.646471504423003 0.611428064997214 0.618013556968982 0.59321605068894
TCGA-CS-5395-01 0.688271738648898 0.800560966666667 0.693818933333333 0.700022748751628
TCGA-RY-A83X-01 0.617747866666667 0.628194203466974 0.819252833333333 0.598918854563704
TCGA-DU-7007-01 0.688271738648898 0.6616339 0.345761133333333 0.7746152
TCGA-DU-A76L-01 0.576129584372785 0.5456364 0.3004767 0.4688435
TCGA-HT-A618-01 0.591146050729158 0.459385 0.335571733333333 0.308136324855651
TCGA-HT-A614-01 0.6497969 0.752434766666667 0.672668234798975 0.847635933333333
TCGA-DU-8163-01 0.448264320919895 0.397380233333333 0.443503133333333 0.395669961497652
TCGA-HT-A4DV-01 0.2180245 0.225827366666667 0.676730666666667 0.321311233333333
TCGA-DU-A7T8-01 0.553429551739657 0.627969004708605 0.49262623093891 0.879085066666667
TCGA-HT-A617-01 0.239757133333333 0.370171533333333 0.358188966666667 0.352265466666667
TCGA-TM-A84B-01 0.855811166666667 0.723878202827692 0.717731633333333 0.591146050729158
TCGA-HT-7687-01 0.672668234798975 0.752434766666667 0.6670181 0.667357766666667
TCGA-S9-A89V-01 0.421372278841338 0.43270923161073 0.583647399769746 0.334657733333333
TCGA-QH-A6CS-01 0.576129584372785 0.2709283 0.5342766 0.282008033333333
TCGA-HT-7481-01 0.258639666666667 0.511217033333333 0.777746232282353 0.374834916648033
TCGA-CS-5397-01 0.561836066666667 0.530704133333333 0.52536953251404 0.508958149589006
TCGA-HW-7490-01 0.680797742609263 0.903423833333333 0.564294566666667 0.698303566666667
TCGA-FG-A4MX-01 0.731331733333333 0.689066333333333 0.680992434888833 0.896619166666667
TCGA-FG-7636-01 0.5342766 0.713179433333333 0.683670875785192 0.731331733333333
TCGA-DU-A7TG-01 0.640248922782197 0.515938810833115 0.668189654565023 0.341842803173764
TCGA-DU-A6S7-01 0.591146050729158 0.498914728318798 0.578392566666667 0.299643166666667
TCGA-DH-A7US-01 0.6497969 0.610273439929339 0.741396732877917 0.522758733333333
TCGA-FG-5965-02 0.495980999202802 0.2766693 0.486920933333333 0.448264320919895
TCGA-HT-7468-01 0.761244266666667 0.855811166666667 0.7360144 0.719746599165201
TCGA-HT-A61A-01 0.678258094134101 0.668576224694149 0.784428366666667 0.640248922782197
TCGA-P5-A5ET-01 0.421372278841338 0.779985333333333 0.889836666666667 0.57038616458028
TCGA-DU-6403-01 0.568016533333333 0.6616339 0.5241861 0.554488254231476
TCGA-DB-A4XA-01 0.609007652313762 0.703880133333333 0.593783 0.41489563679118
TCGA-S9-A6UA-01 0.383445633333333 0.405868199894592 0.227136933333333 0.470673655615576
TCGA-WY-A859-01 0.716655433333333 0.65962648686416 0.60046758905078 0.640986345872991
TCGA-HT-8015-01 0.383445633333333 0.210948266666667 0.575334585995844 0.189914813333333
TCGA-FG-6692-01 0.909038433333333 0.770082666666667 0.518216533333333 0.718126233333333
TCGA-P5-A5EX-01 0.8662815 0.397380233333333 0.271184933333333 0.553429551739657
TCGA-DU-A76R-01 0.698303566666667 0.577903033333333 0.708251466666667 0.402170966666667
TCGA-HT-7606-01 0.903423833333333 0.703880133333333 0.75076983140038 0.723878202827692
TCGA-E1-A7Z2-01 0.658523177372829 0.645641041446657 0.779849791140927 0.61091329262159
TCGA-DB-5278-01 0.634532566666667 0.752434766666667 0.711378346995799 0.597214366666667
TCGA-TM-A7C5-01 0.634532566666667 0.726915566666667 0.8022196 0.5342766
TCGA-TQ-A7RP-01 0.18484491 0.374834916648033 0.5642705 0.2516771
TCGA-FG-6689-01 0.5826091 0.3446994 0.568763497408693 0.599067107447277
TCGA-TM-A84M-01 0.7353503 0.72397667351205 0.643370585129005 0.855963866666667
TCGA-FG-6691-01 0.568016533333333 0.703880133333333 0.383445633333333 0.555010596116215
TCGA-HW-8322-01 0.658523177372829 0.561836066666667 0.727766033333333 0.683995852179622
TCGA-FG-8186-01 0.568016533333333 0.752434766666667 0.513249866666667 0.593572866666667
TCGA-E1-5311-01 0.680797742609263 0.752434766666667 0.8479885 0.666403533333333
TCGA-DB-5274-01 0.576129584372785 0.800560966666667 0.501214933333333 0.571253565802507
TCGA-P5-A731-01 0.597214366666667 0.779985333333333 0.576641023611175 0.634532566666667
TCGA-VM-A8CE-01 0.316037566666667 0.495980999202802 0.7041655 0.451884133333333
TCGA-DH-A66D-01 0.871064733333333 0.6497969 0.524327933333333 0.796984733333333
TCGA-HT-7477-01 0.909038433333333 0.675792092621845 0.688730897649442 0.379928466666667
TCGA-DU-6394-01 0.757101733333333 0.823125233333333 0.731331733333333 0.761535166666667
TCGA-R8-A6MO-01 0.770082666666667 0.675539372002897 0.660757101044351 0.592400633333333
TCGA-QH-A6CZ-01 0.761244266666667 0.800560966666667 0.871064733333333 0.725322037491072
TCGA-S9-A6WG-01 0.352265466666667 0.421372278841338 0.2827169 0.442956766666667
TCGA-WY-A85B-01 0.748002633333333 0.682874377864379 0.495980999202802 0.7571747
TCGA-DU-8167-01 0.352265466666667 0.408320433333333 0.435509466666667 0.52926396087102
TCGA-TQ-A7RG-01 0.402170966666667 0.597617102298588 0.65962648686416 0.727832566666667
TCGA-HT-8105-01 0.783524066666667 0.752434766666667 0.727832566666667 0.666507133333333
TCGA-P5-A5EV-01 0.665131633333333 0.603229166666667 0.640696266666667 0.576641023611175
TCGA-S9-A6U5-01 0.665131633333333 0.624361761582651 0.569496403587887 0.641483371168433
TCGA-P5-A5EY-01 0.2180245 0.258639666666667 0.6403108 0.43270923161073
TCGA-DU-A7TB-01 0.597214366666667 0.599067107447277 0.761244266666667 0.52536953251404
TCGA-E1-A7Z4-01 0.757101733333333 0.725041239950985 0.577903033333333 0.871064733333333
TCGA-P5-A5F4-01 0.740260880276506 0.408320433333333 0.8186443 0.6527856
TCGA-FG-A4MT-02 0.383445633333333 0.376163966666667 0.674587760852421 0.483397545841825
TCGA-DU-7299-01 0.834536 0.4262206 0.617747866666667 0.586898133536702
TCGA-DU-6401-01 0.698303566666667 0.309799433333333 0.5484146 0.762028166666667
TCGA-HT-7485-01 0.761244266666667 0.800560966666667 0.620817166666667 0.8073997
TCGA-HW-7493-01 0.542254002840921 0.800560966666667 0.483397545841825 0.4262206
TCGA-DB-A75O-01 0.693818933333333 0.498914728318798 0.5013426 0.934891966666667
TCGA-FG-7638-01 0.7353503 0.779985333333333 0.731878766666667 0.682450692759062
TCGA-E1-5319-01 0.698303566666667 0.5456364 0.635461566666667 0.490954938662233
TCGA-FG-A87N-01 0.770082666666667 0.741396732877917 0.735405618336908 0.801016233333333
TCGA-E1-A7YI-01 0.561836066666667 0.644728705792928 0.753194833333333 0.763278665983628
TCGA-E1-A7YK-01 0.521917733333333 0.394276242844795 0.3212993 0.309799433333333
TCGA-HT-8018-01 0.239757133333333 0.3273264 0.371524866666667 0.271184933333333
TCGA-HT-7875-01 0.761244266666667 0.6616339 0.914128533333333 0.857501866666667
TCGA-P5-A72X-01 0.352265466666667 0.459385 0.634532566666667 0.76454236023879
TCGA-HT-A5RC-01 0.665131633333333 0.6138722 0.52926396087102 0.578059566666667
TCGA-S9-A6U1-01 0.591146050729158 0.609007652313762 0.6302083 0.622031961238675
TCGA-E1-A7Z3-01 0.258639666666667 0.470673655615576 0.592006366666667 0.452138133333333
TCGA-HT-7856-01 0.480980568719372 0.299643166666667 0.796984733333333 0.306326
TCGA-P5-A736-01 0.508475399270746 0.689066333333333 0.346858560927364 0.511766166666667
TCGA-HT-7603-01 0.508475399270746 0.511217033333333 0.8073997 0.370171533333333
TCGA-TQ-A7RW-01 0.597214366666667 0.554488254231476 0.426591266666667 0.5486873
TCGA-RY-A840-01 0.740260880276506 0.741361113348766 0.818493 0.815118666666667
TCGA-DB-A75L-01 0.871064733333333 0.5456364 0.641483371168433 0.727725633333333
TCGA-DH-A669-01 0.827246233333333 0.823125233333333 0.629460824474625 0.7712468
TCGA-DU-A7TD-01 0.7353503 0.628435195049216 0.3600003 0.681236242047611
TCGA-DU-5872-02 0.258639666666667 0.308136324855651 0.18484491 0.346858560927364
TCGA-HT-A61B-01 0.761244266666667 0.689066333333333 0.316037566666667 0.8429438
TCGA-FG-A60K-01 0.542254002840921 0.823125233333333 0.719746599165201 0.598615437922633
TCGA-DU-7018-01 0.672668234798975 0.577903033333333 0.9128765 0.7360144
TCGA-CS-4941-01 0.421372278841338 0.577903033333333 0.395669961497652 0.501214933333333
TCGA-HT-7680-01 0.568016533333333 0.247038466666667 0.408320433333333 0.628194203466974
TCGA-DU-5870-02 0.7080885 0.683670875785192 0.7712101 0.653845448824158
TCGA-DU-6396-01 0.627969004708605 0.511217033333333 0.239757133333333 0.6665892
TCGA-HW-A5KM-01 0.680797742609263 0.689066333333333 0.225827366666667 0.603229166666667
TCGA-HW-8320-01 0.672668234798975 0.511217033333333 0.597617102298588 0.3450586
TCGA-DU-7019-01 0.5342766 0.689066333333333 0.543248642775199 0.536237733333333
TCGA-RY-A847-01 0.480980568719372 0.587469589142927 0.568016533333333 0.725041239950985
TCGA-DU-8161-01 0.542254002840921 0.459385 0.305484433333333 0.443503133333333
TCGA-HT-7467-01 0.640248922782197 0.299643166666667 0.7353503 0.3446994
TCGA-S9-A6TX-01 0.693818933333333 0.6497969 0.7177249 0.621217833333333
TCGA-DU-6397-02 0.847123533333333 0.75076983140038 0.6616339 0.748368575999336
TCGA-HT-7694-01 0.421372278841338 0.376163966666667 0.896619166666667 0.408932533333333
TCGA-E1-A7YM-01 0.480980568719372 0.508475399270746 0.690368307140549 0.421372278841338
TCGA-DB-A64P-01 0.6497969 0.6138722 0.650808766666667 0.776054785479114
TCGA-QH-A65S-01 0.568016533333333 0.6298142 0.583292033333333 0.572373246825448
TCGA-TQ-A7RF-01 0.783524066666667 0.71174853976995 0.673746271271455 0.690368307140549
TCGA-TM-A84S-01 0.402170966666667 0.543248642775199 0.6527856 0.5484146
TCGA-QH-A6X8-01 0.783524066666667 0.675792092621845 0.748368575999336 0.698668466666667
TCGA-KT-A7W1-01 0.448264320919895 0.611358023553229 0.682874377864379 0.779849791140927
TCGA-S9-A6WD-01 0.609007652313762 0.602584656102482 0.842296166666667 0.521917733333333
TCGA-S9-A7R8-01 0.770082666666667 0.710319808179479 0.555010596116215 0.800560966666667
TCGA-DU-7009-01 0.627969004708605 0.726915566666667 0.599702687032393 0.675539372002897
TCGA-TQ-A7RQ-01 0.617747866666667 0.629460824474625 0.591586247838617 0.704422233333333
TCGA-FG-5963-02 0.757101733333333 0.726915566666667 0.623738480568496 0.675792092621845
TCGA-S9-A6WH-01 0.871064733333333 0.711378346995799 0.806009833333333 0.511335466666667
TCGA-CS-6665-01 0.640248922782197 0.441256533333333 0.528532082334771 0.394276242844795
TCGA-HT-7479-01 0.334657733333333 0.441256533333333 0.441256533333333 0.469055966666667
TCGA-E1-A7YH-01 0.4631571 0.504334833970882 0.64392214206075 0.441256533333333
TCGA-WY-A85D-01 0.287571966666667 0.568763497408693 0.6053117 0.7080885
TCGA-HT-7855-01 0.716655433333333 0.6138722 0.678258094134101 0.665131633333333
TCGA-HT-A74J-01 0.658523177372829 0.672668234798975 0.668576224694149 0.7353503
TCGA-HT-8110-01 0.542254002840921 0.282008033333333 0.258639666666667 0.502520118591312
TCGA-S9-A6WP-01 0.770082666666667 0.682450692759062 0.591690685761083 0.641757518052919
TCGA-S9-A6U0-01 0.352265466666667 0.391199166666667 0.2510311 0.397380233333333
TCGA-P5-A5F6-01 0.920833733333333 0.603229166666667 0.61091329262159 0.703501610742559
TCGA-FG-A70Y-01 0.553429551739657 0.538291389728736 0.524210366666667 0.512499566666667
TCGA-TM-A84G-01 0.855811166666667 0.774954481051426 0.674399036261716 0.818493
TCGA-FG-A6J3-01 0.591146050729158 0.6497969 0.287571966666667 0.757625433333333
TCGA-FG-8185-01 0.6497969 0.800560966666667 0.712547106923901 0.674399036261716
TCGA-HT-A5RB-01 0.597214366666667 0.689066333333333 0.835286 0.8188715
TCGA-QH-A6CX-01 0.258639666666667 0.18059449 0.503143301059313 0.358551133333333
TCGA-TQ-A7RV-01 0.521917733333333 0.601358059272624 0.7616429 0.628435195049216
TCGA-DU-6406-01 0.597214366666667 0.456569885962717 0.563071833333333 0.2766693
TCGA-DH-A66B-01 0.731331733333333 0.752434766666667 0.41489563679118 0.831029466666667
TCGA-RY-A845-01 0.665131633333333 0.681236242047611 0.703880133333333 0.749941770079317
TCGA-HT-7860-01 0.561836066666667 0.675792092621845 0.409051 0.592012233333333
TCGA-E1-5307-01 0.5342766 0.356380466666667 0.645137472266592 0.5119665
TCGA-E1-5304-01 0.855811166666667 0.874935833333333 0.694141633333333 0.814627995841476
TCGA-S9-A6TZ-01 0.576129584372785 0.800560966666667 0.571253565802507 0.586407527060474
TCGA-DU-7302-01 0.814585233333333 0.823125233333333 0.8914255 0.673394801677381
TCGA-P5-A781-01 0.383445633333333 0.675792092621845 0.744166533333333 0.3004767
TCGA-DB-5281-01 0.421372278841338 0.441256533333333 0.654337145270074 0.708251466666667
TCGA-VM-A8C8-01 0.740260880276506 0.571975622894122 0.587469589142927 0.406286989350564
TCGA-DU-A6S8-01 0.7080885 0.779985333333333 0.8110475 0.627969004708605
TCGA-DH-5141-01 0.561836066666667 0.561836066666667 0.6665892 0.601358059272624
TCGA-FG-A4MU-01 0.508475399270746 0.5456364 0.379928466666667 0.8186443
TCGA-E1-A7YL-01 0.716655433333333 0.576641023611175 0.3450586 0.538291389728736
TCGA-FG-5962-01 0.383445633333333 0.770082666666667 0.761535166666667 0.6357218
TCGA-TM-A7CF-02 0.508475399270746 0.282008033333333 0.855811166666667 0.480980568719372
TCGA-TQ-A7RN-01 0.402170966666667 0.584159634214154 0.805843466666667 0.6198269
TCGA-CS-6667-01 0.421372278841338 0.4333716 0.6298142 0.568763497408693
TCGA-S9-A7R7-01 0.553429551739657 0.591586247838617 0.2709283 0.920879833333333
TCGA-DH-A7UT-01 0.498914728318798 0.55700144034345 0.603387833333333 0.578034666666667
TCGA-HT-7609-01 0.334657733333333 0.576892457960092 0.572373246825448 0.7623524
TCGA-DU-A5TY-01 0.723420362980696 0.4262206 0.260613666666667 0.578392566666667
TCGA-HT-7475-01 0.796984733333333 0.800560966666667 0.909038433333333 0.6677193
TCGA-CS-5393-01 0.591146050729158 0.5919453 0.542254002840921 0.593703133333333
TCGA-TM-A84R-01 0.2180245 0.406286989350564 0.934891966666667 0.2180245
TCGA-TM-A84J-01 0.842296166666667 0.659898917706153 0.7623524 0.435509466666667
TCGA-CS-6668-01 0.7080885 0.6497969 0.6198269 0.757882033333333
TCGA-FN-7833-01 0.640248922782197 0.823125233333333 0.282008033333333 0.835039133333333
TCGA-HT-7693-01 0.748002633333333 0.903423833333333 0.498914728318798 0.7169883
TCGA-EZ-7264-01 0.680797742609263 0.7891647 0.635399333333333 0.752434766666667
TCGA-HT-7689-01 0.421372278841338 0.4729099 0.620843 0.513249866666667
TCGA-HT-7620-01 0.402170966666667 0.3446994 0.6762065 0.356380466666667
TCGA-DU-7008-01 0.672668234798975 0.561836066666667 0.801016233333333 0.7041655
TCGA-DB-A64S-01 0.258639666666667 0.508958149589006 0.406286989350564 0.6298142
TCGA-HT-A5R9-01 0.716655433333333 0.713179433333333 0.785144833333333 0.6138722
TCGA-DU-5852-01 0.748002633333333 0.530704133333333 0.422659745756195 0.585423044317758
TCGA-QH-A6CU-01 0.352265466666667 0.689066333333333 0.549576233333333 0.553517099514215
TCGA-TM-A7C3-01 0.796984733333333 0.703880133333333 0.708901398163738 0.7437617
TCGA-S9-A6WO-01 0.693818933333333 0.64392214206075 0.571149830084498 0.644728705792928
TCGA-FG-5965-01 0.627969004708605 0.397380233333333 0.554488254231476 0.624561045986452
TCGA-KT-A74X-01 0.7746152 0.726915566666667 0.725041239950985 0.757101733333333
TCGA-E1-A7YD-01 0.811029366666667 0.725322037491072 0.653845448824158 0.708382089999639
TCGA-DU-6542-01 0.757101733333333 0.6138722 0.499987066666667 0.6497969
TCGA-QH-A65Z-01 0.672668234798975 0.855811166666667 0.7858143 0.591985766666667
TCGA-HT-A74L-01 0.842296166666667 0.561836066666667 0.659898917706153 0.690142933333333
TCGA-HT-7616-01 0.6497969 0.441256533333333 0.370171533333333 0.537471833333333
TCGA-HT-A74H-01 0.561836066666667 0.210948266666667 0.421372278841338 0.408555433333333
TCGA-HT-7483-01 0.688271738648898 0.726915566666667 0.665131633333333 0.774708533333333
TCGA-HT-A5RA-01 0.855811166666667 0.800560966666667 0.508475399270746 0.777746232282353
TCGA-P5-A5F1-01 0.597214366666667 0.309799433333333 0.534685833333333 0.617747866666667
TCGA-E1-A7YS-01 0.855811166666667 0.779849791140927 0.680797742609263 0.8662815
TCGA-F6-A8O4-01 0.352265466666667 0.586407527060474 0.827246233333333 0.6523264
TCGA-DU-7013-01 0.811029366666667 0.8610293 0.572087669970988 0.761244266666667
TCGA-HT-A615-01 0.561836066666667 0.6497969 0.515938810833115 0.5456364
TCGA-DB-A4XB-01 0.7080885 0.800560966666667 0.727725633333333 0.914128533333333
TCGA-HT-7881-01 0.334657733333333 0.356380466666667 0.442956766666667 0.258639666666667
TCGA-HT-8013-01 0.352265466666667 0.356380466666667 0.530704133333333 0.731347233333333
TCGA-P5-A72U-01 0.827246233333333 0.2359532 0.300529866666667 0.3600003
TCGA-P5-A5F2-01 0.591146050729158 0.441256533333333 0.784656133333333 0.643370585129005
TCGA-DU-7301-01 0.783524066666667 0.842296166666667 0.437554174040859 0.823125233333333
TCGA-S9-A6TW-01 0.617747866666667 0.511217033333333 0.646471504423003 0.526250564700183
TCGA-P5-A72Z-01 0.889836666666667 0.800560966666667 0.675539372002897 0.716655433333333
TCGA-TQ-A7RO-01 0.6497969 0.645137472266592 0.784897466666667 0.614168266666667
TCGA-DU-6399-01 0.334657733333333 0.376163966666667 0.508958149589006 0.376163966666667
TCGA-VM-A8CA-01 0.818493 0.623738480568496 0.536311333333333 0.4631571
TCGA-W9-A837-01 0.352265466666667 0.585611807276577 0.874935833333333 0.6423887520327
TCGA-TQ-A8XE-01 0.761244266666667 0.712547106923901 0.704422233333333 0.72397667351205
TCGA-DB-A64V-01 0.334657733333333 0.282008033333333 0.412729366666667 0.300529866666667
TCGA-QH-A6X4-01 0.693818933333333 0.713179433333333 0.814585233333333 0.676730666666667
TCGA-DU-6407-02 0.7080885 0.653085171768751 0.592400633333333 0.623738480568496
TCGA-TM-A84H-01 0.7746152 0.718381608553343 0.776054785479114 0.668576224694149
TCGA-HT-7688-01 0.287571966666667 0.441256533333333 0.834536 0.501326233333333
TCGA-DH-A7UV-01 0.665131633333333 0.674399036261716 0.611358023553229 0.783524066666667
TCGA-QH-A65X-01 0.740260880276506 0.726915566666667 0.611949747675227 0.682874377864379
TCGA-TM-A7C4-01 0.498914728318798 0.6298142 0.8610293 0.561836066666667
TCGA-DU-6405-01 0.847123533333333 0.6497969 0.613445017041292 0.751374496658154
TCGA-S9-A6U8-01 0.640248922782197 0.598615437922633 0.536990466666667 0.575334585995844
TCGA-HT-7610-01 0.352265466666667 0.397380233333333 0.7712468 0.371524866666667
TCGA-DU-5851-01 0.334657733333333 0.3446994 0.470673655615576 0.396476890122474
TCGA-DU-8166-01 0.7080885 0.5919453 0.622031961238675 0.599702687032393
TCGA-R8-A73M-01 0.731331733333333 0.752434766666667 0.857501866666667 0.699076233333333
TCGA-FG-6688-01 0.591146050729158 0.18059449 0.405868199894592 0.358367733333333
TCGA-S9-A7QW-01 0.757101733333333 0.749941770079317 0.879085066666667 0.835286
TCGA-IK-8125-01 0.634532566666667 0.498914728318798 0.719991147428524 0.640696266666667
TCGA-HT-7690-01 0.508475399270746 0.7437617 0.394276242844795 0.753194833333333
TCGA-DU-7012-01 0.942583 0.498914728318798 0.2216497 0.459385
TCGA-FG-A6J1-01 0.698303566666667 0.726915566666667 0.584159634214154 0.611949747675227
TCGA-DU-A5TS-01 0.542254002840921 0.6497969 0.644728705792928 0.604105166666667
TCGA-P5-A5F0-01 0.665131633333333 0.675792092621845 0.586898133536702 0.571149830084498
TCGA-QH-A86X-01 0.5826091 0.502520118591312 0.7706236 0.316037566666667
TCGA-S9-A7J2-01 0.7746152 0.777526308442953 0.862461966666667 0.903423833333333
TCGA-DU-8162-01 0.748002633333333 0.2709283 0.675792092621845 0.260613666666667
TCGA-DU-A7TI-01 0.576129584372785 0.611949747675227 0.511335466666667 0.7712101
TCGA-HT-7880-01 0.287571966666667 0.299643166666667 0.718381608553343 0.2359532
TCGA-E1-A7YW-01 0.665131633333333 0.675460484260569 0.636018166666667 0.784428366666667
TCGA-CS-4942-01 0.934891966666667 0.752434766666667 0.402170966666667 0.646471504423003
TCGA-DB-A64O-01 0.498914728318798 0.441256533333333 0.5790095 0.456569885962717
TCGA-DB-A75P-01 0.239757133333333 0.225827366666667 0.604105166666667 0.239757133333333
TCGA-S9-A6WL-01 0.316037566666667 0.526250564700183 0.710319808179479 0.5241861
TCGA-F6-A8O3-01 0.352265466666667 0.571253565802507 0.563559466666667 0.731878766666667
TCGA-WY-A85C-01 0.716655433333333 0.708901398163738 0.653085171768751 0.8070631
TCGA-HW-A5KK-01 0.5342766 0.243138133333333 0.33576 0.3105231
TCGA-P5-A5EW-01 0.805843466666667 0.800560966666667 0.599067107447277 0.847123533333333
TCGA-HT-7858-01 0.480980568719372 0.459385 0.4262206 0.727766033333333
TCGA-DU-6410-01 0.871064733333333 0.9128765 0.7080885 0.8149863
TCGA-DU-7304-02 0.818493 0.763278665983628 0.827467466666667 0.757374515489963
TCGA-E1-A7Z6-01 0.748002633333333 0.684259229144345 0.645641041446657 0.654337145270074
TCGA-TQ-A7RK-01 0.7746152 0.719991147428524 0.770082666666667 0.693818933333333
TCGA-E1-A7YO-01 0.783524066666667 0.76454236023879 0.831029466666667 0.855811166666667
TCGA-TQ-A7RH-01 0.716655433333333 0.661354078825332 0.522952117168858 0.7084038
TCGA-DU-6400-01 0.814585233333333 0.931172933333333 0.783524066666667 0.468404333333333
TCGA-HT-8108-01 0.723420362980696 0.511217033333333 0.504334833970882 0.740260880276506
TCGA-QH-A6CV-01 0.576129584372785 0.4729099 0.468404333333333 0.391199166666667
TCGA-DU-5874-01 0.931172933333333 0.889836666666667 0.920879833333333 0.723420362980696
TCGA-DU-7006-01 0.561836066666667 0.603229166666667 0.341842803173764 0.484344833333333
TCGA-DU-8168-01 0.716655433333333 0.8610293 0.6423887520327 0.652354533333333
TCGA-HT-A616-01 0.723420362980696 0.356380466666667 0.757882033333333 0.593783
TCGA-R8-A6ML-01 0.672668234798975 0.770082666666667 0.847635933333333 0.718381608553343
TCGA-TM-A84I-01 0.7080885 0.71114851181951 0.689066333333333 0.829399566666667
TCGA-DU-7304-01 0.4631571 0.855811166666667 0.609007652313762 0.7704339
TCGA-HT-7611-01 0.672668234798975 0.6298142 0.546062766666667 0.9128765
TCGA-HT-7854-01 0.383445633333333 0.530704133333333 0.397380233333333 0.467510033333333
TCGA-DH-A7UU-01 0.640248922782197 0.622031961238675 0.702262860958554 0.5826091
TCGA-FG-8189-01 0.2180245 0.3446994 0.480980568719372 0.4430264763121
TCGA-DU-A5TW-01 0.640248922782197 0.4262206 0.723878202827692 0.8610293
TCGA-HT-7469-01 0.617747866666667 0.752434766666667 0.7169883 0.564294566666667
TCGA-DU-8164-01 0.698303566666667 0.874935833333333 0.942583 0.673468771539713
TCGA-CS-5394-01 0.7080885 0.9128765 0.666403533333333 0.819252833333333
TCGA-DU-5853-01 0.334657733333333 0.5178546 0.452138133333333 0.536651666666667
TCGA-HT-7877-01 0.316037566666667 0.408320433333333 0.777526308442953 0.5178546
TCGA-DU-6393-01 0.796984733333333 0.874935833333333 0.966088166666667 0.8914255
TCGA-HW-8321-01 0.597214366666667 0.530704133333333 0.597214366666667 0.563071833333333
TCGA-HT-8010-01 0.448264320919895 0.299643166666667 0.665255233333333 0.437554174040859
TCGA-HT-7686-01 0.680797742609263 0.6298142 0.3105231 0.603387833333333
TCGA-E1-5302-01 0.5826091 0.6298142 0.467510033333333 0.889836666666667
TCGA-DU-A76K-01 0.498914728318798 0.674587760852421 0.835039133333333 0.909038433333333
TCGA-P5-A77W-01 0.553429551739657 0.561836066666667 0.882462466666667 0.636018166666667
TCGA-P5-A5EU-01 0.796984733333333 0.823125233333333 0.408555433333333 0.770082666666667
TCGA-DU-5854-01 0.4631571 0.441256533333333 0.391199166666667 0.426591266666667
TCGA-HT-7472-01 0.672668234798975 0.779985333333333 0.448264320919895 0.683670875785192
TCGA-WY-A858-01 0.316037566666667 0.437554174040859 0.334657733333333 0.486920933333333
TCGA-TM-A84F-01 0.498914728318798 0.503143301059313 0.299643166666667 0.5919453
TCGA-FG-7641-01 0.4631571 0.577903033333333 0.553429551739657 0.592006366666667
TCGA-DU-6402-01 0.421372278841338 0.5919453 0.358367733333333 0.512735066666667
TCGA-QH-A65R-01 0.871064733333333 0.7891647 0.76354057237329 0.6510898
TCGA-HT-7695-01 0.672668234798975 0.713179433333333 0.8070631 0.4729099
TCGA-DU-A6S6-01 0.723420362980696 0.800560966666667 0.641757518052919 0.71114851181951
TCGA-DU-A5TP-01 0.680797742609263 0.5919453 0.339337966666667 0.704658633333333
TCGA-DB-A75K-01 0.609007652313762 0.779985333333333 0.5457897 0.6526811
TCGA-VW-A7QS-01 0.783524066666667 0.740260880276506 0.800983766666667 0.713179433333333
TCGA-S9-A6TS-01 0.448264320919895 0.576129584372785 0.6138722 0.65962648686416
TCGA-DH-A7UR-01 0.508475399270746 0.591146050729158 0.802358 0.591690685761083
TCGA-DH-5144-01 0.827246233333333 0.931172933333333 0.774954481051426 0.741396732877917
TCGA-S9-A7R4-01 0.672668234798975 0.640986345872991 0.43270923161073 0.736118133333333
TCGA-DU-7306-01 0.597214366666667 0.770082666666667 0.578477166666667 0.688271738648898
TCGA-P5-A735-01 0.402170966666667 0.6298142 0.716977133333333 0.748002633333333
TCGA-FG-8191-01 0.402170966666667 0.3662541 0.521917733333333 0.785337633333333
TCGA-CS-6290-01 0.448264320919895 0.6497969 0.316662133333333 0.503143301059313
TCGA-HT-A5R7-01 0.680797742609263 0.376163966666667 0.731999633333333 0.243138133333333
TCGA-TQ-A7RS-01 0.609007652313762 0.683995852179622 0.875400166666667 0.814585233333333
TCGA-HT-7476-01 0.421372278841338 0.459385 0.576892457960092 0.611428064997214
TCGA-HW-7495-01 0.5826091 0.6298142 0.811029366666667 0.569496403587887
TCGA-DU-A6S2-01 0.5342766 0.6298142 0.8662815 0.427753433333333
TCGA-DU-7015-01 0.597214366666667 0.703880133333333 0.427753433333333 0.806009833333333
TCGA-DB-5279-01 0.909038433333333 0.8610293 0.703501610742559 0.784656133333333
TCGA-S9-A6WI-01 0.258639666666667 0.422659745756195 0.823662666666667 0.2709283
TCGA-DH-A66G-01 0.287571966666667 0.5456364 0.5456364 0.611358023553229
TCGA-HT-8109-01 0.498914728318798 0.5919453 0.690142933333333 0.598016415119832
TCGA-QH-A6X3-01 0.7080885 0.842296166666667 0.673468771539713 0.811029366666667
TCGA-CS-5396-01 0.896619166666667 0.874935833333333 0.6497969 0.659898917706153
TCGA-R8-A6MK-01 0.352265466666667 0.5456364 0.751374496658154 0.653085171768751
TCGA-DU-7014-01 0.521917733333333 0.5456364 0.598016415119832 0.7858143
TCGA-E1-A7YJ-01 0.716655433333333 0.643370585129005 0.469055966666667 0.658523177372829
TCGA-FG-6690-01 0.4631571 0.4729099 0.538291389728736 0.862461966666667
TCGA-HT-7857-01 0.421372278841338 0.498914728318798 0.189914813333333 0.383854033333333
TCGA-QH-A6CW-01 0.698303566666667 0.800560966666667 0.578059566666667 0.7574595
TCGA-TM-A84L-01 0.597214366666667 0.572373246825448 0.511766166666667 0.5790095
TCGA-FG-5964-01 0.6497969 0.5919453 0.526250564700183 0.476428066666667
TCGA-HT-7884-01 0.402170966666667 0.3212993 0.7746152 0.703880133333333
TCGA-TM-A84Q-01 0.7746152 0.681845805425728 0.482999333333333 0.694319466666667
TCGA-FG-A6IZ-01 0.805843466666667 0.823125233333333 0.698668466666667 0.8279687
TCGA-DU-5847-01 0.723420362980696 0.726915566666667 0.3612327 0.618013556968982
TCGA-DU-8165-01 0.591146050729158 0.752434766666667 0.356380466666667 0.402199633333333
TCGA-VM-A8CF-01 0.770082666666667 0.673394801677381 0.385140433333333 0.76354057237329
TCGA-P5-A5EZ-01 0.498914728318798 0.5456364 0.535967966666667 0.536859266666667
TCGA-S9-A7J1-01 0.698303566666667 0.624561045986452 0.694319466666667 0.530704133333333
TCGA-HT-A4DS-01 0.665131633333333 0.6616339 0.4333716 0.587469589142927
TCGA-RY-A843-01 0.576129584372785 0.599702687032393 0.699792464286991 0.576892457960092
TCGA-HT-7473-01 0.597214366666667 0.5178546 0.2766693 0.498914728318798
TCGA-S9-A7QY-01 0.4631571 0.57038616458028 0.814627995841476 0.548096933333333
TCGA-FG-7643-01 0.287571966666667 0.396476890122474 0.681236242047611 0.227136933333333
TCGA-HT-8011-01 0.796984733333333 0.779985333333333 0.713179433333333 0.717731633333333
TCGA-E1-A7YY-01 0.287571966666667 0.406577012642383 0.762028166666667 0.2216497
TCGA-DH-5142-01 0.576129584372785 0.561836066666667 0.3273264 0.515938810833115
TCGA-DB-A64L-01 0.480980568719372 0.6497969 0.688271738648898 0.609007652313762
TCGA-S9-A7QZ-01 0.542254002840921 0.489360832997473 0.5178546 0.408320433333333
TCGA-FG-8187-01 0.239757133333333 0.6616339 0.658523177372829 0.582917333333333
TCGA-S9-A7IX-01 0.597214366666667 0.542254002840921 0.428854233333333 0.508475399270746
TCGA-HT-7470-01 0.521917733333333 0.5178546 0.684259229144345 0.931172933333333
TCGA-DU-5870-01 0.757101733333333 0.726915566666667 0.627969004708605 0.568016533333333
TCGA-RY-A83Z-01 0.889836666666667 0.776054785479114 0.673394801677381 0.779985333333333
TCGA-RY-A83Y-01 0.796984733333333 0.719746599165201 0.6510898 0.7170816
TCGA-DB-A4X9-01 0.827246233333333 0.800560966666667 0.731347233333333 0.770444133333333
TCGA-HT-7874-01 0.18881765 0.309799433333333 0.7936363 0.2828132
TCGA-VV-A86M-01 0.5342766 0.641483371168433 0.57038616458028 0.874935833333333
TCGA-E1-5305-01 0.658523177372829 0.5178546 0.624196873030075 0.680992434888833
TCGA-DU-5855-01 0.6497969 0.5178546 0.502520118591312 0.577903033333333
TCGA-TM-A84C-01 0.521917733333333 0.572087669970988 0.476428066666667 0.684259229144345
TCGA-HT-8104-01 0.609007652313762 0.6616339 0.593572866666667 0.55700144034345
TCGA-DH-A66F-01 0.591146050729158 0.823125233333333 0.763278665983628 0.60046758905078
TCGA-CS-4938-01 0.748002633333333 0.530704133333333 0.59321605068894 0.688730897649442
TCGA-CS-4943-01 0.783524066666667 0.874935833333333 0.628435195049216 0.842989933333333
TCGA-HW-7491-01 0.818493 0.874935833333333 0.793287133333333 0.784897466666667
TCGA-DB-A75M-01 0.783524066666667 0.726915566666667 0.601358059272624 0.7891647
TCGA-S9-A6UB-01 0.6497969 0.668189654565023 0.603229166666667 0.774954481051426
TCGA-DB-A4XH-01 0.6497969 0.5919453 0.855963866666667 0.672668234798975
TCGA-CS-6186-01 0.698303566666667 0.7891647 0.661354078825332 0.680797742609263
TCGA-E1-5318-01 0.748002633333333 0.842296166666667 0.667357766666667 0.719991147428524
TCGA-HT-8113-01 0.18059449 0.247038466666667 0.931172933333333 0.2827169
TCGA-FG-A4MT-01 0.402170966666667 0.842296166666667 0.71174853976995 0.681845805425728
TCGA-FG-A60J-01 0.4631571 0.752434766666667 0.5919453 0.651818766666667
TCGA-VW-A8FI-01 0.793287133333333 0.703501610742559 0.536651666666667 0.726915566666667
TCGA-TQ-A7RU-01 0.680797742609263 0.700022748751628 0.815118666666667 0.731976066666667
TCGA-QH-A870-01 0.542254002840921 0.613445017041292 0.757374515489963 0.675460484260569
TCGA-HT-7602-01 0.316037566666667 0.2216497 0.577208027012331 0.247038466666667
TCGA-S9-A89Z-01 0.609007652313762 0.583647399769746 0.396476890122474 0.658750952347121
TCGA-DH-A669-02 0.723420362980696 0.770082666666667 0.624561045986452 0.674587760852421
TCGA-S9-A7QX-01 0.723420362980696 0.699792464286991 0.602389412650119 0.7707747
TCGA-FG-A713-01 0.402170966666667 0.3446994 0.8279687 0.335571733333333
TCGA-DU-5872-01 0.814585233333333 0.5919453 0.489360832997473 0.710319808179479
TCGA-S9-A6TY-01 0.508475399270746 0.6138722 0.578034666666667 0.690377233333333
TCGA-DU-7298-01 0.402170966666667 0.577903033333333 0.6357294 0.528532082334771
TCGA-HT-7681-01 0.383445633333333 0.441256533333333 0.6526811 0.405868199894592
TCGA-S9-A7J0-01 0.818493 0.76354057237329 0.829399566666667 0.757473963365989
TCGA-DU-6397-01 0.542254002840921 0.577903033333333 0.5486873 0.518216533333333
TCGA-S9-A7R3-01 0.672668234798975 0.624196873030075 0.55700144034345 0.6357294
TCGA-DH-5143-01 0.421372278841338 0.2655056 0.582917333333333 0.383445633333333
TCGA-DU-6408-01 0.521917733333333 0.6298142 0.593703133333333 0.678258094134101
TCGA-CS-4944-01 0.542254002840921 0.713179433333333 0.546654566666667 0.602584656102482
TCGA-HT-7471-01 0.827246233333333 0.752434766666667 0.484344833333333 0.7706236
TCGA-FG-A70Z-01 0.609007652313762 0.553429551739657 0.397666166666667 0.562257533333333
TCGA-IK-7675-01 0.634532566666667 0.889836666666667 0.76454236023879 0.827246233333333
TCGA-DB-5270-01 0.521917733333333 0.356380466666667 0.536859266666667 0.4279071
TCGA-S9-A7IY-01 0.7080885 0.659169239686234 0.537471833333333 0.6897178
TCGA-HT-8564-01 0.716655433333333 0.530704133333333 0.602584656102482 0.645641041446657
TCGA-DU-A7TA-01 0.920833733333333 0.748368575999336 0.490954938662233 0.735405618336908
TCGA-HT-7478-01 0.508475399270746 0.5178546 0.2516771 0.413486566666667
TCGA-QH-A6X5-01 0.287571966666667 0.408320433333333 0.725322037491072 0.287571966666667
TCGA-P5-A72W-01 0.688271738648898 0.6138722 0.683995852179622 0.6762065
TCGA-HT-8111-01 0.5342766 0.4262206 0.5119665 0.3212993
TCGA-QH-A6X9-01 0.716655433333333 0.577903033333333 0.7574595 0.848454766666667
TCGA-TQ-A7RV-02 0.521917733333333 0.52926396087102 0.546084515623525 0.522952117168858
TCGA-DU-A5TT-01 0.568016533333333 0.530704133333333 0.571975622894122 0.536311333333333
TCGA-DB-5273-01 0.7746152 0.689066333333333 0.413486566666667 0.406577012642383
TCGA-HW-8319-01 0.658523177372829 0.713179433333333 0.736288032299782 0.699792464286991
TCGA-P5-A730-01 0.508475399270746 0.779985333333333 0.731976066666667 0.635399333333333
TCGA-HT-8019-01 0.287571966666667 0.247038466666667 0.903423833333333 0.316662133333333
TCGA-P5-A733-01 0.5826091 0.408320433333333 0.741361113348766 0.6670181
TCGA-QH-A6CY-01 0.5342766 0.376163966666667 0.770444133333333 0.577208027012331
TCGA-R8-A6YH-01 0.761244266666667 0.842296166666667 0.701116484057718 0.8798778
TCGA-HT-A74O-01 0.508475399270746 0.7437617 0.374834916648033 0.694141633333333
TCGA-CS-6666-01 0.6497969 0.4333716 0.562257533333333 0.6771523
TCGA-S9-A6WQ-01 0.316037566666667 0.49262623093891 0.522758733333333 0.499987066666667
TCGA-DB-A64U-01 0.576129584372785 0.6616339 0.757625433333333 0.620843
TCGA-S9-A6TV-01 0.805843466666667 0.658750952347121 0.306326 0.701116484057718
TCGA-WY-A85E-01 0.542254002840921 0.598016415119832 0.823125233333333 0.5642705
