abscnseq ascat estimate purbayes
TCGA-24-1435-01 0.64 0.64 0.74937145061 0.764607
TCGA-24-0966-01 0.95 0.85 0.909130832082 0.7019844
TCGA-24-0970-01 0.5 0.65 0.867367410494 0.6272058
TCGA-04-1644-01 0.7 0.77 0.862117012911616 0.7987622
TCGA-61-1899-01 0.58 0.73 0.821723426047923 0.664627244876008
TCGA-13-0791-01 0.762947079549592 0.76 0.88068859522588 0.9067468
TCGA-04-1335-01 0.74 0.73 0.862696085227789 0.8224128
TCGA-13-0924-01 0.52 0.43 0.743738094707 0.4980273
TCGA-61-2003-01 0.54 0.44 0.682651099618 0.2361046
TCGA-24-2298-01 0.66 0.63 0.85023654535 0.3753073
TCGA-13-0883-01 0.6 0.57 0.750581080446 0.6409393
TCGA-42-2591-01 0.79 0.79 0.88750663406564 0.8699178
TCGA-61-2104-01 0.67 0.66 0.820434992658 0.664367010952077
TCGA-25-1313-01 0.91 0.52 0.750402041585 0.4398033
TCGA-10-0927-01 0.84 0.7 0.933693693637 0.3594114
TCGA-24-1104-01 0.58 0.5 0.802434197534 0.666059
TCGA-29-1783-01 0.63 0.64 0.770843622093 0.2323497
TCGA-61-2611-02 0.39 0.27 0.67680299292849 0.447912595300842
TCGA-29-1699-01 0.61 0.88 0.755477036944 0.686225696575694
TCGA-24-1927-01 0.93 0.77 0.881914474294977 0.6251286
TCGA-61-2000-01 0.94 0.78 0.835726593738 0.9709969
TCGA-23-1117-01 0.7 0.61 0.815645282000566 0.65553796168152
TCGA-13-0726-01 0.61 0.71 0.880497058886 0.7393686
TCGA-13-1501-01 0.57 0.62 0.854579365638 0.5658777
TCGA-30-1862-01 0.687289504464028 0.69 0.826163731988 0.7287918
TCGA-23-2643-01 0.76 0.75 0.844389151316234 0.5606032
TCGA-61-1907-01 0.78 0.7 0.79860724845 0.689990752417338
TCGA-13-0913-01 0.77 0.85 0.897600020373249 0.8812502
TCGA-57-1586-01 0.95 0.7 0.929589059377 0.8666475
TCGA-29-1695-01 0.53 0.62 0.693028460747 0.4799148
TCGA-24-1844-01 0.49 0.76 0.960319070569 0.70545784386776
TCGA-04-1646-01 0.68 0.83 0.86421035560674 0.728162385177967
TCGA-04-1516-01 0.62 0.63 0.80730630562587 0.6594628
TCGA-13-1405-01 0.51 0.65 0.798802602427 0.5545347
TCGA-61-1904-01 0.84 0.53 0.830522776802161 0.7451574
TCGA-59-2350-01 0.72 0.75 0.907769671777 0.7774711
TCGA-13-0805-01 0.88 0.75 0.885771162184145 0.7880402
TCGA-04-1342-01 0.75 0.7 0.825492224466288 0.4874088
TCGA-13-0760-01 0.76 0.76 0.822265655276 0.9621808
TCGA-23-2649-01 0.61 0.66 0.810693480116427 0.648133015484579
TCGA-29-1771-01 0.65 0.78 0.870975484218403 0.9505153
TCGA-23-2078-01 0.47 0.57 0.764263990868 0.9192116
TCGA-24-2038-01 0.38 0.68 0.930646344302 0.8415176
TCGA-13-0888-01 0.58 0.71 0.977871707415 0.5186653
TCGA-61-2008-01 0.7 0.7 0.859398044027 0.569419
TCGA-13-0723-01 0.54 0.64 0.825605989702749 0.9570024
TCGA-25-1316-01 0.96 0.9 0.911824240666 0.823401915082501
TCGA-13-2071-01 0.49 0.61 0.776940108695028 0.6027986
TCGA-13-1504-01 0.57 0.46 0.773540696148209 0.7489869
TCGA-13-0800-01 0.64 0.71 0.811814229189698 0.5065431
TCGA-29-1694-01 0.66 0.6 0.832054102329 0.5211735
TCGA-13-0891-01 0.7 0.77 0.913405856511 0.9573148
TCGA-61-2009-01 0.52 0.46 0.734329620843 0.9717456
TCGA-29-2434-01 0.9 0.81 0.9006191411182 0.782608242285438
TCGA-04-1361-01 0.67656390498307 0.66 0.84290660063 0.674131667979189
TCGA-13-1403-01 0.790058121972078 0.85 0.909596377255 0.8082709
TCGA-36-2539-01 0.56 0.55 0.765652804479587 0.4974149
TCGA-13-0807-01 0.56 0.69 0.820574349611616 0.7687675
TCGA-10-0937-01 0.89 0.81 0.837424639742 0.6813826
TCGA-61-2610-02 0.72 0.8 0.864561910070868 0.728688101261339
TCGA-13-1483-01 0.55 0.68 0.827063251789 0.7083839
TCGA-29-A5NZ-01 0.62 0.705777134184404 0.891796904228 0.6983087
TCGA-04-1357-01 0.55 0.51 0.635822534336 0.530250346462881
TCGA-29-1710-01 0.51 0.47 0.627460953501 0.4404952
TCGA-23-1124-01 0.61 0.7 0.807428854892151 0.5315193
TCGA-29-1762-01 0.74 0.82 0.933410581427 0.7925794
TCGA-59-2351-01 0.54 0.46 0.765377223794 0.3670884
TCGA-24-2024-01 0.78 0.84 0.869245230252 0.7813932
TCGA-23-2081-01 0.700345181548165 0.62 0.929562948537 0.6568023
TCGA-10-0928-01 0.772308464136231 0.85 0.962840124413 0.5403009
TCGA-04-1343-01 0.47 0.58 0.809563175082 0.5415388
TCGA-25-1319-01 0.72 0.8 0.861897604882 0.5700153
TCGA-61-1903-01 0.88 0.83 0.897829000034435 0.7451725
TCGA-13-1477-01 0.68 0.8 0.928599605522 0.6222753
TCGA-13-2065-01 0.71 0.59 0.804436996505849 0.565973
TCGA-13-0889-01 0.48 0.74 0.773403037896005 0.3126065
TCGA-61-1998-01 0.48 0.64 0.773509561326 0.601622934137235
TCGA-25-2408-01 0.33 0.56 0.740960766054523 0.6001259
TCGA-09-2043-01 0.51 0.75 0.813380997675977 0.652151940998451
TCGA-25-2398-01 0.41 0.54 0.759388294897 0.7520174
TCGA-25-1320-01 0.582118309109104 0.593928462230179 0.779712353478 0.3935007
TCGA-04-1542-01 0.82 0.8 0.969301735309 0.6926953
TCGA-13-1488-01 0.54 0.76 0.853289297901 0.9792152
TCGA-13-A5FT-01 0.7 0.779122283337568 0.966430864479 0.8046221
TCGA-30-1891-01 0.78 0.68 0.737578435536 0.7075578
TCGA-24-1434-01 0.88 0.62 0.629974896476 0.8443431
TCGA-36-2537-01 0.68 0.73 0.837326792866438 0.6607816
TCGA-36-2538-01 0.55 0.64 0.800684512073355 0.6854042
TCGA-36-2543-01 0.58 0.5 0.770873237796635 0.6221243
TCGA-13-1487-01 0.76 0.74 0.88747410922 0.729628982674572
TCGA-23-1809-01 0.68 0.73 0.950983412308 0.6758032
TCGA-09-1673-01 0.74 0.78 0.905184382229 0.8230876
TCGA-61-1738-01 0.72 0.75 0.903361162949 0.883512
TCGA-13-0904-01 0.93 0.78 0.883705740643612 0.6226791
TCGA-13-0893-01 0.63 0.7 0.835027006671 0.672086388390578
TCGA-24-1470-01 0.69 0.8 0.753906884149 0.681092434457214
TCGA-61-2012-01 0.5 0.51 0.786604013007 0.576023227536014
TCGA-23-1121-01 0.771946560747459 0.85 0.886169494028908 0.761000176824717
TCGA-10-0926-01 0.62 0.75 0.916367145954 0.6910112
TCGA-29-1711-01 0.69 0.8 0.789362590603 0.694324497072598
TCGA-13-0921-01 0.62 0.76 0.85212069742308 0.8480977
TCGA-13-0912-01 0.95 0.86 0.928955976097006 0.887022
TCGA-04-1649-01 0.62 0.68 0.817319775552223 0.658042006662977
TCGA-42-2589-01 0.71 0.77 0.855558012155159 0.71522363293474
TCGA-24-1424-01 0.65811401669314 0.67 0.874179556515 0.444809
TCGA-09-2051-01 0.63 0.65 0.860066910069 0.668090487635549
TCGA-61-1895-01 0.51 0.64 0.782969135000863 0.5694311
TCGA-24-2019-01 0.83 0.75 0.885979982196 0.3803514
TCGA-13-2057-01 0.53 0.63 0.769133605244293 0.4157997
TCGA-13-0794-01 0.61 0.89 0.86214333264196 0.6967774
TCGA-13-2066-01 0.59 0.7 0.816461709084148 0.656758850313397
TCGA-13-0887-01 0.71 0.72 0.888641189051 0.8872086
TCGA-29-1776-01 0.85 0.85 0.860151096356 0.8807964
TCGA-24-2281-01 0.57 0.46 0.781136214164 0.6027491
TCGA-25-2393-01 0.85 0.74 0.898345385071 0.5570848
TCGA-29-1778-01 0.707769037186532 0.67 0.845290033778 0.8452513
TCGA-04-1332-01 0.42 0.44 0.811876392225 0.2113354
TCGA-61-2101-01 0.79 0.67 0.881098235101 0.714871647001702
TCGA-20-1686-01 0.708661648125666 0.73 0.902505466889 0.5597539
TCGA-25-2399-01 0.77 0.75 0.795989120953 0.7528026
TCGA-59-2354-01 0.45 0.6 0.71060331057 0.561174461530709
TCGA-20-1685-01 0.69 0.62 0.8216631323 0.9375509
TCGA-24-1845-01 0.83 0.76 0.899097504793 0.754001378290639
TCGA-24-1428-01 0.93 0.73 0.794087088923 0.727804512990505
TCGA-61-2094-01 0.39 0.54 0.67602489359 0.3942177
TCGA-61-1737-01 0.49 0.72 0.752111629794 0.5098285
TCGA-59-2352-01 0.51 0.6 0.856233727257 0.3063798
TCGA-61-1725-01 0.58 0.77 0.790973821374 0.8157122
TCGA-61-1995-01 0.59 0.61 0.824860117901 0.7633563
TCGA-25-1329-01 0.57 0.7 0.833064504208 0.6397354
TCGA-24-1847-01 0.69 0.54 0.780133632272086 0.4537733
TCGA-13-0910-01 0.54 0.73 0.814239064144052 0.653435097348031
TCGA-24-1416-01 0.63 0.56 0.914747744488 0.7385974
TCGA-04-1648-01 0.54 0.78 0.910060668298 0.8315559
TCGA-13-0916-01 0.81 0.76 0.889856835825 0.8471312
TCGA-25-2404-01 0.6 0.6 0.807586120014 0.6400715
TCGA-23-2077-01 0.5 0.54 0.819656956862 0.4423322
TCGA-24-1471-01 0.77 0.82 0.892983859402 0.4194629
TCGA-04-1371-01 0.89 0.59 0.818546965450825 0.4159147
TCGA-61-1900-01 0.88 0.86 0.964142536259 0.9610622
TCGA-24-2030-01 0.92 0.73 0.885340502230823 0.759760498863814
TCGA-23-1114-01 0.52 0.68 0.953140241308 0.9654824
TCGA-24-1550-01 0.63 0.74 0.693383335573 0.629897628623117
TCGA-13-1499-01 0.56 0.41 0.661108652499 0.6146913
TCGA-24-1430-01 0.8 0.82 0.961368246374 0.786950509865405
TCGA-61-2096-01 0.81 0.79 0.892145719080166 0.8846995
TCGA-23-1123-01 0.81 0.71 0.789363213688 0.5829851
TCGA-13-0920-01 0.64 0.67 0.941544279213 0.8616908
TCGA-29-1784-01 0.54 0.65 0.776093053814 0.7062792
TCGA-13-2061-01 0.64 0.58 0.807510347418129 0.7327968
TCGA-23-1031-01 0.77 0.45 0.789859856930519 0.6096193
TCGA-09-0365-01 0.66 0.79 0.832793676844229 0.5223166
TCGA-13-1484-01 0.58 0.47 0.746404882262351 0.4339158
TCGA-29-1690-01 0.6 0.68 0.703476397248 0.6071399
TCGA-61-1730-01 0.53 0.71 0.802001821585487 0.5860616
TCGA-13-1411-01 0.44 0.37 0.526168844249 0.6322383
TCGA-09-1674-01 0.69 0.82 0.863703843602794 0.727404944911759
TCGA-36-2547-01 0.73 0.72 0.847412180707524 0.70304232095772
TCGA-25-1323-01 0.654917227983904 0.664396452158579 0.915483334516 0.3159536
TCGA-04-1346-01 0.51 0.49 0.79024194728871 0.9558371
TCGA-24-1419-01 0.85 0.86 0.976011977274 0.813586914378087
TCGA-61-1740-01 0.56 0.74 0.749633305964 0.5786228
TCGA-04-1369-01 0.61 0.65 0.808315877636513 0.644577538336378
TCGA-24-2293-01 0.4 0.34 0.612727291392 0.8358321
TCGA-09-2044-01 0.78 0.81 0.81692745157 0.8367542
TCGA-29-1769-01 0.73 0.74 0.813607746164 0.9710809
TCGA-25-2392-01 0.66 0.52 0.736088265902 0.6198681
TCGA-09-1670-01 0.71 0.69 0.857062313192 0.45361547
TCGA-23-1118-01 0.45 0.45 0.838084223092 0.5754075
TCGA-24-1103-01 0.9 0.83 0.96592352753 0.9286026
TCGA-30-1857-01 0.62 0.7 0.703145865563 0.5530875
TCGA-42-2588-01 0.59 0.57 0.785552876845265 0.610537647386776
TCGA-13-0720-01 0.71 0.83 0.96070790437 0.8309127
TCGA-24-1849-01 0.38 0.37 0.564224896455 0.4546523
TCGA-29-1777-01 0.7 0.78 0.745832177959 0.7418778
TCGA-04-1353-01 0.93 0.78 0.909307992880909 0.8848847
TCGA-30-1718-01 0.52 0.51 0.777968271862 0.6066835
TCGA-61-2612-01 0.45 0.52 0.747469597782148 0.553587745297848
TCGA-59-2348-01 0.62 0.57 0.875474378305 0.5669874
TCGA-24-1417-01 0.82 0.57 0.715894433451 0.632835287638875
TCGA-13-0765-01 0.686885389381488 0.62 0.890885025417 0.683531825183636
TCGA-24-1616-01 0.82 0.74 0.938308364227 0.6133502
TCGA-24-0980-01 0.75 0.67 0.840917057591055 0.7077666
TCGA-29-1774-01 0.75 0.69 0.97608918821 0.8060273
TCGA-23-1030-01 0.76 0.77 0.873537885583 0.5268352
TCGA-24-1551-01 0.75 0.75 0.790205518927 0.693896774247979
TCGA-13-1500-01 0.52 0.58 0.781226527356972 0.659988
TCGA-24-1426-01 0.75 0.83 0.918586533977 0.9781678
TCGA-24-2288-01 0.569223828692228 0.47 0.765862591489 0.6093243
TCGA-OY-A56Q-01 0.573223741732709 0.585318687607355 0.765142555150416 0.3970636
TCGA-29-1768-01 0.79 0.55 0.576863041035 0.8180751
TCGA-30-1714-01 0.82 0.84 0.934278818756 0.5769549
TCGA-25-1315-01 0.79 0.87 0.896115135199111 0.7917237
TCGA-24-0975-01 0.58 0.41 0.773242222454 0.561153013450896
TCGA-36-2533-01 0.64 0.64 0.799491905184648 0.5259073
TCGA-23-1113-01 0.89 0.85 0.914983080108 0.8829367
TCGA-23-1027-01 0.77 0.75 0.792635428725 0.7392312
TCGA-31-1950-01 0.35 0.44 0.886729308755 0.6289906
TCGA-61-1722-01 0.59 0.55 0.784142525081207 0.6376832
TCGA-13-0908-01 0.95 0.63 0.737203295363 0.684093411788372
TCGA-24-1843-01 0.75 0.73 0.782971983503 0.5290315
TCGA-13-0897-01 0.94 0.75 0.810521735838 0.8095448
TCGA-09-0366-01 0.67 0.61 0.748851598274 0.4311626
TCGA-04-1349-01 0.600293638520129 0.68 0.781628768259616 0.3247606
TCGA-30-1856-01 0.72 0.617698158636113 0.785514716410439 0.2982168
TCGA-25-2397-01 0.82 0.81 0.917838772568 0.8882366
TCGA-24-1425-01 0.57 0.66 0.693768961676 0.5489366
TCGA-61-1911-01 0.6 0.69 0.744780368517 0.713433
TCGA-23-2645-01 0.664876802466508 0.66 0.820961456243163 0.663487791897081
TCGA-61-1919-01 0.61 0.553228010312568 0.659885612016 0.4442965
TCGA-31-1953-01 0.55 0.59 0.631982997385 0.8030023
TCGA-13-1511-01 0.82 0.82 0.888272528712 0.7783889
TCGA-04-1367-01 0.82 0.85 0.902493703715875 0.8495451
TCGA-24-1422-01 0.59 0.61 0.694287340923 0.9401441
TCGA-61-2109-01 0.87 0.7 0.90703415205 0.749353377674728
TCGA-24-1469-01 0.48 0.82 0.93322444619 0.8020559
TCGA-13-0764-01 0.6 0.7 0.818332799560116 0.659556887195391
TCGA-04-1356-01 0.711520830592719 0.67 0.901396295022 0.705968231735972
TCGA-61-2614-01 0.62 0.58 0.781628271723019 0.5004549
TCGA-04-1655-01 0.7 0.77 0.795812394084892 0.1197031
TCGA-24-2289-01 0.58 0.56 0.71262571844 0.578553309385399
TCGA-61-2613-01 0.54 0.68 0.806985509490589 0.6831216
TCGA-WR-A838-01 0.68 0.640770511912406 0.800031127168829 0.4643677
TCGA-04-1347-01 0.72 0.69 0.953472735346 0.5288537
TCGA-61-1914-01 0.66 0.56 0.820205502423 0.7572864
TCGA-29-2429-01 0.55 0.51 0.761565288977614 0.5550964
TCGA-59-2349-01 0.45 0.9 0.85719060914386 0.8870954
TCGA-57-1993-01 0.65 0.81 0.903764472575 0.9379198
TCGA-29-1781-01 0.75 0.72 0.718987166062 0.6564246
TCGA-29-1698-01 0.63 0.648977997396972 0.83391504737 0.498476
TCGA-24-1562-01 0.7 0.78 0.816112644155 0.8226006
TCGA-23-1116-01 0.44 0.32 0.633926594403 0.455750567573999
TCGA-61-1913-01 0.88 0.84 0.911728379136428 0.8667283
TCGA-36-2545-01 0.92 0.57 0.847421182311387 0.7041254
TCGA-42-2590-01 0.65 0.7 0.831510366491019 0.7126912
TCGA-3P-A9WA-01 0.84 0.824545346559733 0.958737756848 0.8792495
TCGA-20-0990-01 0.89 0.75 0.884482435762748 0.758477342514234
TCGA-13-1410-01 0.73 0.75 0.838776905186 0.6449759
TCGA-24-1474-01 0.64 0.77 0.869697964936 0.5174116
TCGA-24-1436-01 0.66 0.69 0.829453526151 0.835652
TCGA-13-0894-01 0.512725040698841 0.39 0.728297402547631 0.524917560684124
TCGA-42-2582-01 0.88 0.67 0.853498561415797 0.6238783
TCGA-13-0751-01 0.793965582687505 0.84 0.899579603827644 0.8831
TCGA-24-1467-01 0.67 0.76 0.932788845583 0.7994986
TCGA-13-0911-01 0.45 0.51 0.709385984324 0.9157427
TCGA-20-1683-01 0.748783866263863 0.81 0.91629466361 0.6089574
TCGA-23-2641-01 0.86 0.84 0.905879842998194 0.83956
TCGA-13-0886-01 0.53 0.42 0.672022814541 0.515547371186805
TCGA-09-2045-01 0.87 0.81 0.902312031925 0.8844323
TCGA-36-2552-01 0.62 0.79 0.843473402831278 0.697152255293194
TCGA-13-0804-01 0.82 0.81 0.802346317574 0.8543714
TCGA-29-1705-01 0.68863221655756 0.75 0.799821198239 0.6891992
TCGA-13-2059-01 0.64 0.65 0.803749469157594 0.5487164
TCGA-61-1736-01 0.77 0.74 0.851244410325 0.801748
TCGA-04-1331-01 0.67 0.75 0.931919833429 0.87259
TCGA-36-2530-01 0.92 0.82 0.918406440416767 0.9112522
TCGA-59-A5PD-01 0.63 0.731413224230597 0.934177267652 0.717470784363634
TCGA-29-1697-01 0.97 0.8 0.978652608327 0.9503254
TCGA-13-1507-01 0.67 0.65 0.688314704686 0.9613248
TCGA-29-1770-01 0.709153165894666 0.69 0.82688079151 0.8660269
TCGA-61-1733-01 0.83 0.79 0.862699595636 0.633483
TCGA-09-2049-01 0.721229306824903 0.76 0.855281476130398 0.714810099753731
TCGA-61-1915-01 0.73 0.69 0.825634608119763 0.5423913
TCGA-24-2035-01 0.51 0.55 0.594593344749 0.5324617
TCGA-04-1336-01 0.88 0.74 0.880233742806867 0.752123828484038
TCGA-13-0757-01 0.59 0.66 0.806951299164492 0.642536941720591
TCGA-29-2431-01 0.58 0.82 0.829367055282129 0.5557566
TCGA-36-2534-01 0.86 0.83 0.897889984174158 0.778527049053864
TCGA-57-1992-01 0.64 0.81 0.870695128387326 0.9016245
TCGA-13-0795-01 0.38 0.48 0.722762529557 0.864122
TCGA-10-0934-01 0.55 0.81 0.851870013706501 0.8561098
TCGA-61-2092-01 0.47 0.88 0.848882893424826 0.8108719
TCGA-04-1341-01 0.72 0.67 0.910027872454 0.710969950323653
TCGA-13-0890-01 0.57 0.54 0.76452819458 0.6776066
TCGA-09-2050-01 0.91 0.89 0.933755970152193 0.9392559
TCGA-09-2053-01 0.56 0.74 0.824543816622 0.562913
TCGA-13-1512-01 0.72 0.77 0.819413911447 0.8365255
TCGA-23-2079-01 0.75 0.72 0.851154361659459 0.708638394721709
TCGA-61-2018-01 0.5 0.68 0.794866689840611 0.624465564079045
TCGA-59-2355-01 0.53 0.67 0.85326647901 0.649891409494171
TCGA-13-1498-01 0.8 0.82 0.805900398142 0.8358809
TCGA-10-0933-01 0.94 0.8 0.939157384472 0.8955528
TCGA-10-0930-01 0.683265261914765 0.55 0.832160466848728 0.9768332
TCGA-13-1497-01 0.77 0.73 0.873705769055 0.5651255
TCGA-24-2260-01 0.94 0.69 0.863362450106669 0.5851213
TCGA-20-0996-01 0.32 0.43 0.740709691208823 0.8842512
TCGA-61-2088-01 0.95 0.8 0.978442117637 0.7920522
TCGA-13-1505-01 0.66 0.7 0.847439146258 0.683017838536355
TCGA-13-0884-01 0.61 0.54 0.791499343381 0.3408853
TCGA-13-0714-01 0.71 0.71 0.796942708455 0.2840476
TCGA-36-2548-01 0.78 0.7 0.852012428127534 0.709921551071289
TCGA-13-0725-01 0.67 0.74 0.790662093093 0.7073713
TCGA-04-1360-01 0.75 0.79 0.867797579018857 0.73352673475912
TCGA-29-1763-01 0.56 0.66 0.861019855427 0.2452614
TCGA-23-1122-01 0.52 0.69 0.898947024599 0.5232137
TCGA-29-2436-01 0.56 0.68 0.808886510659982 0.6698612
TCGA-20-1684-01 0.64 0.85 0.966770488738 0.763375140343954
TCGA-57-1994-01 0.69 0.6 0.813638996946 0.8990573
TCGA-29-1696-01 0.86 0.87 0.928250839673 0.8824033
TCGA-23-1029-01 0.72 0.8 0.926519153827 0.751810541374501
TCGA-13-0797-01 0.81 0.86 0.885830477206 0.6226438
TCGA-13-1482-01 0.7 0.81 0.8671673718 0.757401
TCGA-24-1423-01 0.8 0.72 0.899270340352 0.737094008184049
TCGA-13-1481-01 0.36 0.525380620720552 0.828918556552 0.189275
TCGA-25-1321-01 0.790401013078459 0.85 0.920821364105 0.777807328425893
TCGA-24-2295-01 0.621583819534738 0.7 0.794594996542519 0.381124
TCGA-24-0979-01 0.52 0.71 0.936222610882 0.9111861
TCGA-61-1901-01 0.73 0.66 0.834889078722015 0.6995553
TCGA-24-1552-01 0.87 0.86 0.930594326651 0.800836550917669
TCGA-61-2087-01 0.89 0.74 0.88848203255271 0.8202336
TCGA-24-1549-01 0.8 0.74 0.881842329508 0.7963271
TCGA-36-2542-01 0.58 0.68 0.813953540581503 0.6890257
TCGA-61-1910-01 0.97 0.91 0.920942945817 0.9781774
TCGA-61-2102-01 0.86 0.66 0.815511646803 0.8751738
TCGA-29-2427-01 0.554934653912183 0.65 0.587467708613 0.6628436
TCGA-24-2261-01 0.58 0.66 0.724575046564 0.9754164
TCGA-13-0768-01 0.81 0.23 0.517355434936 0.465923468800091
TCGA-30-1855-01 0.64 0.67 0.781797544531 0.4034403
TCGA-29-2432-01 0.57 0.55 0.777055490933502 0.597830619326384
TCGA-61-2111-01 0.52 0.632958706800488 0.875859301177 0.4572632
TCGA-09-1672-01 0.64 0.62 0.788174747715155 0.4515921
TCGA-04-1362-01 0.83 0.8 0.91473105876 0.770508447718793
TCGA-13-1495-01 0.66 0.67 0.904878544577 0.6831497
TCGA-24-2036-01 0.92 0.83 0.955996527837 0.9552527
TCGA-13-0923-01 0.62 0.68 0.898514600414 0.5211442
TCGA-13-1409-01 0.67 0.88 0.975308083634 0.1073105
TCGA-29-1703-01 0.92 0.82 0.907478199727 0.6435729
TCGA-24-2254-01 0.76 0.74 0.835698797315 0.710306446542149
TCGA-04-1652-01 0.82 0.81 0.863620184052165 0.5346008
TCGA-23-1022-01 0.81 0.76 0.958407078785 0.771936204796665
TCGA-29-1693-01 0.63 0.69 0.818606212342 0.7567665
TCGA-13-1404-01 0.8 0.84 0.851132489929 0.8459447
TCGA-29-1766-01 0.51 0.52 0.778316068413 0.57769807317616
TCGA-29-1785-01 0.86 0.7 0.735559797253 0.8534982
TCGA-24-1846-01 0.84 0.86 0.791860812688 0.9064206
TCGA-25-2391-01 0.76 0.82 0.90223926081 0.805911
TCGA-31-1959-01 0.610120251927836 0.65 0.66595627337 0.7862083
TCGA-29-1707-01 0.771036270124498 0.83 0.88561510531737 0.7984004
TCGA-24-1463-01 0.69 0.8 0.80128576715 0.8145413
TCGA-24-1850-01 0.78 0.73 0.81106598515 0.2792575
TCGA-29-1688-01 0.94 0.68 0.721879426304 0.8374994
TCGA-13-1506-01 0.89 0.83 0.934949169835 0.798656799631153
TCGA-29-1691-01 0.64 0.78 0.894299834325 0.71765200366233
TCGA-20-1687-01 0.8 0.73 0.811162488832 0.8199156
TCGA-25-2042-01 0.36 0.32 0.629842081064 0.373005
TCGA-24-1842-01 0.62 0.63 0.760897474295 0.1361482
TCGA-13-1509-01 0.57 0.71 0.812535922622 0.7238532
TCGA-24-2290-01 0.66 0.7 0.818076483723 0.9425632
TCGA-24-2280-01 0.46 0.52 0.77839524031 0.4289953
TCGA-13-0903-01 0.63 0.81 0.851921798439985 0.7257221
TCGA-61-2110-01 0.54 0.79 0.923106190558 0.7128437
TCGA-25-1322-01 0.686738093319156 0.72 0.827887167446 0.657881
TCGA-13-2060-01 0.56 0.58 0.793932678014 0.610033870921494
TCGA-29-1702-01 0.76 0.85 0.952518662823 0.3883183
TCGA-61-1727-01 0.63 0.53 0.814872646546519 0.9285364
TCGA-24-2033-01 0.78 0.71 0.865977109397 0.717801328706001
TCGA-24-2271-01 0.9 0.63 0.759462302079 0.5018862
TCGA-30-1853-01 0.805758063362497 0.91 0.906761505961249 0.791793561538708
TCGA-29-1764-01 0.59 0.52 0.746905919455058 0.3187086
TCGA-61-2002-01 0.49 0.66 0.666117512135 0.6048371
TCGA-13-1496-01 0.75 0.66 0.801700967695 0.5239796
TCGA-23-1110-01 0.94 0.86 0.919991515421641 0.811577775554423
TCGA-13-0803-01 0.46 0.62 0.773116713057256 0.591940553661858
TCGA-10-0935-01 0.88 0.75 0.882611345286781 0.75567930563224
TCGA-29-1701-01 0.58 0.64 0.766149654392 0.526119
TCGA-61-1741-01 0.66 0.74 0.884925733729 0.9123478
TCGA-13-1485-01 0.68 0.73 0.818276233715 0.2565089
TCGA-24-1431-01 0.83 0.79 0.860928855567 0.747761318612544
TCGA-09-0369-01 0.8 0.81 0.886381971545 0.3918127
TCGA-13-0758-01 0.64 0.61 0.809424674518286 0.6900181
TCGA-09-2055-01 0.66 0.74 0.839069752335578 0.690567017080164
TCGA-25-2409-01 0.6 0.62 0.766025539013 0.7920223
TCGA-25-1328-01 0.637828178772341 0.647854572604056 0.778854940106 0.638853610894192
TCGA-23-2072-01 0.62 0.74 0.8161460511851 0.5212527
TCGA-13-1492-01 0.92 0.88 0.965740703663 0.8226931
TCGA-61-1906-01 0.78 0.74 0.830682333108537 0.40829
TCGA-23-2084-01 0.73 0.61 0.818969873894 0.8295279
TCGA-24-1563-01 0.685866525755008 0.8 0.739273123382 0.7437118
TCGA-20-0991-01 0.560220976270267 0.5 0.624093519132 0.901921
TCGA-13-1489-01 0.85 0.75 0.972055212366 0.7572899
TCGA-OY-A56P-01 0.94 0.747281367042946 0.867044461473615 0.5037148
TCGA-61-2097-01 0.54 0.55 0.808105320347 0.6963387
TCGA-13-1412-01 0.64 0.66 0.81630675154433 0.656527126130562
TCGA-13-1491-01 0.76 0.84 0.894677860034863 0.8884824
TCGA-23-1032-01 0.62 0.52 0.779278135873598 0.601154372291751
TCGA-61-2095-01 0.54 0.56 0.756919284832 0.586684670091075
TCGA-61-1728-01 0.720311851411072 0.75 0.917149146264 0.5498098
TCGA-25-1314-01 0.81 0.78 0.880708273115 0.748275341027943
TCGA-36-2544-01 0.86 0.82 0.908678413330139 0.9098111
TCGA-13-0899-01 0.67 0.65 0.872757148966 0.681225471760009
TCGA-20-1682-01 0.705752024820618 0.76 0.765452989742 0.8774595
TCGA-24-1466-01 0.6 0.7 0.81592854721327 0.6349337
TCGA-29-1761-01 0.53 0.77 0.82900711192 0.8598454
TCGA-61-2113-01 0.6 0.4 0.75724391262 0.97133
TCGA-24-1565-01 0.67 0.77 0.859100238225 0.6891619
TCGA-04-1651-01 0.81 0.87 0.947933248075 0.8709193
TCGA-13-0905-01 0.86 0.86 0.933115521414 0.8554902
TCGA-59-2372-01 0.9 0.8 0.877005539717511 0.5615637
TCGA-24-2267-01 0.45 0.47 0.717591761303 0.4147164
TCGA-24-1427-01 0.45 0.53 0.73319833936 0.550929818962531
TCGA-09-1675-01 0.93 0.88 0.922875629905502 0.815890692968832
TCGA-23-1111-01 0.69 0.78 0.957796102611 0.4825875
TCGA-20-0987-01 0.56 0.48 0.673953641551 0.4838501
TCGA-04-1638-01 0.97 0.84 0.919117713875362 0.7951234
TCGA-13-1494-01 0.8 0.61 0.840754659736386 0.7490482
TCGA-24-2262-01 0.664664356745495 0.65 0.826640844208 0.66641
TCGA-VG-A8LO-01 0.88 0.828862800710844 0.969220731513 0.8100427
TCGA-5X-AA5U-01 0.63 0.72473911084413 0.978503643701 0.5472023
TCGA-10-0931-01 0.88 0.8 0.914831162539 0.8225648
TCGA-61-2016-01 0.61 0.64 0.865029201189 0.7437208
TCGA-25-2400-01 0.745623108256662 0.73 0.922534166477 0.737026436030687
TCGA-42-2587-01 0.47 0.44 0.765407253598359 0.8709253
TCGA-25-1312-01 0.87 0.77 0.892838398022 0.6005276
TCGA-04-1348-01 0.63 0.73 0.791694612097 0.6704081
TCGA-36-2532-01 0.7 0.72 0.854282205763732 0.8224958
TCGA-24-1464-01 0.69 0.73 0.868815780843 0.7185053
TCGA-29-1775-01 0.63 0.81 0.850099698267074 0.707061246471592
TCGA-36-2540-01 0.4 0.67 0.781474283179927 0.6717496
TCGA-59-2363-01 0.83 0.85 0.946713329844 0.795785012679175
TCGA-25-2401-01 0.44 0.55 0.613277756907 0.5852534
TCGA-42-2593-01 0.77 0.74 0.884694661498908 0.9778223
TCGA-09-0367-01 0.74 0.8 0.878926525796 0.738248476776862
TCGA-09-0364-01 0.730168218842709 0.82 0.860725486857414 0.6311673
TCGA-25-2396-01 0.64 0.75 0.810212900679 0.678266304064092
TCGA-13-0755-01 0.75 0.76 0.866274968106778 0.7803169
TCGA-13-0717-01 0.91 0.89 0.921511051433481 0.813850096353045
TCGA-24-1603-01 0.8 0.66 0.926304665995 0.6789282
TCGA-25-1326-01 0.604626843673837 0.61571630209822 0.739489118437 0.60861592828225
TCGA-09-1664-01 0.78 0.85 0.899992945648344 0.8893926
TCGA-24-1413-01 0.84 0.73 0.91677136331 0.9277861
TCGA-13-0885-01 0.49 0.43 0.716840567589 0.360231
TCGA-13-0724-01 0.8 0.62 0.885388975893 0.805252
TCGA-23-2647-01 0.58 0.47 0.759905761570157 0.572184839022766
TCGA-09-2056-01 0.87 0.83 0.831498212202 0.8033546
TCGA-24-1564-01 0.38 0.41 0.646314666821 0.3252955
TCGA-24-1418-01 0.69 0.64 0.859367724662 0.6643829
TCGA-13-1510-01 0.75 0.81 0.900184154163 0.8558676
TCGA-13-A5FU-01 0.556351212028038 0.568986394880039 0.754866781933143 0.3533923
