abscnseq ascat estimate purbayes
TCGA-32-1986-01 0.4 0.52 0.706389213879643 0.5199349
TCGA-06-2566-01 0.58 0.5 0.795196399643586 0.9189675
TCGA-02-0047-01 0.37 0.68 0.759964070042 0.6223894
TCGA-06-0174-01 0.78 0.88 0.900734569343 0.888833239344364
TCGA-06-A5U1-01 0.63 0.629130780145181 0.775068564213523 0.61559
TCGA-74-6577-01 0.43 0.55 0.727504066476588 0.588922353427801
TCGA-32-1976-01 0.5 0.66 0.792106466261023 0.7996867
TCGA-12-1602-01 0.72 0.69 0.84909295877656 0.9181233
TCGA-06-2562-01 0.62 0.7 0.780166807931 0.7238574
TCGA-41-2571-01 0.56 0.7 0.900294811767 0.6732769
TCGA-12-1088-01 0.54 0.49 0.768010972618615 0.8007691
TCGA-28-1752-01 0.68 0.52 0.710502027067609 0.2986348
TCGA-19-5950-01 0.66 0.74 0.825735621305994 0.7764962
TCGA-06-0168-01 0.5 0.61 0.704482876747 0.6231664
TCGA-06-0646-01 0.63 0.75 0.748727968872 0.7786722
TCGA-76-6662-01 0.38 0.55 0.703227261003866 0.4863808
TCGA-14-0790-01 0.77 0.83 0.929401337192 0.8715258
TCGA-02-0055-01 0.42 0.49 0.562113187357 0.6425278
TCGA-06-0240-01 0.35 0.67 0.763786882681631 0.7499643
TCGA-28-5208-01 0.81 0.77 0.800161716222 0.8699273
TCGA-06-0213-01 0.36 0.58 0.723220394379496 0.5925495
TCGA-12-0670-01 0.37 0.82 0.804886681440058 0.8201194
TCGA-76-6286-01 0.83 0.84 0.882077331274144 0.8601989
TCGA-32-2638-01 0.56 0.78 0.813712871107431 0.7491088
TCGA-14-1037-01 0.44 0.51 0.744451554162213 0.7251363
TCGA-14-0787-01 0.71 0.8 0.830717574105 0.82764
TCGA-32-2632-01 0.55 0.71 0.712520534002 0.6169691
TCGA-14-1794-01 0.66 0.47 0.755351285520666 0.64026787903474
TCGA-14-1795-01 0.65 0.64 0.796600333821659 0.716324093569056
TCGA-74-6575-01 0.39 0.61 0.733263501698122 0.594728
TCGA-14-0813-01 0.5 0.72 0.78553421368426 0.69592005415726
TCGA-06-5412-01 0.34 0.342713846125863 0.593749728455 0.1976981
TCGA-12-0827-01 0.41 0.493632337203503 0.696062265584132 0.4770026
TCGA-06-1800-01 0.53 0.62 0.766329075383484 0.660509052475316
TCGA-76-6664-01 0.51 0.68 0.773129514960408 0.6550164
TCGA-19-1790-01 0.486947248015026 0.52 0.731801300785661 0.596845721068436
TCGA-19-1389-02 0.43 0.6 0.616045644106 0.537953631728822
TCGA-14-3476-01 0.627356998021222 0.7 0.807149488745066 0.735774937238365
TCGA-14-0781-01 0.27 0.4 0.700982297375 0.2469205
TCGA-14-1451-01 0.53 0.74 0.803789915910658 0.75834
TCGA-19-2620-01 0.4 0.64 0.844650628461 0.5528204
TCGA-14-1821-01 0.9 0.9 0.915336198921063 0.9352527913422
TCGA-06-6693-01 0.89 0.8 0.884869492301054 0.8670466
TCGA-26-5136-01 0.95 0.75 0.751396126425 0.7147591
TCGA-4W-AA9R-01 0.71 0.72406342514737 0.830421797342182 0.7778517
TCGA-06-0879-01 0.45 0.72 0.781774199419107 0.7171811
TCGA-76-6660-01 0.56 0.65 0.819345120385999 0.9219958
TCGA-14-1034-02 0.9 0.85 0.960699651738 0.946590210253897
TCGA-28-2509-01 0.704056873438755 0.81 0.842131524986 0.811666059981756
TCGA-27-1832-01 0.79 0.59 0.701694240569 0.4834071
TCGA-28-2499-01 0.674140489769861 0.727207340676938 0.849593141583 0.782065126046791
TCGA-19-1388-01 0.58 0.59 0.744947535898948 0.5195929
TCGA-06-5858-01 0.61 0.69 0.796490830315 0.721681077135473
TCGA-14-1396-01 0.97 0.72 0.884123169761002 0.877701285553729
TCGA-28-2506-01 0.61 0.51 0.755062318860304 0.639735073764825
TCGA-06-6697-01 0.3 0.29 0.639440532021449 0.4495988
TCGA-12-0819-01 0.53 0.65 0.782166215766154 0.72402
TCGA-06-0139-01 0.08271808546704 0.182897849180989 0.419070794917 0.196878904637666
TCGA-14-4157-01 0.68 0.84 0.864281819129131 0.8846657
TCGA-06-A7TK-01 0.42 0.578788813063982 0.745715219640257 0.6768425
TCGA-19-1788-01 0.440143998012961 0.46 0.706685238132526 0.550535982345126
TCGA-26-1439-01 0.78 0.61 0.812742803588304 0.7315165
TCGA-32-4213-01 0.37 0.65 0.655302276585 0.6409455
TCGA-12-0829-01 0.65 0.42 0.740504622961941 0.612893163757786
TCGA-06-6694-01 0.61 0.58 0.793190930097283 0.7950189
TCGA-28-1751-01 0.63 0.38 0.77239166159917 0.8656253
TCGA-12-0826-01 0.463449344901864 0.5 0.719191603664597 0.5627848
TCGA-06-0209-01 0.53 0.57 0.721753531204228 0.4449542
TCGA-14-1823-01 0.65 0.48 0.706980177929 0.66975
TCGA-06-0214-01 0.3 0.6 0.722881302142628 0.6218735
TCGA-06-0650-01 0.3 0.353225062883052 0.61419373039015 0.2296997
TCGA-19-5956-01 0.56 0.79 0.842432586494585 0.9117251
TCGA-12-0662-01 0.63 0.68 0.802604279251302 0.72739434562232
TCGA-02-2483-01 0.55 0.57 0.821937009647 0.7322786
TCGA-19-2621-01 0.75 0.72 0.837975147767633 0.792612198517084
TCGA-OX-A56R-01 0.85 0.79557611710011 0.872119347318028 0.829996
TCGA-12-1093-01 0.3 0.4 0.715716407888445 0.7923325
TCGA-14-2554-01 0.53 0.75 0.757829024505 0.624954
TCGA-12-3649-01 0.53 0.72 0.799655368727586 0.7547606
TCGA-06-0152-01 0.75 0.49 0.792968692021394 0.7667811
TCGA-06-0648-01 0.82 0.75 0.860224286018242 0.8332849
TCGA-14-0871-01 0.75 0.82375445660519 0.938598735036 0.885862768455573
TCGA-41-3392-01 0.8 0.81 0.861175431989831 0.7924961
TCGA-14-3477-01 0.63 0.81 0.782242579922124 0.4656268
TCGA-28-5204-01 0.73 0.82 0.851916994019 0.8091888
TCGA-16-1045-01 0.34 0.36 0.622175197762 0.6015963
TCGA-27-1833-01 0.79 0.86 0.869534655388501 0.798304
TCGA-76-4935-01 0.68 0.83 0.853266192199723 0.8288797
TCGA-14-1455-01 0.62 0.81 0.847025471258509 0.8653307
TCGA-19-1387-01 0.75 0.74 0.84307475784579 0.802015010318109
TCGA-28-5207-01 0.67 0.73 0.813532574493 0.7396081
TCGA-06-2557-01 0.67 0.39 0.681671727357 0.6855915
TCGA-19-4065-01 0.46 0.38 0.67728469807 0.9482771
TCGA-26-5134-01 0.9 0.67 0.881488617638 0.8540732
TCGA-06-1084-01 0.33 0.5 0.701453265841032 0.5730491
TCGA-19-5954-01 0.65 0.6 0.795813925921968 0.7543176
TCGA-06-0171-01 0.45 0.59 0.736352727347958 0.5819989
TCGA-19-2619-01 0.83 0.72 0.885500613747 0.7694806
TCGA-06-0130-01 0.31 0.3 0.453474461963 0.3718268
TCGA-26-6174-01 0.29 0.3 0.641633900193549 0.4609393
TCGA-12-1089-01 0.63 0.73 0.815353304446692 0.750901375124881
TCGA-14-0736-01 0.55 0.54 0.750037868040873 0.6301022
TCGA-28-5219-01 0.58 0.72 0.794824731538651 0.6816619
TCGA-19-5960-01 0.86 0.83 0.961875561752 0.8566906
TCGA-15-1444-01 0.44 0.54 0.778655359981 0.4476903
TCGA-27-2523-01 0.77 0.84 0.908120814043 0.894493
TCGA-06-A6S0-01 0.64 0.710860136457113 0.822723236779376 0.8070336
TCGA-28-2513-01 0.21 0.2 0.643461293439 0.3478354
TCGA-41-4097-01 0.33 0.6 0.715277037396 0.4710136
TCGA-19-2624-01 0.6 0.84 0.961284146288 0.8554969
TCGA-32-1979-01 0.6 0.42 0.736774136927388 0.6343325
TCGA-06-0644-01 0.47 0.46 0.663893833667 0.532667842788428
TCGA-06-6389-01 0.55 0.62 0.787948906628062 0.7733882
TCGA-32-5222-01 0.7 0.67 0.7561175843 0.7270627
TCGA-26-6173-01 0.4 0.54 0.712379793288594 0.534714
TCGA-06-0154-01 0.55 0.68 0.775917494560693 0.63668
TCGA-14-1829-01 0.49 0.52 0.708920513402 0.62783
TCGA-12-0615-01 0.73 0.8 0.853417804562263 0.817899
TCGA-14-0740-01 0.88 0.78 0.880543263725456 0.871100548987267
TCGA-16-0849-01 0.47 0.81 0.815979257549717 0.8098399
TCGA-76-4934-01 0.71 0.66 0.828003800054782 0.8317107
TCGA-06-5414-01 0.52 0.49 0.766408790537 0.6752261
TCGA-06-A7TL-01 0.84 0.728869016442783 0.83322383678067 0.6753563
TCGA-14-0812-01 0.52 0.46 0.742231210115378 0.6948423
TCGA-16-0848-01 0.68 0.56 0.782494805599039 0.690315903688137
TCGA-27-1830-01 0.63 0.61 0.748512263687 0.672752496016048
TCGA-06-0195-01 0.64 0.62 0.789403086380168 0.703053595993639
TCGA-15-1446-01 0.28 0.63 0.739676323470773 0.7087441
TCGA-06-0744-01 0.81 0.82 0.87666093658 0.8441659
TCGA-06-0125-02 0.46 0.59 0.794855874324 0.64982630226391
TCGA-28-2501-01 0.3 0.34 0.619207710981131 0.2740862
TCGA-06-0745-01 0.9 0.75 0.77912683658 0.805992984047179
TCGA-12-0773-01 0.47 0.8 0.80998779585587 0.7843708
TCGA-32-1980-01 0.24 0.31 0.694997372154 0.1342175
TCGA-32-1977-01 0.32 0.5 0.674244129053594 0.4176532
TCGA-06-0749-01 0.72 0.57 0.779951965434 0.702403172223523
TCGA-76-6192-01 0.34 0.57 0.702822565557558 0.4977291
TCGA-28-5215-01 0.52 0.77 0.738770240495 0.6850606
TCGA-06-0743-01 0.6 0.78 0.830422172798 0.7679122
TCGA-06-0241-01 0.86 0.81 0.880689566275111 0.8575091
TCGA-76-4932-01 0.715016811571664 0.78 0.871319923774 0.822510432356244
TCGA-28-1746-01 0.8 0.78 0.850511722803074 0.760203
TCGA-06-2564-01 0.43 0.68 0.798860788486 0.70938
TCGA-12-0821-01 0.67 0.83 0.889174222997 0.9179592
TCGA-06-1805-01 0.66 0.64 0.798697971184994 0.720191779343449
TCGA-06-6388-01 0.73 0.71 0.82156344704012 0.721845
TCGA-06-0141-01 0.2 0.45 0.627897880347 0.1269811
TCGA-14-1456-01 0.62 0.59 0.777558396536264 0.681214006743316
TCGA-12-3646-01 0.92 0.75 0.895973564426751 0.9611046
TCGA-32-4209-01 0.564952664685135 0.62 0.773661405207553 0.674028618940618
TCGA-06-0122-01 0.52 0.59 0.762249350393796 0.6767353
TCGA-02-0003-01 0.8 0.8 0.867988748173111 0.8442938
TCGA-32-1991-01 0.39 0.65 0.776256873072639 0.8114206
TCGA-06-0137-01 0.44 0.83 0.816186558393817 0.8160912
TCGA-06-0142-01 0.52 0.3 0.68263767676965 0.50619637788453
TCGA-19-4068-01 0.69756187302432 0.79 0.844823582724769 0.805239545323329
TCGA-32-2616-01 0.65037851945504 0.72 0.843403040172 0.7204554
TCGA-19-2629-01 0.52 0.56 0.795100941551 0.7057249
TCGA-26-1442-01 0.6 0.53 0.89938072712 0.7340527
TCGA-06-0221-02 0.71 0.75 0.944439775315 0.855526516478843
TCGA-06-6390-01 0.57 0.63 0.752113849450374 0.5288872
TCGA-19-1390-01 0.72 0.68 0.938131539945 0.9092555
TCGA-06-0190-02 0.23 0.49 0.520587484171 0.39361982627617
TCGA-76-4931-01 0.83 0.86 0.923027888857 0.843115
TCGA-12-1597-01 0.662608386046798 0.69 0.855268180582 0.770654621213866
TCGA-19-5958-01 0.66 0.68 0.80463983201559 0.7133077
TCGA-12-0657-01 0.63 0.78 0.844990457997929 0.8763151
TCGA-06-0875-01 0.5 0.66 0.787245420798307 0.7703541
TCGA-06-0939-01 0.83 0.58 0.789144339431789 0.5772227
TCGA-06-2563-01 0.37 0.78 0.847382791657 0.7595708
TCGA-06-0166-01 0.34 0.46 0.684073198515371 0.5021228
TCGA-12-0616-01 0.67 0.71 0.832482824848 0.7348086
TCGA-06-0185-01 0.58 0.78 0.819063033279069 0.763813
TCGA-26-5133-01 0.84 0.83 0.924198337092 0.9007157
TCGA-27-2524-01 0.81 0.72 0.775989927583 0.6914625
TCGA-76-6657-01 0.59 0.58 0.773602349041807 0.694397
TCGA-19-0957-02 0.35 0.54 0.802304335552 0.609720424250902
TCGA-14-1453-01 0.67 0.78 0.850370572035838 0.8736202
TCGA-06-0192-01 0.57 0.55 0.746894744433314 0.5828714
TCGA-41-6646-01 0.46 0.64 0.766414410268527 0.7011843
TCGA-06-0140-01 0.41 0.34 0.660055550038734 0.4238818
TCGA-RR-A6KA-01 0.38 0.508894986433896 0.704961596061982 0.5407652
TCGA-06-0189-01 0.22 0.23 0.568034954905849 0.1531495
TCGA-14-1043-01 0.32 0.53 0.687193835162608 0.4637405
TCGA-76-6191-01 0.695294380411481 0.76 0.843606776487444 0.8319417
TCGA-27-2528-01 0.67 0.72 0.888072965803 0.6741644
TCGA-06-1802-01 0.78 0.68 0.834068839701326 0.785409632238214
TCGA-06-2567-01 0.47 0.73 0.755072928391 0.7266382
TCGA-06-0158-01 0.49 0.72 0.807115061217 0.768657
TCGA-06-0132-01 0.37 0.31 0.622678503947 0.181025
TCGA-41-5651-01 0.86 0.82 0.940124962826 0.7711869
TCGA-32-4210-01 0.91 0.817835880221396 0.885098548070444 0.831792
TCGA-12-3650-01 0.75 0.8 0.869571382344 0.8218156
TCGA-06-6698-01 0.6 0.67 0.793761562122219 0.711089882398628
TCGA-28-5211-01 0.31 0.3 0.626245197070886 0.3505007
TCGA-76-4929-01 0.74 0.748724165522836 0.855776883282 0.7897357
TCGA-19-5953-01 0.33 0.53 0.694377272997776 0.498297
TCGA-06-0211-02 0.38 0.44 0.699461280469 0.524159719975646
TCGA-76-6283-01 0.75 0.77 0.851458993080676 0.8205533
TCGA-28-2514-01 0.5 0.79 0.888200323203 0.8175351
TCGA-14-1825-01 0.89 0.82 0.917296164637 0.9110805
TCGA-19-5959-01 0.76 0.8 0.86018939704494 0.8323905
TCGA-06-5411-01 0.53 0.6 0.825545571939 0.5377217
TCGA-06-6701-01 0.63 0.74 0.824827706550272 0.7973874
TCGA-12-1600-01 0.86 0.84 0.89073916092135 0.8860965
TCGA-RR-A6KC-01 0.51 0.634620431508909 0.778269464722769 0.7345184
TCGA-32-2491-01 0.48 0.5 0.716576401148733 0.5324566
TCGA-06-0876-01 0.57 0.74 0.810571371815048 0.7641011
TCGA-28-2510-01 0.34 0.35 0.855064589403 0.3365914
TCGA-06-0187-01 0.66 0.82 0.799229299355 0.7821463
TCGA-16-0850-01 0.63 0.82 0.838301549798395 0.793214028229492
TCGA-16-0861-01 0.78 0.76 0.844430686570964 0.7624579
TCGA-27-2526-01 0.81 0.77 0.815035483896 0.7658329
TCGA-4W-AA9S-01 0.62 0.669247293372146 0.798459661226674 0.7226637
TCGA-41-2573-01 0.8 0.58 0.812766064037215 0.746130944781877
TCGA-28-5209-01 0.77 0.76 0.890515503976 0.8691457
TCGA-81-5911-01 0.72 0.73 0.81899150315857 0.6937459
TCGA-12-1598-01 0.74 0.85 0.859521430353272 0.7925163
TCGA-06-A5U0-01 0.79 0.799825131646152 0.874596858533782 0.8931454
TCGA-19-1787-01 0.92 0.53 0.808886246935 0.759260907926883
TCGA-06-0165-01 0.32 0.74 0.752876351222388 0.635704522019212
TCGA-74-6573-01 0.6 0.72 0.810074770770344 0.7561041
TCGA-06-5418-01 0.71 0.76 0.789562528084 0.6998574
TCGA-76-6282-01 0.4 0.57 0.721215974365017 0.5559794
TCGA-28-5220-01 0.697493000735242 0.82 0.822349087233 0.8183312
TCGA-06-2558-01 0.68 0.75 0.816551622435 0.771014407968622
TCGA-32-4211-01 0.6 0.59 0.756996198367597 0.5747173
TCGA-06-1806-01 0.25 0.32 0.640830892876843 0.4698841
TCGA-12-0692-01 0.53 0.78 0.807125956008734 0.735731546883513
TCGA-26-5139-01 0.33 0.75 0.819393127714 0.7363544
TCGA-19-5952-01 0.44 0.44 0.71785646319157 0.6394485
TCGA-06-0184-01 0.77 0.53 0.685297878898 0.5151123
TCGA-06-0169-01 0.71 0.52 0.747997857679112 0.498523
TCGA-74-6581-01 0.72 0.82 0.861935320544218 0.8567161
TCGA-06-6700-01 0.29 0.51 0.661841014275793 0.3584952
TCGA-87-5896-01 0.7 0.77 0.834320066642404 0.7610829
TCGA-06-1801-01 0.62 0.52 0.759709761262717 0.64830416543973
TCGA-19-1791-01 0.88 0.86 0.898661098997076 0.89495
TCGA-28-6450-01 0.57 0.72 0.793459547139331 0.682214
TCGA-26-1799-01 0.74 0.78 0.820084357005853 0.6293372
TCGA-28-5216-01 0.66 0.84 0.813704977252 0.792640508055349
TCGA-19-A6J5-01 0.92 0.858917509603611 0.90905238406065 0.923666507759846
TCGA-06-0219-01 0.41 0.62 0.799567458453 0.6047557
TCGA-12-1599-01 0.37 0.68 0.752240513801646 0.6520265
TCGA-06-5410-01 0.2 0.230179733425126 0.494810059637 0.11234631
TCGA-06-0173-01 0.45 0.87 0.815370847241401 0.7596404
TCGA-32-2634-01 0.74 0.83 0.90685231112 0.9057322
TCGA-74-6584-01 0.59 0.66 0.773888452276563 0.610646
TCGA-12-5295-01 0.77 0.68 0.76721042615 0.713136
TCGA-27-2518-01 0.48 0.64 0.748609337039316 0.5761648
TCGA-74-6578-01 0.51 0.68 0.782039553463899 0.7087815
TCGA-12-0818-01 0.45 0.68 0.806963003867519 0.9119145
TCGA-26-5135-01 0.93 0.77 0.788662461618 0.7611453
TCGA-08-0386-01 0.65 0.763512654955512 0.90598636401 0.821096908537594
TCGA-28-5213-01 0.31 0.51 0.57438911959 0.4480411
TCGA-06-A6S1-01 0.43 0.538007268111084 0.72193635658348 0.5681395
TCGA-27-2521-01 0.75 0.83 0.924056897379 0.8580503
TCGA-06-2569-01 0.7 0.75 0.918652640795 0.837454500011777
TCGA-02-2466-01 0.78 0.86 0.874923819466064 0.8396133
TCGA-06-0881-01 0.22 0.436139811904118 0.6625395805691 0.5031567
TCGA-06-6695-01 0.78 0.76 0.851508821913828 0.8051689
TCGA-28-2502-01 0.35 0.48 0.679423625454544 0.443907
TCGA-19-2623-01 0.94 0.67 0.833535850722022 0.6522395
TCGA-14-1034-01 0.64 0.54 0.760572459848 0.6327648
TCGA-76-4926-01 0.78 0.76 0.886907122725 0.7466454
TCGA-12-5301-01 0.7 0.82 0.854791851773057 0.8311907
TCGA-06-0128-01 0.4 0.73 0.805214026206843 0.891887
TCGA-06-5408-01 0.74 0.75 0.867924365049 0.8392514
TCGA-76-6280-01 0.6 0.76 0.812853773616915 0.7301345
TCGA-28-1750-01 0.54 0.53 0.798517569298074 0.9421138
TCGA-28-1753-01 0.57 0.59 0.66882060845 0.602964327926402
TCGA-12-0822-01 0.26 0.47 0.658745888514229 0.408927
TCGA-12-3648-01 0.89 0.87 0.904120845917313 0.9084207
TCGA-27-1836-01 0.44 0.66 0.757649559269782 0.644505504107829
TCGA-19-A6J4-01 0.45 0.517006555818226 0.709691281947799 0.4991088
TCGA-19-1389-01 0.63 0.36 0.721010518000803 0.576949356805926
TCGA-06-1804-01 0.86 0.78 0.869514279447 0.7698387
TCGA-19-5955-01 0.22 0.24 0.602912553579981 0.3529238
TCGA-28-1747-01 0.33 0.73 0.792823466285 0.7116648
TCGA-02-0033-01 0.53 0.26 0.65000292860947 0.3432205
TCGA-06-0152-02 0.53 0.7 0.721336185 0.658911055994047
TCGA-27-2519-01 0.65 0.69 0.709887602093 0.6720773
TCGA-12-1092-01 0.35 0.6 0.70708422023535 0.4826009
TCGA-12-0778-01 0.43 0.61 0.742802896711057 0.617130788830874
TCGA-16-0846-01 0.5 0.51 0.769343340713 0.865349
TCGA-12-0707-01 0.67 0.77 0.833449157520408 0.7821974
TCGA-19-1386-01 0.43 0.81 0.793798997492619 0.71115890684112
TCGA-06-0649-01 0.38 0.59 0.684615377543 0.6160118
TCGA-41-3393-01 0.3 0.64 0.71189243602207 0.5128256
TCGA-06-0171-02 0.31 0.23 0.410684381967 0.266114978277105
TCGA-76-6663-01 0.37 0.37 0.682702228304898 0.5636424
TCGA-02-2486-01 0.52 0.65 0.771718360670543 0.6697653
TCGA-12-0618-01 0.84 0.84 0.933248526052 0.9530549
TCGA-16-1460-01 0.43 0.66 0.811647193184607 0.9791291
TCGA-76-4927-01 0.545086867161846 0.608434174177971 0.755649340931 0.654372293946242
TCGA-06-5413-01 0.51 0.65 0.7176751564 0.6353146
TCGA-27-1831-01 0.36 0.66 0.721335241417 0.601851390569095
TCGA-14-0786-01 0.75 0.84 0.862065661622561 0.8097635
TCGA-14-0789-01 0.24 0.35 0.693365985609 0.455412982182691
TCGA-32-1970-01 0.74 0.68 0.881536298771 0.7209301
TCGA-28-5218-01 0.88 0.54 0.553242680842 0.59870869611153
TCGA-12-0688-01 0.36 0.77 0.786042478320536 0.7686227
TCGA-06-0237-01 0.8 0.8 0.870450492854286 0.8591485
TCGA-76-6285-01 0.73 0.8 0.844281241201003 0.762767
TCGA-32-4719-01 0.51 0.63 0.7808797540622 0.7552064
TCGA-06-0882-01 0.38 0.52 0.733522600679 0.4957074
TCGA-28-1760-01 0.34653749800883 0.34 0.656453112826256 0.457916504898507
TCGA-06-0145-01 0.66 0.74 0.822974898282658 0.7598374
TCGA-06-0750-01 0.31 0.68 0.726516896754 0.6220745
TCGA-06-5417-01 0.773920671394175 0.819038998602253 0.92222751869 0.880793187465228
TCGA-14-0866-01 0.62 0.71 0.808156057005201 0.737630877549464
TCGA-26-A7UX-01 0.79 0.822519599502111 0.887829526494659 0.9487459
TCGA-19-4065-02 0.32 0.29 0.732620870958 0.480794663348528
TCGA-06-0747-01 0.75 0.85 0.9254158143 0.8754068
TCGA-19-2625-01 0.83 0.61 0.868585517396 0.5714913
TCGA-06-0645-01 0.55 0.62 0.608035333649 0.6352031
TCGA-06-0188-01 0.57 0.55 0.794907408097759 0.8725902
TCGA-06-0216-01 0.53 0.83 0.814570733363268 0.7272317
TCGA-4W-AA9T-01 0.34 0.453868678131157 0.672876910423857 0.4411127
TCGA-14-0736-02 0.52 0.45 0.65532113751 0.537404770411197
TCGA-06-1087-01 0.81 0.8 0.756857982669456 0.1649168
TCGA-06-0155-01 0.71 0.75 0.831310109236873 0.7554996
TCGA-06-0210-01 0.54 0.3 0.749500971244 0.409379
TCGA-12-0619-01 0.53 0.61 0.740996186617 0.9290372
TCGA-76-4925-01 0.85 0.81 0.923003337032 0.8759372
TCGA-27-1835-01 0.71 0.77 0.931319854282 0.771183
TCGA-14-1458-01 0.41 0.39 0.682511911124669 0.505964487470818
TCGA-16-1048-01 0.49 0.63 0.743434173226817 0.5468315
TCGA-28-5214-01 0.31 0.68 0.758715305161912 0.7438363
TCGA-19-5947-01 0.36 0.56 0.705438424689625 0.5066186
TCGA-32-2494-01 0.54 0.56 0.733550844693141 0.5180365
TCGA-02-2485-01 0.73 0.79 0.888965014443 0.8297956
TCGA-28-1757-01 0.45 0.54 0.72914953616418 0.591956319076074
TCGA-06-5415-01 0.78 0.74 0.893503619872 0.7818233
TCGA-06-0119-01 0.44 0.409311451488618 0.646896526606951 0.2440502
TCGA-28-1749-01 0.74 0.83 0.861614618112419 0.8265164
TCGA-14-1395-01 0.86 0.74 0.874945633556283 0.8976417
TCGA-06-0129-01 0.73 0.67 0.820453947638 0.904195
TCGA-12-3644-01 0.65 0.78 0.832297604368753 0.782143776176229
TCGA-19-1385-01 0.44 0.26 0.731662270832069 0.9150799
TCGA-32-4208-01 0.78 0.8 0.853153808410098 0.7723564
TCGA-27-2527-01 0.46 0.36 0.655806040870706 0.3329204
TCGA-41-2575-01 0.67 0.77 0.846336431611009 0.859962
TCGA-06-0126-01 0.62 0.44 0.764250760018191 0.7611832
TCGA-15-0742-01 0.87 0.86 0.915635264159 0.8906261
TCGA-76-6661-01 0.61 0.77 0.817333376694305 0.7376908
TCGA-12-0775-01 0.36 0.28 0.707859098444081 0.8203964
TCGA-14-0865-01 0.68 0.8 0.857224099957099 0.8848166
TCGA-06-0157-01 0.71 0.75 0.799156595418 0.7865841
TCGA-12-0820-01 0.37 0.81 0.791081413067765 0.7475001
TCGA-06-0686-01 0.53 0.62 0.857833646488 0.715375228921365
TCGA-19-2631-01 0.8 0.75 0.849955374122071 0.7888999
TCGA-06-0125-01 0.73 0.7 0.899980665982 0.8076988
TCGA-12-3652-01 0.82 0.73 0.9092739288 0.8605674
TCGA-06-0167-01 0.6117559146872 0.68 0.798777467860688 0.720338357663928
TCGA-12-0691-01 0.75 0.62 0.837703380629549 0.8978191
TCGA-12-0772-01 0.471346164681004 0.5 0.723429279901283 0.581409141493999
TCGA-06-2570-01 0.71 0.8 0.798986817869 0.9035685
TCGA-12-0656-01 0.58 0.63 0.779367067239237 0.684548887247793
TCGA-06-2561-01 0.85 0.6 0.758772783782 0.733150851888021
TCGA-02-2470-01 0.42 0.51 0.716343606707792 0.5731067
TCGA-41-2572-01 0.39 0.76 0.822296447861 0.7799502
TCGA-06-6391-01 0.26 0.34 0.630972872159035 0.3802394
TCGA-14-1450-01 0.6 0.65 0.76394872611803 0.5525623
TCGA-12-3653-01 0.642772133065532 0.81 0.848585021893 0.5876415
TCGA-27-1834-01 0.48 0.56 0.768807079576 0.629909595376644
TCGA-12-5299-01 0.8 0.67 0.814715714859 0.8715751
TCGA-14-0862-01 0.38 0.47 0.716696216456404 0.6531328
TCGA-06-0221-01 0.75 0.74 0.84057449300358 0.7869279
TCGA-06-0178-01 0.46 0.3 0.792048030707 0.7842548
TCGA-32-2495-01 0.61 0.76 0.831704608830389 0.8350946
TCGA-81-5910-01 0.72 0.79 0.847329293311892 0.8006342
TCGA-12-3651-01 0.51 0.47 0.723886725070643 0.582252592418846
TCGA-06-0878-01 0.55 0.71 0.751844361275 0.685596305378177
TCGA-06-0877-01 0.56 0.73 0.797164926063724 0.7026783
TCGA-76-6656-01 0.61 0.78 0.833233763847676 0.8229525
TCGA-06-2559-01 0.87 0.83 0.849079692083 0.7985273
TCGA-27-1837-01 0.51 0.76 0.836160736621 0.7735903
TCGA-06-0151-01 0.45 0.59 0.761428129234659 0.7333093
TCGA-28-1755-01 0.79 0.83 0.877490861948601 0.8783675
TCGA-06-5859-01 0.51 0.74 0.780688965388 0.666603
TCGA-06-5856-01 0.56 0.6 0.806730988436 0.8589173
TCGA-41-3915-01 0.52 0.6 0.702613353939 0.6134628
TCGA-06-0210-02 0.48 0.66 0.654445973056 0.593063552341162
TCGA-26-5132-01 0.72 0.744905350810551 0.844210104487 0.8168209
TCGA-27-1838-01 0.8 0.76 0.85866255474062 0.830756250991098
TCGA-19-A60I-01 0.85 0.816859091546967 0.884529003092404 0.8821384
TCGA-19-1789-01 0.7 0.82 0.84656448683683 0.781545
TCGA-19-0957-01 0.5 0.68 0.805947311100859 0.861836
TCGA-06-0238-01 0.3 0.59 0.767272180215 0.7693701
TCGA-19-1786-01 0.61 0.79 0.830169799476601 0.7937792
TCGA-06-0190-01 0.34 0.36 0.65548313789 0.533351
TCGA-14-0867-01 0.6 0.56 0.76571370669236 0.659374417492993
TCGA-12-0828-01 0.45 0.73 0.804686615568306 0.8447549
TCGA-14-0817-01 0.64 0.5 0.686266176388 0.60314149664046
TCGA-76-4928-01 0.31 0.54 0.772817349031 0.4366155
TCGA-14-1827-01 0.52 0.58 0.758229395738098 0.6631627
TCGA-06-0124-01 0.44 0.35 0.691376606371608 0.5758254
TCGA-32-1982-01 0.78 0.36 0.704194989321 0.6108728
TCGA-32-2615-01 0.87 0.8 0.76477566701 0.8209119
TCGA-19-5951-01 0.74 0.79 0.864416406218195 0.8861617
TCGA-06-6699-01 0.84 0.83 0.878133081232632 0.8382932
TCGA-06-0211-01 0.56 0.8 0.748980904289 0.8199684
TCGA-76-6193-01 0.26 0.42 0.639148831715393 0.3440975
TCGA-RR-A6KB-01 0.33 0.411195986500777 0.647995359425364 0.3453563
TCGA-06-5416-01 0.73 0.5 0.945551311252 0.8812047
TCGA-06-2565-01 0.72 0.84 0.877696215784 0.8780019
