abscnseq ascat estimate purbayes
TCGA-FS-A1ZN-01 0.876175166666667 0.8843099 0.838941936669483 0.869300086798145
TCGA-D3-A3C7-06 0.656867533333333 0.779306085724323 0.483610274658058 0.684076033333333
TCGA-WE-A8K1-06 0.476472160688338 0.599803248997805 0.506932336945695 0.8294562
TCGA-EB-A5UL-06 0.433343154531966 0.436784617552946 0.636556595010811 0.492209403359762
TCGA-D3-A51T-06 0.7054561 0.818947066666667 0.694670754443078 0.715551
TCGA-FR-A44A-06 0.315406566666667 0.403353933333333 0.280205533333333 0.325208529279144
TCGA-D3-A5GL-06 0.752123380865773 0.792289 0.805635824351378 0.773942797639689
TCGA-WE-AAA3-06 0.622736933333333 0.628256716568121 0.456193162564678 0.783649066666667
TCGA-EE-A2M6-06 0.814290266666667 0.7090374 0.644884666666667 0.724030960992704
TCGA-DA-A1I7-06 0.582726444350042 0.544085390381057 0.602874323699668 0.563346817890415
TCGA-D9-A6E9-06 0.378464966666667 0.2716968 0.3028485 0.403353933333333
TCGA-EB-A6QZ-01 0.7720212 0.895803666666667 0.806398333333333 0.825592417049655
TCGA-DA-A960-01 0.78924752247954 0.806449697289746 0.852432521421319 0.806449697289746
TCGA-D3-A51F-06 0.171036919330929 0.352868408512862 0.184735833333333 0.188671966666667
TCGA-DA-A1IA-06 0.889711833333333 0.796818773696956 0.838270128730196 0.849756703468786
TCGA-EE-A2MF-06 0.737960171550855 0.7238646 0.725606166666667 0.7758558
TCGA-FS-A1ZY-06 0.838147532632332 0.8422514 0.861202265835145 0.851382043721614
TCGA-EB-A1NK-01 0.56031968218062 0.649448333208963 0.669593164780898 0.60723302970683
TCGA-D3-A2JK-06 0.5040094 0.665110529016947 0.592644004810037 0.577329375691364
TCGA-EB-A553-01 0.746755989059762 0.544085390381057 0.602914893544229 0.623904933528801
TCGA-EB-A41B-01 0.8011753 0.810401959172299 0.825435806661051 0.810401959172299
TCGA-EB-A4IQ-01 0.452474733988399 0.421420694417427 0.847010862290138 0.54727435499595
TCGA-D9-A4Z5-01 0.8011753 0.7238646 0.679349054711486 0.729977286362583
TCGA-FS-A4F8-06 0.239321366666667 0.2447996 0.247242933333333 0.29120927993296
TCGA-EB-A3XE-01 0.483610274658058 0.408469166666667 0.603354066666667 0.488599027465032
TCGA-WE-A8ZR-06 0.744437684684052 0.755899993958742 0.780319178539986 0.753531723286556
TCGA-D3-A3C1-06 0.528756360317183 0.4855183 0.649628666666667 0.3657489
TCGA-BF-A1PU-01 0.746755989059762 0.8422514 0.8422514 0.805635824351378
TCGA-RP-A690-06 0.378464966666667 0.818947066666667 0.806449697289746 0.8253995
TCGA-RP-A694-06 0.518554087355426 0.684076033333333 0.657373809279823 0.607096904754834
TCGA-ER-A199-06 0.378464966666667 0.198022466666667 0.3928428 0.307593133548404
TCGA-D3-A8GS-06 0.403353933333333 0.454608758625467 0.528756360317183 0.409585433333333
TCGA-EB-A4XL-01 0.914159166666667 0.65352588805161 0.630153198833963 0.73909340397892
TCGA-EE-A3JA-06 0.7054561 0.7720212 0.518761642309958 0.657373809279823
TCGA-FS-A1Z7-06 0.518554087355426 0.602743334027694 0.454608758625467 0.518554087355426
TCGA-XV-AB01-06 0.539428080748396 0.625279208019005 0.554418655727745 0.775371666666667
TCGA-GN-A265-06 0.4256338 0.258828933333333 0.2283048 0.230303033333333
TCGA-EB-A5VU-01 0.539428080748396 0.630844625068489 0.754097936888026 0.6187743446995
TCGA-D3-A51E-06 0.737960171550855 0.757279095586216 0.582726444350042 0.656867533333333
TCGA-EE-A2ME-06 0.171036919330929 0.171036919330929 0.188671966666667 0.171036919330929
TCGA-EE-A29T-06 0.378464966666667 0.343694566666667 0.466256912510258 0.369853333333333
TCGA-EB-A3XF-01 0.599803248997805 0.738573017383676 0.656867533333333 0.641149657871782
TCGA-EE-A2M7-06 0.528756360317183 0.421420694417427 0.572531791886674 0.814628466666667
TCGA-D3-A2JP-06 0.656867533333333 0.549254081618566 0.45305077727639 0.6098629
TCGA-ER-A19W-06 0.4256338 0.222753833333333 0.2447996 0.3209468
TCGA-ER-A3EV-06 0.687415289924011 0.665110529016947 0.702085863305413 0.678813302449725
TCGA-FS-A1ZP-06 0.752123380865773 0.818947066666667 0.544412245438036 0.7090374
TCGA-GN-A4U8-06 0.413753366666667 0.524058466666667 0.49361654102584 0.917604666666667
TCGA-GF-A6C8-06 0.518554087355426 0.674334733333333 0.616598704923025 0.591844376937627
TCGA-EE-A2A0-06 0.239321366666667 0.2063984 0.221053293339135 0.323397524467561
TCGA-ER-A3ET-06 0.615436043008044 0.593844208644104 0.465400266666667 0.4986115
TCGA-W3-A828-06 0.644884666666667 0.56031968218062 0.436784617552946 0.5793323
TCGA-ER-A19P-06 0.171036919330929 0.221053293339135 0.208838833333333 0.243081337816581
TCGA-D9-A3Z3-06 0.607096904754834 0.602743334027694 0.472872389733646 0.528756360317183
TCGA-FR-A3YO-06 0.369421766666667 0.319400466666667 0.6187743446995 0.914159166666667
TCGA-FS-A1ZW-06 0.403353933333333 0.532060208166561 0.492209403359762 0.472298969366975
TCGA-D9-A4Z2-01 0.7631984 0.8294562 0.784507227131549 0.790083080520168
TCGA-XV-AAZW-01 0.729870934534789 0.754097936888026 0.793115767688731 0.750442431394271
TCGA-D3-A2JN-06 0.403353933333333 0.311817166666667 0.4256338 0.381422227112518
TCGA-W3-A825-06 0.72319460627541 0.616598704923025 0.488599027465032 0.603147113435088
TCGA-ER-A19T-01 0.86744320276352 0.8294562 0.889711833333333 0.858620206135826
TCGA-YD-A9TB-06 0.615436043008044 0.659869694939359 0.549276652274314 0.821670633333333
TCGA-ER-A2ND-06 0.7054561 0.7090374 0.730058288103766 0.702085863305413
TCGA-RP-A6K9-06 0.518554087355426 0.433343154531966 0.5545015 0.246383333333333
TCGA-EB-A85J-01 0.403353933333333 0.49361654102584 0.56031968218062 0.472872389733646
TCGA-GN-A26C-01 0.315406566666667 0.343694566666667 0.31805982019041 0.352868408512862
TCGA-EB-A3Y7-01 0.403353933333333 0.549254081618566 0.782200841348733 0.563581904216314
TCGA-W3-AA1V-06 0.7054561 0.648074696748272 0.56377048902179 0.624739978858501
TCGA-EB-A3XC-01 0.622736933333333 0.579079303788271 0.697167445141508 0.616598704923025
TCGA-D9-A3Z1-06 0.369421766666667 0.408469166666667 0.44494711190945 0.3028485
TCGA-EE-A2GH-06 0.171036919330929 0.184735833333333 0.245939633333333 0.4256338
TCGA-ER-A195-06 0.483610274658058 0.563346817890415 0.311817166666667 0.483610274658058
TCGA-YG-AA3N-01 0.539428080748396 0.523182077226685 0.519933185046953 0.510327506263139
TCGA-DA-A1I2-06 0.615436043008044 0.744437684684052 0.665314761955877 0.659869694939359
TCGA-D9-A6EG-06 0.805438856165447 0.8843099 0.806356250413529 0.834575866666667
TCGA-EB-A3XD-01 0.171036919330929 0.2063984 0.403782066666667 0.31987839609575
TCGA-EB-A4IS-01 0.413753366666667 0.403353933333333 0.371328532838199 0.40953489846352
TCGA-DA-A1I1-06 0.599803248997805 0.549254081618566 0.427835133333333 0.5545015
TCGA-FS-A1ZH-06 0.476472160688338 0.4612333 0.31987839609575 0.348797766666667
TCGA-BF-A5ER-01 0.678544833333333 0.630844625068489 0.773700166666667 0.687415289924011
TCGA-ER-A2NG-06 0.35630320851158 0.330012585802401 0.389875718961583 0.848226187435247
TCGA-BF-AAP4-01 0.622736933333333 0.592644004810037 0.564514066666667 0.58305602297913
TCGA-BF-AAP7-01 0.280205533333333 0.371328532838199 0.378464966666667 0.370961453551463
TCGA-EE-A3AF-06 0.805438856165447 0.7720212 0.553825666666667 0.645623238665988
TCGA-EE-A20I-06 0.78924752247954 0.744437684684052 0.640178488553722 0.7054561
TCGA-EE-A2A5-06 0.752123380865773 0.7238646 0.737960171550855 0.7301450842279
TCGA-WE-A8K6-06 0.746755989059762 0.741558166206268 0.747591369044049 0.738573017383676
TCGA-D3-A2J7-06 0.289298689847064 0.436784617552946 0.5322737 0.378464966666667
TCGA-EE-A29W-06 0.752123380865773 0.72319460627541 0.689172814940466 0.72319460627541
TCGA-D3-A1Q4-06 0.403353933333333 0.518554087355426 0.464185692319695 0.447002736167818
TCGA-BF-A1PV-01 0.825345222761939 0.738573017383676 0.876175166666667 0.801426421833479
TCGA-GN-A4U9-06 0.7720212 0.818947066666667 0.755899993958742 0.775940822155313
TCGA-EE-A2MT-06 0.7720212 0.852432521421319 0.821670633333333 0.759583666666667
TCGA-EE-A2GK-06 0.342640103486491 0.3657489 0.208160466666667 0.303777185624005
TCGA-D3-A3C3-06 0.56031968218062 0.532060208166561 0.6098629 0.814290266666667
TCGA-FR-A729-06 0.492209403359762 0.456193162564678 0.395007666666667 0.454608758625467
TCGA-EB-A3XB-01 0.440691124423847 0.563346817890415 0.674334733333333 0.547756236289562
TCGA-GF-A2C7-01 0.783649066666667 0.792289 0.842817602641216 0.796818773696956
TCGA-FS-A1ZC-06 0.833783330787858 0.8422514 0.8298887 0.838941936669483
TCGA-EE-A2MJ-06 0.298454720285197 0.258828933333333 0.347490233333333 0.258828933333333
TCGA-Z2-A8RT-06 0.783649066666667 0.679349054711486 0.563718961723163 0.674586951457114
TCGA-BF-AAOU-01 0.553825666666667 0.591844376937627 0.65352588805161 0.582726444350042
TCGA-D3-A5GO-06 0.687415289924011 0.593844208644104 0.563346817890415 0.607273540195698
TCGA-D3-A8GV-06 0.838147532632332 0.838941936669483 0.791695239787735 0.9163685
TCGA-D3-A51K-06 0.805438856165447 0.7720212 0.623557020343355 0.857124133333333
TCGA-EE-A2MS-06 0.7720212 0.757279095586216 0.689976727245794 0.737960171550855
TCGA-BF-A3DL-01 0.518554087355426 0.509541627066636 0.726293814238764 0.56031968218062
TCGA-FS-A4FB-06 0.838147532632332 0.796818773696956 0.820032633333333 0.8144228
TCGA-EE-A2MG-06 0.298454720285197 0.2063984 0.246383333333333 0.262634466666667
TCGA-ER-A19N-06 0.413753366666667 0.3928428 0.262759690271304 0.336598327581759
TCGA-D3-A51H-06 0.2283048 0.31805982019041 0.315406566666667 0.32578525120389
TCGA-BF-A1Q0-01 0.492209403359762 0.3657489 0.726667446844303 0.500583258240835
TCGA-D3-A3C8-06 0.269740479232199 0.408469166666667 0.2063984 0.2063984
TCGA-D9-A148-06 0.644884666666667 0.618176466666667 0.689011509224924 0.630844625068489
TCGA-DA-A95W-06 0.814290266666667 0.789834184485902 0.747423433333333 0.81640830487625
TCGA-EB-A97M-01 0.72319460627541 0.681063298965856 0.625279208019005 0.674831403948213
TCGA-DA-A1I0-06 0.378464966666667 0.319400466666667 0.532802430786918 0.448235166666667
TCGA-RP-A695-06 0.7720212 0.618176466666667 0.746755989059762 0.681063298965856
TCGA-ER-A197-06 0.539428080748396 0.3028485 0.369941014047332 0.239321366666667
TCGA-EB-A5UM-01 0.666337666666667 0.7238646 0.603147113435088 0.649972572409824
TCGA-EE-A2GN-06 0.8011753 0.7238646 0.7238646 0.747423433333333
TCGA-ER-A19A-06 0.452474733988399 0.241339692024903 0.1786384 0.254909339663627
TCGA-YD-A89C-06 0.752123380865773 0.766352257244312 0.86744320276352 0.698744751053254
TCGA-XV-A9W5-01 0.56031968218062 0.6158226553515 0.698744751053254 0.602999700650738
TCGA-ER-A19Q-06 0.78924752247954 0.618176466666667 0.387685412036156 0.593960946313876
TCGA-EE-A29M-06 0.433343154531966 0.280205533333333 0.650977592653385 0.497169466666667
TCGA-HR-A2OG-06 0.492209403359762 0.417015261071807 0.370961453551463 0.369421766666667
TCGA-GN-A269-01 0.215513433333333 0.184735833333333 0.281020333333333 0.269740479232199
TCGA-WE-A8ZQ-06 0.666337666666667 0.737960171550855 0.849756703468786 0.726293814238764
TCGA-GN-A8LN-01 0.847010862290138 0.790083080520168 0.7298808858069 0.785664160046653
TCGA-FR-A726-01 0.640178488553722 0.674334733333333 0.801552194820888 0.690003918136896
TCGA-EB-A44P-01 0.86744320276352 0.779306085724323 0.755562965493809 0.805438856165447
TCGA-EB-A4P0-01 0.78924752247954 0.744437684684052 0.7054561 0.746755989059762
TCGA-3N-A9WB-06 0.857124133333333 0.826812025647316 0.885317166666667 0.784507227131549
TCGA-D3-A3C6-06 0.746755989059762 0.876175166666667 0.7720212 0.758070166666667
TCGA-FS-A1YX-06 0.825345222761939 0.602743334027694 0.648074696748272 0.524058466666667
TCGA-WE-A8JZ-06 0.78924752247954 0.784507227131549 0.78924752247954 0.789834184485902
TCGA-D3-A2JO-06 0.4256338 0.343694566666667 0.395885133333333 0.395885133333333
TCGA-D3-A8GI-06 0.72319460627541 0.669593164780898 0.618690868133753 0.666599206968736
TCGA-EE-A17Y-06 0.615436043008044 0.4612333 0.789834184485902 0.59496971432748
TCGA-FS-A1ZS-06 0.678544833333333 0.665110529016947 0.6158226553515 0.640178488553722
TCGA-BF-AAP0-06 0.315406566666667 0.298454720285197 0.2925038 0.2283048
TCGA-D3-A8GN-06 0.315406566666667 0.389571664459276 0.492632666666667 0.31805982019041
TCGA-FS-A4F0-06 0.847010862290138 0.930348366666667 0.898121933333333 0.8843099
TCGA-ER-A196-01 0.440691124423847 0.311817166666667 0.729906966666667 0.476472160688338
TCGA-EE-A29L-06 0.644884666666667 0.8294562 0.930348366666667 0.775506497528892
TCGA-D3-A1Q1-06 0.622736933333333 0.8294562 0.857124133333333 0.755899993958742
TCGA-D3-A2JD-06 0.378464966666667 0.343694566666667 0.4988858 0.361676775385282
TCGA-EE-A3J3-06 0.838147532632332 0.579079303788271 0.549254081618566 0.649969342316953
TCGA-ER-A2NC-06 0.539428080748396 0.524058466666667 0.40953489846352 0.603354066666667
TCGA-D3-A2J8-06 0.254909339663627 0.2063984 0.303777185624005 0.235481866666667
TCGA-EE-A3JE-06 0.269740479232199 0.203406884232704 0.203406884232704 0.221053293339135
TCGA-FS-A1Z3-06 0.814290266666667 0.818947066666667 0.7796874 0.78924752247954
TCGA-EB-A6L9-06 0.640178488553722 0.383235105367956 0.3209468 0.193920806645658
TCGA-ER-A42H-01 0.825345222761939 0.744437684684052 0.747786029849037 0.768518605172619
TCGA-FS-A4F2-06 0.714752280821872 0.7090374 0.729870934534789 0.709097875061137
TCGA-ER-A198-06 0.582726444350042 0.7720212 0.607273540195698 0.689498733333333
TCGA-D3-A51N-06 0.5040094 0.684076033333333 0.509670884084827 0.5322737
TCGA-FW-A5DY-06 0.171036919330929 0.269740479232199 0.348797766666667 0.184735833333333
TCGA-BF-A5EP-01 0.7631984 0.7238646 0.801275366666667 0.755562965493809
TCGA-EE-A2GP-06 0.615436043008044 0.602743334027694 0.5040094 0.563718961723163
TCGA-ER-A2NE-06 0.889711833333333 0.895803666666667 0.901543033333333 0.838270128730196
TCGA-XV-A9VZ-01 0.342640103486491 0.572531791886674 0.825345222761939 0.56824203844914
TCGA-GN-A9SD-06 0.440691124423847 0.389875718961583 0.35630320851158 0.343694566666667
TCGA-DA-A1IC-06 0.752123380865773 0.779306085724323 0.674831403948213 0.73210917802398
TCGA-WE-A8ZT-06 0.582726444350042 0.698744751053254 0.833783330787858 0.7256358
TCGA-EB-A431-01 0.644884666666667 0.602743334027694 0.819235933333333 0.676826905157471
TCGA-D3-A2JG-06 0.752123380865773 0.7720212 0.764741098808147 0.758145758935166
TCGA-EE-A29C-06 0.452474733988399 0.532060208166561 0.586004935516666 0.5186971
TCGA-FS-A1Z0-06 0.640178488553722 0.563346817890415 0.500583258240835 0.6158226553515
TCGA-D3-A8GD-06 0.342640103486491 0.338849886338987 0.325208529279144 0.298454720285197
TCGA-D3-A2JB-06 0.342640103486491 0.32578525120389 0.349635174845379 0.2447996
TCGA-ER-A2NH-06 0.378464966666667 0.509541627066636 0.243081337816581 0.403782066666667
TCGA-D3-A5GS-06 0.687415289924011 0.602743334027694 0.544085390381057 0.729906966666667
TCGA-D3-A1Q3-06 0.644884666666667 0.593844208644104 0.58305602297913 0.510214833333333
TCGA-EB-A44R-06 0.577329375691364 0.497169466666667 0.63454609861848 0.49361654102584
TCGA-EE-A29P-06 0.476472160688338 0.4855183 0.319400466666667 0.477485533333333
TCGA-IH-A3EA-01 0.63454609861848 0.757279095586216 0.739213766666667 0.698886382493069
TCGA-EE-A2GT-06 0.539428080748396 0.436784617552946 0.433343154531966 0.3928428
TCGA-BF-AAP1-01 0.838147532632332 0.817992083626989 0.834575866666667 0.833783330787858
TCGA-EE-A3JH-06 0.239321366666667 0.2447996 0.215513433333333 0.231952141151486
TCGA-FR-A728-01 0.378464966666667 0.2063984 0.452474733988399 0.369941014047332
TCGA-EE-A29H-06 0.805438856165447 0.796818773696956 0.649972572409824 0.726667446844303
TCGA-FS-A1ZE-06 0.880342266666667 0.8843099 0.829776833333333 0.852840066666667
TCGA-FS-A1ZD-06 0.78924752247954 0.744437684684052 0.701734758654261 0.744437684684052
TCGA-EB-A5KH-06 0.833783330787858 0.895803666666667 0.779306085724323 0.8218238
TCGA-GN-A4U7-06 0.838147532632332 0.818947066666667 0.882038420337071 0.817992083626989
TCGA-EB-A44Q-06 0.644884666666667 0.602743334027694 0.496280160776165 0.427835133333333
TCGA-EE-A2MQ-06 0.678544833333333 0.7720212 0.649448333208963 0.725606166666667
TCGA-ER-A2NF-06 0.640178488553722 0.810401959172299 0.705782476222603 0.697167445141508
TCGA-ER-A19J-06 0.78924752247954 0.810401959172299 0.623904933528801 0.747591369044049
TCGA-FR-A7U8-06 0.752123380865773 0.791024826037707 0.848226187435247 0.801275366666667
TCGA-ER-A19K-01 0.4256338 0.563346817890415 0.709097875061137 0.549276652274314
TCGA-DA-A1IB-06 0.567954366666667 0.29120927993296 0.217526966666667 0.1786384
TCGA-D9-A1X3-06 0.857124133333333 0.851382043721614 0.8583487 0.901908466666667
TCGA-D3-A1Q7-06 0.280205533333333 0.222753833333333 0.235481866666667 0.338849886338987
TCGA-EB-A550-01 0.369421766666667 0.46889070293444 0.768518605172619 0.523182077226685
TCGA-ER-A193-06 0.518554087355426 0.618176466666667 0.398621066810362 0.549550466666667
TCGA-EE-A20C-06 0.847010862290138 0.818947066666667 0.858742533333333 0.847116173976699
TCGA-FS-A1ZM-06 0.567954366666667 0.3028485 0.352868408512862 0.915031366666667
TCGA-EE-A2GO-06 0.678544833333333 0.698886382493069 0.807774143525243 0.714989233017351
TCGA-D3-A5GR-06 0.315406566666667 0.448235166666667 0.421420694417427 0.405084333333333
TCGA-GF-A769-01 0.805438856165447 0.8422514 0.829476933333333 0.825435806661051
TCGA-QB-AA9O-06 0.539428080748396 0.54727435499595 0.5845367 0.544085390381057
TCGA-EE-A185-06 0.805438856165447 0.895803666666667 0.914159166666667 0.868435066666667
TCGA-BF-A3DN-01 0.615436043008044 0.744437684684052 0.72319460627541 0.679751089198487
TCGA-DA-A3F8-06 0.239321366666667 0.235481866666667 0.2716968 0.342640103486491
TCGA-D3-A5GT-01 0.833783330787858 0.674334733333333 0.8527191 0.774458516871505
TCGA-FS-A1ZZ-06 0.901543033333333 0.862607297756726 0.868940566666667 0.901543033333333
TCGA-EE-A29B-06 0.847010862290138 0.862607297756726 0.73909340397892 0.858742533333333
TCGA-HR-A2OH-06 0.336598327581759 0.342640103486491 0.262634466666667 0.389875718961583
TCGA-EE-A2GD-06 0.254909339663627 0.408469166666667 0.408469166666667 0.347586233333333
TCGA-ER-A1A1-06 0.171036919330929 0.256931111373859 0.239321366666667 0.262759690271304
TCGA-EE-A181-06 0.577329375691364 0.4855183 0.53456455866025 0.433343154531966
TCGA-BF-A1PX-01 0.254909339663627 0.280205533333333 0.3303308 0.330012585802401
TCGA-ER-A194-01 0.483610274658058 0.602743334027694 0.497169466666667 0.518761642309958
TCGA-DA-A1I5-06 0.5040094 0.563346817890415 0.323397524467561 0.520427146348375
TCGA-EB-A5SF-01 0.599803248997805 0.618176466666667 0.698886382493069 0.618690868133753
TCGA-BF-AAP8-01 0.729870934534789 0.739923320770762 0.752310051397679 0.730058288103766
TCGA-EB-A57M-01 0.591372492173837 0.546227361378297 0.520427146348375 0.540095212314206
TCGA-FS-A1YY-06 0.676826905157471 0.7090374 0.681063298965856 0.622736933333333
TCGA-D3-A51G-06 0.694670754443078 0.618176466666667 0.665110529016947 0.64135219693562
TCGA-EE-A2GS-06 0.752123380865773 0.862607297756726 0.641149657871782 0.791695239787735
TCGA-D9-A3Z4-01 0.729870934534789 0.579079303788271 0.583477866666667 0.623557020343355
TCGA-EB-A3Y6-01 0.714752280821872 0.3657489 0.624739978858501 0.554418655727745
TCGA-EB-A51B-01 0.726667446844303 0.674334733333333 0.818947066666667 0.725109723641941
TCGA-DA-A3F5-06 0.492209403359762 0.403353933333333 0.7471363 0.884608733333333
TCGA-FR-A2OS-01 0.694670754443078 0.549254081618566 0.773942797639689 0.660951578649656
TCGA-ER-A3PL-06 0.591372492173837 0.618176466666667 0.640395426880091 0.602743334027694
TCGA-EE-A3AB-06 0.5040094 0.46889070293444 0.4284969 0.463378300305824
TCGA-EB-A5SH-06 0.599803248997805 0.744437684684052 0.716536165062806 0.409684333333333
TCGA-W3-AA1W-06 0.239321366666667 0.307593133548404 0.29120927993296 0.319400466666667
TCGA-WE-AA9Y-06 0.35630320851158 0.361676775385282 0.428099821109005 0.247242933333333
TCGA-EB-A551-01 0.330012585802401 0.280205533333333 0.369853333333333 0.35630320851158
TCGA-ER-A3ES-06 0.847010862290138 0.930348366666667 0.909577 0.895803666666667
TCGA-D3-A1Q6-06 0.591372492173837 0.4612333 0.758070166666667 0.466256912510258
TCGA-GN-A26D-06 0.825345222761939 0.698886382493069 0.797457930643287 0.5702329
TCGA-EE-A29R-06 0.78924752247954 0.65352588805161 0.775506497528892 0.939706566666667
TCGA-DA-A3F2-06 0.528756360317183 0.319400466666667 0.171036919330929 0.28241797527539
TCGA-D3-A2JE-06 0.752123380865773 0.795484110884552 0.895803666666667 0.801552194820888
TCGA-FR-A8YD-06 0.694670754443078 0.705782476222603 0.775940822155313 0.628256716568121
TCGA-EE-A2GB-06 0.752123380865773 0.744437684684052 0.766352257244312 0.752310051397679
TCGA-EE-A29D-06 0.880342266666667 0.7238646 0.8253995 0.810403926504853
TCGA-BF-AAP2-01 0.678544833333333 0.694670754443078 0.725109723641941 0.689011509224924
TCGA-D3-A2JL-06 0.452474733988399 0.387685412036156 0.5241077 0.4612333
TCGA-FR-A7U9-06 0.289298689847064 0.370961453551463 0.32578525120389 0.395007666666667
TCGA-ER-A19D-06 0.729870934534789 0.684076033333333 0.369421766666667 0.591372492173837
TCGA-3N-A9WC-06 0.582726444350042 0.506932336945695 0.409684333333333 0.4855183
TCGA-D3-A1Q9-06 0.615436043008044 0.649448333208963 0.657530466666667 0.567954366666667
TCGA-FS-A1Z4-06 0.582726444350042 0.292376733333333 0.342640103486491 0.274051180221919
TCGA-D3-A5GU-06 0.665314761955877 0.684076033333333 0.618176466666667 0.640395426880091
TCGA-EE-A3AG-06 0.805438856165447 0.744437684684052 0.858620206135826 0.793115767688731
TCGA-GN-A267-06 0.607096904754834 0.698886382493069 0.620886752333528 0.625279208019005
TCGA-EB-A44N-01 0.2283048 0.44494711190945 0.593960946313876 0.440691124423847
TCGA-YG-AA3P-06 0.939706566666667 0.869300086798145 0.862917166666667 0.8527191
TCGA-FR-A69P-06 0.7720212 0.779306085724323 0.719001546858661 0.75246044870975
TCGA-D3-A8GP-06 0.880342266666667 0.849756703468786 0.852840066666667 0.86744320276352
TCGA-GF-A6C9-06 0.239321366666667 0.1786384 0.292376733333333 0.241339692024903
TCGA-W3-AA21-06 0.656867533333333 0.755562965493809 0.814628466666667 0.8298887
TCGA-EE-A3AH-06 0.847010862290138 0.8843099 0.775371666666667 0.892005233333333
TCGA-D9-A6EC-06 0.880342266666667 0.852432521421319 0.829675566666667 0.862607297756726
TCGA-YD-A9TA-06 0.687415289924011 0.630153198833963 0.563840816542924 0.618463883596
TCGA-EB-A3HV-01 0.7054561 0.7720212 0.59496971432748 0.689172814940466
TCGA-BF-A5EO-01 0.452474733988399 0.549254081618566 0.628256716568121 0.53456455866025
TCGA-GN-A8LL-06 0.857124133333333 0.838270128730196 0.810401959172299 0.880342266666667
TCGA-EE-A2GJ-06 0.582726444350042 0.7090374 0.532060208166561 0.593844208644104
TCGA-ER-A19T-06 0.591372492173837 0.649448333208963 0.594090505227323 0.389571664459276
TCGA-ER-A42K-06 0.678544833333333 0.796818773696956 0.738573017383676 0.7298808858069
TCGA-LH-A9QB-06 0.78924752247954 0.791695239787735 0.784813366186914 0.819235933333333
TCGA-EE-A180-06 0.847010862290138 0.909577 0.7631984 0.852432521421319
TCGA-D3-A8GB-06 0.472298969366975 0.349635174845379 0.283107066666667 0.281020333333333
TCGA-EE-A29Q-06 0.714752280821872 0.7720212 0.826812025647316 0.7631984
TCGA-D3-A3MU-06 0.737960171550855 0.862607297756726 0.577329375691364 0.665314761955877
TCGA-GF-A4EO-06 0.315406566666667 0.3928428 0.269740479232199 0.258302150934001
TCGA-FS-A1ZK-06 0.847010862290138 0.8294562 0.891077633333333 0.792289
TCGA-EE-A2MD-06 0.528756360317183 0.618176466666667 0.7090374 0.594425400057093
TCGA-ER-A19G-06 0.607096904754834 0.630844625068489 0.4855183 0.563840816542924
TCGA-ER-A19C-06 0.737960171550855 0.744437684684052 0.700990333333333 0.694670754443078
TCGA-ER-A2NB-01 0.280205533333333 0.280205533333333 0.524058466666667 0.383235105367956
TCGA-DA-A1HW-06 0.539428080748396 0.46889070293444 0.463378300305824 0.5358179
TCGA-D3-A5GN-06 0.553825666666667 0.497169466666667 0.602743334027694 0.532802430786918
TCGA-3N-A9WD-06 0.298454720285197 0.447002736167818 0.594425400057093 0.398621066810362
TCGA-EE-A20F-06 0.553825666666667 0.65352588805161 0.593844208644104 0.5845367
TCGA-D3-A51J-06 0.452474733988399 0.532060208166561 0.347586233333333 0.464189366666667
TCGA-XV-AAZV-01 0.452474733988399 0.45305077727639 0.409585433333333 0.44494711190945
TCGA-BF-A5ES-01 0.56031968218062 0.684076033333333 0.607096904754834 0.602914893544229
TCGA-EE-A2MI-06 0.644884666666667 0.65352588805161 0.464189366666667 0.5241077
TCGA-EE-A2MM-06 0.857124133333333 0.796818773696956 0.739923320770762 0.834686266666667
TCGA-EE-A183-06 0.254909339663627 0.378464966666667 0.443116733333333 0.311817166666667
TCGA-EB-A24D-01 0.729870934534789 0.674334733333333 0.73210917802398 0.701734758654261
TCGA-DA-A3F3-06 0.825345222761939 0.939706566666667 0.758145758935166 0.829476933333333
TCGA-WE-A8K5-06 0.694670754443078 0.679751089198487 0.599803248997805 0.733031901339805
TCGA-D9-A149-06 0.492209403359762 0.518554087355426 0.569500638867187 0.583477866666667
TCGA-GN-A4U4-06 0.814290266666667 0.757279095586216 0.838199419290499 0.795484110884552
TCGA-EB-A24C-01 0.86744320276352 0.549254081618566 0.7758558 0.729870934534789
TCGA-DA-A95V-06 0.674334733333333 0.645623238665988 0.591372492173837 0.620886752333528
TCGA-D3-A3MO-06 0.814290266666667 0.738573017383676 0.791024826037707 0.932174966666667
TCGA-QB-A6FS-06 0.7054561 0.4612333 0.417015261071807 0.408469166666667
TCGA-GN-A4U5-01 0.369421766666667 0.4612333 0.4986115 0.452474733988399
TCGA-D3-A51R-06 0.857124133333333 0.909577 0.917604666666667 0.889711833333333
TCGA-DA-A95Y-06 0.746755989059762 0.768518605172619 0.8144228 0.764741098808147
TCGA-EB-A6QY-01 0.5040094 0.3928428 0.817992083626989 0.544412245438036
TCGA-BF-AAP6-01 0.8011753 0.78924752247954 0.792289 0.784813366186914
TCGA-FW-A3TU-06 0.694670754443078 0.810401959172299 0.738838866666667 0.739213766666667
TCGA-WE-A8ZY-06 0.7720212 0.753531723286556 0.730431088044268 0.747915284076224
TCGA-EE-A2M5-06 0.342640103486491 0.579079303788271 0.615436043008044 0.509541627066636
TCGA-FS-A1ZU-06 0.694670754443078 0.852432521421319 0.790083080520168 0.644884666666667
TCGA-GN-A264-06 0.729870934534789 0.757279095586216 0.666337666666667 0.4988858
TCGA-EE-A2MN-06 0.665110529016947 0.698886382493069 0.549550466666667 0.700990333333333
TCGA-EE-A2GE-06 0.298454720285197 0.222753833333333 0.222753833333333 0.3303308
TCGA-XV-AAZY-01 0.492209403359762 0.520427146348375 0.540095212314206 0.500567082978771
TCGA-EE-A2GL-06 0.298454720285197 0.336598327581759 0.405084333333333 0.245939633333333
TCGA-EE-A2A2-06 0.656867533333333 0.630844625068489 0.690003918136896 0.640221557213122
TCGA-WE-A8ZN-06 0.553825666666667 0.466256912510258 0.381422227112518 0.443116733333333
TCGA-EE-A2ML-06 0.567954366666667 0.674334733333333 0.60723302970683 0.5499858
TCGA-D3-A8GR-06 0.7720212 0.767492084607315 0.8011753 0.7471363
TCGA-EE-A2GC-06 0.72319460627541 0.579079303788271 0.448235166666667 0.650977592653385
TCGA-D9-A4Z6-06 0.674334733333333 0.719001546858661 0.795484110884552 0.719001546858661
TCGA-D3-A2J6-06 0.857124133333333 0.7238646 0.661386076819144 0.666337666666667
TCGA-FS-A1ZT-06 0.492209403359762 0.46889070293444 0.5358179 0.618176466666667
TCGA-EE-A17X-06 0.7631984 0.8843099 0.783649066666667 0.843595766666667
TCGA-EE-A2M8-06 0.330012585802401 0.235481866666667 0.198022466666667 0.292376733333333
TCGA-D3-A8GO-06 0.452474733988399 0.483610274658058 0.563581904216314 0.413753366666667
TCGA-EB-A42Y-01 0.814290266666667 0.852432521421319 0.7256358 0.797457930643287
TCGA-EE-A2A6-06 0.440691124423847 0.549254081618566 0.553888075901682 0.492632666666667
TCGA-D9-A4Z3-01 0.714752280821872 0.796818773696956 0.744437684684052 0.747786029849037
TCGA-ER-A19F-06 0.737960171550855 0.852432521421319 0.753531723286556 0.826812025647316
TCGA-EE-A2A1-06 0.289298689847064 0.330012585802401 0.307593133548404 0.289298689847064
TCGA-EE-A3J8-06 0.880342266666667 0.8294562 0.901908466666667 0.8583487
TCGA-EB-A44O-01 0.914159166666667 0.796818773696956 0.8294562 0.85364895637846
TCGA-FS-A4F9-06 0.8011753 0.909577 0.825592417049655 0.810429333333333
TCGA-BF-A9VF-01 0.880342266666667 0.851615784585906 0.862607297756726 0.868406362394223
TCGA-GN-A8LK-06 0.9060571 0.882038420337071 0.932174966666667 0.891077633333333
TCGA-EE-A3AE-06 0.714752280821872 0.684076033333333 0.602999700650738 0.661386076819144
TCGA-ER-A19E-06 0.737960171550855 0.698886382493069 0.714989233017351 0.709219378143608
TCGA-FR-A3YN-06 0.72319460627541 0.602743334027694 0.666599206968736 0.657162458676338
TCGA-D9-A1JX-06 0.666337666666667 0.757279095586216 0.547756236289562 0.741558166206268
TCGA-OD-A75X-06 0.783649066666667 0.7238646 0.774458516871505 0.820032633333333
TCGA-EE-A29N-06 0.239321366666667 0.3657489 0.4612333 0.347490233333333
TCGA-D3-A8GL-06 0.838147532632332 0.848226187435247 0.9060571 0.861202265835145
TCGA-GN-A26A-06 0.577329375691364 0.46889070293444 0.440691124423847 0.465400266666667
TCGA-FR-A8YE-06 0.342640103486491 0.274051180221919 0.254909339663627 0.208160466666667
TCGA-EE-A2MK-06 0.746755989059762 0.7238646 0.472298969366975 0.636556595010811
TCGA-D3-A3CB-06 0.280205533333333 0.2447996 0.258828933333333 0.280205533333333
TCGA-D3-A2JF-06 0.591372492173837 0.630844625068489 0.476472160688338 0.553888075901682
TCGA-FR-A7UA-06 0.2283048 0.193920806645658 0.1991272 0.203406884232704
TCGA-D9-A1JW-06 0.591372492173837 0.563346817890415 0.510214833333333 0.544209813302713
TCGA-D3-A8GE-06 0.215513433333333 0.398621066810362 0.370033236994702 0.519364466666667
TCGA-EE-A3AA-06 0.171036919330929 0.35630320851158 0.544209813302713 0.249461233333333
TCGA-EE-A29E-06 0.694670754443078 0.796818773696956 0.851382043721614 0.7796874
TCGA-WE-AAA0-06 0.440691124423847 0.547756236289562 0.679751089198487 0.546227361378297
TCGA-FS-A1ZJ-06 0.825345222761939 0.852432521421319 0.77585156395955 0.818947066666667
TCGA-D3-A3ML-06 0.825345222761939 0.8843099 0.9163685 0.882038420337071
TCGA-W3-AA1O-06 0.72319460627541 0.730431088044268 0.785664160046653 0.678562033333333
TCGA-D3-A8GJ-06 0.336598327581759 0.528756360317183 0.361676775385282 0.868940566666667
TCGA-D3-A3CC-06 0.591372492173837 0.579079303788271 0.678562033333333 0.4284969
TCGA-EE-A2GU-06 0.452474733988399 0.602743334027694 0.622736933333333 0.506932336945695
TCGA-EE-A182-06 0.7720212 0.630844625068489 0.54727435499595 0.511525133333333
TCGA-EB-A41A-01 0.729870934534789 0.8294562 0.814290266666667 0.782200841348733
TCGA-D3-A2JC-06 0.640178488553722 0.408469166666667 0.546227361378297 0.5040094
TCGA-EB-A5UN-06 0.289298689847064 0.408469166666667 0.733031901339805 0.806398333333333
TCGA-ER-A19L-06 0.825345222761939 0.8294562 0.676826905157471 0.754097936888026
TCGA-FR-A8YC-06 0.5040094 0.615436043008044 0.747915284076224 0.602874323699668
TCGA-DA-A1HV-06 0.622736933333333 0.497169466666667 0.500567082978771 0.532060208166561
TCGA-DA-A1I8-06 0.674334733333333 0.618176466666667 0.702115575409339 0.791024826037707
TCGA-FW-A3R5-06 0.620886752333528 0.549254081618566 0.640221557213122 0.592644004810037
TCGA-D3-A1QA-06 0.825345222761939 0.796818773696956 0.763621882202677 0.8422514
TCGA-FS-A1ZA-06 0.847010862290138 0.579079303788271 0.678544833333333 0.705782476222603
TCGA-EE-A3JD-06 0.171036919330929 0.243081337816581 0.28241797527539 0.198022466666667
TCGA-D3-A1Q5-06 0.857124133333333 0.8422514 0.81640830487625 0.847010862290138
TCGA-EE-A2GR-06 0.814290266666667 0.862607297756726 0.884608733333333 0.898121933333333
TCGA-D3-A3MR-06 0.254909339663627 0.2447996 0.330012585802401 0.283107066666667
TCGA-BF-A3DJ-01 0.656867533333333 0.792289 0.5702329 0.665110529016947
TCGA-EE-A3J4-06 0.780319178539986 0.876175166666667 0.689498733333333 0.829675566666667
TCGA-FS-A1ZF-06 0.847010862290138 0.852432521421319 0.7301450842279 0.7932756
TCGA-WE-A8ZO-06 0.687415289924011 0.650977592653385 0.60263674008317 0.630153198833963
TCGA-GN-A268-06 0.9060571 0.909577 0.868406362394223 0.885317166666667
TCGA-BF-A3DM-01 0.783649066666667 0.757279095586216 0.838147532632332 0.779306085724323
TCGA-ER-A19M-06 0.378464966666667 0.448235166666667 0.3947785 0.421420694417427
TCGA-EE-A2GI-06 0.518554087355426 0.593844208644104 0.5499858 0.539428080748396
TCGA-EE-A20H-06 0.86744320276352 0.792289 0.869300086798145 0.842817602641216
TCGA-D3-A8GK-06 0.86744320276352 0.861202265835145 0.915031366666667 0.885183433333333
TCGA-W3-A824-06 0.737960171550855 0.716536165062806 0.709219378143608 0.699185266666667
TCGA-EE-A29X-06 0.7631984 0.509541627066636 0.523182077226685 0.649628666666667
TCGA-FS-A1ZB-06 0.63454609861848 0.46889070293444 0.403353933333333 0.45305077727639
TCGA-EE-A29S-06 0.622736933333333 0.630844625068489 0.5793323 0.5846974
TCGA-FS-A1YW-06 0.805438856165447 0.8294562 0.748174766666667 0.7720212
TCGA-DA-A1I4-06 0.378464966666667 0.497169466666667 0.383235105367956 0.428099821109005
TCGA-BF-A5EQ-01 0.56031968218062 0.509541627066636 0.518554087355426 0.509670884084827
TCGA-EB-A5FP-01 0.729870934534789 0.698886382493069 0.892005233333333 0.757279095586216
TCGA-EE-A184-06 0.78924752247954 0.630844625068489 0.674586951457114 0.678544833333333
TCGA-D3-A3BZ-06 0.567954366666667 0.323397524467561 0.249461233333333 0.1991272
TCGA-RP-A693-06 0.378464966666667 0.518554087355426 0.519364466666667 0.414006
TCGA-WE-A8ZX-06 0.656867533333333 0.60263674008317 0.555837976613928 0.594090505227323
TCGA-WE-A8K4-01 0.369421766666667 0.496280160776165 0.591844376937627 0.478317630701294
TCGA-D3-A3MV-06 0.622736933333333 0.7238646 0.763631533333333 0.689976727245794
TCGA-EE-A3AC-06 0.644884666666667 0.796818773696956 0.657162458676338 0.739923320770762
TCGA-D3-A1QB-06 0.539428080748396 0.421420694417427 0.389571664459276 0.3804859
TCGA-EE-A3JI-06 0.814290266666667 0.8294562 0.767492084607315 0.806356250413529
TCGA-GN-A4U3-06 0.805438856165447 0.757279095586216 0.810429333333333 0.851615784585906
TCGA-W3-AA1Q-06 0.403353933333333 0.544412245438036 0.630844625068489 0.599803248997805
TCGA-WE-AAA4-06 0.215513433333333 0.289298689847064 0.256931111373859 0.315406566666667
TCGA-FW-A3TV-06 0.528756360317183 0.563346817890415 0.659869694939359 0.553825666666667
TCGA-ER-A19B-06 0.694670754443078 0.7238646 0.750442431394271 0.586004935516666
TCGA-EB-A6R0-01 0.7720212 0.7090374 0.64135219693562 0.702115575409339
TCGA-EE-A2MC-06 0.2283048 0.3928428 0.3119568 0.349635174845379
TCGA-EE-A20B-06 0.599803248997805 0.532060208166561 0.5186971 0.555837976613928
TCGA-FR-A3R1-01 0.56031968218062 0.7090374 0.710675566666667 0.63454609861848
TCGA-EB-A5SE-01 0.825345222761939 0.862607297756726 0.810403926504853 0.838147532632332
TCGA-ER-A19S-06 0.171036919330929 0.198022466666667 0.298454720285197 0.256931111373859
TCGA-GN-A263-01 0.342640103486491 0.497169466666667 0.567954366666667 0.464185692319695
TCGA-DA-A95Z-06 0.7631984 0.775940822155313 0.797305888898808 0.766352257244312
TCGA-ER-A42L-06 0.239321366666667 0.258302150934001 0.274051180221919 0.208838833333333
TCGA-EB-A82B-01 0.599803248997805 0.586004935516666 0.579079303788271 0.572531791886674
TCGA-EB-A299-01 0.518554087355426 0.684076033333333 0.649969342316953 0.60263674008317
TCGA-D3-A8GQ-06 0.452474733988399 0.591372492173837 0.752123380865773 0.579079303788271
TCGA-FS-A1ZQ-06 0.656867533333333 0.7720212 0.741558166206268 0.657530466666667
TCGA-FS-A4F5-06 0.78924752247954 0.738573017383676 0.792876326589159 0.763631533333333
TCGA-EE-A3AD-06 0.930348366666667 0.810401959172299 0.885183433333333 0.930348366666667
TCGA-YG-AA3O-06 0.694670754443078 0.697167445141508 0.724030960992704 0.679349054711486
TCGA-FW-A5DX-01 0.914159166666667 0.744437684684052 0.843595766666667 0.838199419290499
TCGA-FW-A3I3-06 0.7720212 0.698886382493069 0.880342266666667 0.767492084607315
TCGA-EE-A2GM-06 0.78924752247954 0.779306085724323 0.796818773696956 0.77585156395955
TCGA-D3-A1Q8-06 0.472298969366975 0.518554087355426 0.413753366666667 0.417015261071807
TCGA-FS-A1ZG-06 0.889711833333333 0.8843099 0.868435066666667 0.8011753
TCGA-FS-A4FC-06 0.492209403359762 0.593844208644104 0.687415289924011 0.496280160776165
TCGA-Z2-AA3V-06 0.315406566666667 0.381422227112518 0.343694566666667 0.3947785
TCGA-ER-A19O-06 0.413753366666667 0.509541627066636 0.241339692024903 0.387685412036156
TCGA-FS-A1ZR-06 0.687415289924011 0.649448333208963 0.678813302449725 0.710675566666667
TCGA-EB-A42Z-01 0.750442431394271 0.852432521421319 0.684076033333333 0.763621882202677
TCGA-Z2-AA3S-06 0.78924752247954 0.785664160046653 0.75246044870975 0.829776833333333
TCGA-EE-A3J7-06 0.7631984 0.818947066666667 0.847116173976699 0.802032126359006
TCGA-D3-A2JA-06 0.539428080748396 0.4855183 0.338849886338987 0.456193162564678
TCGA-D3-A8GM-06 0.539428080748396 0.577329375691364 0.645623238665988 0.569500638867187
TCGA-EB-A430-01 0.607096904754834 0.65352588805161 0.759583666666667 0.65352588805161
TCGA-D3-A8GC-06 0.814290266666667 0.784813366186914 0.757279095586216 0.780319178539986
TCGA-EE-A17Z-06 0.889711833333333 0.895803666666667 0.8843099 0.862917166666667
TCGA-ER-A2NF-01 0.369421766666667 0.563346817890415 0.46889070293444 0.46889070293444
TCGA-FS-A4FD-06 0.7631984 0.796818773696956 0.699185266666667 0.748174766666667
TCGA-EB-A85I-01 0.553825666666667 0.555837976613928 0.5846974 0.549254081618566
TCGA-WE-A8ZM-06 0.889711833333333 0.807774143525243 0.8218238 0.716536165062806
TCGA-HR-A5NC-01 0.72319460627541 0.810401959172299 0.729977286362583 0.752123380865773
TCGA-EE-A2MR-06 0.171036919330929 0.254909339663627 0.258302150934001 0.222753833333333
TCGA-EE-A29A-06 0.622736933333333 0.7238646 0.7733192 0.773700166666667
TCGA-GF-A3OT-06 0.298454720285197 0.292376733333333 0.510327506263139 0.807774143525243
TCGA-EB-A5SG-06 0.215513433333333 0.231952141151486 0.230303033333333 0.215513433333333
TCGA-EE-A2MU-06 0.378464966666667 0.311817166666667 0.336598327581759 0.371328532838199
TCGA-EB-A4OZ-01 0.35630320851158 0.258828933333333 0.414006 0.370033236994702
TCGA-EB-A5VV-06 0.729870934534789 0.378464966666667 0.193920806645658 0.674334733333333
TCGA-EB-A82C-01 0.814290266666667 0.81640830487625 0.85364895637846 0.825345222761939
TCGA-EE-A2MP-06 0.644884666666667 0.563346817890415 0.56824203844914 0.564514066666667
TCGA-D3-A3CF-06 0.492209403359762 0.421420694417427 0.3657489 0.3119568
TCGA-BF-AAOX-01 0.528756360317183 0.660951578649656 0.851615784585906 0.648074696748272
TCGA-D3-A2J9-06 0.315406566666667 0.2447996 0.231952141151486 0.217526966666667
TCGA-D3-A2JH-06 0.269740479232199 0.325208529279144 0.3804859 0.2716968
TCGA-DA-A95X-06 0.746755989059762 0.73210917802398 0.660951578649656 0.7733192
TCGA-GN-A262-06 0.914159166666667 0.909577 0.939706566666667 0.9060571
TCGA-EE-A29V-06 0.599803248997805 0.674334733333333 0.802032126359006 0.615436043008044
TCGA-EE-A2MH-06 0.591372492173837 0.421420694417427 0.478317630701294 0.876175166666667
TCGA-EE-A3J5-06 0.452474733988399 0.630844625068489 0.511525133333333 0.519933185046953
TCGA-EB-A4OY-01 0.5040094 0.532060208166561 0.714752280821872 0.56377048902179
TCGA-BF-A1PZ-01 0.7720212 0.818947066666667 0.801426421833479 0.792876326589159
TCGA-W3-AA1R-06 0.678544833333333 0.733031901339805 0.7932756 0.738838866666667
TCGA-D9-A6EA-06 0.782200841348733 0.796818773696956 0.834686266666667 0.797305888898808
TCGA-FS-A4F4-06 0.901543033333333 0.563346817890415 0.477485533333333 0.730431088044268
TCGA-EE-A29G-06 0.254909339663627 0.3657489 0.618463883596 0.2925038
TCGA-D3-A3CE-06 0.56031968218062 0.532060208166561 0.447002736167818 0.909577
TCGA-XV-A9W2-01 0.567954366666667 0.661386076819144 0.805438856165447 0.649448333208963
TCGA-DA-A1HY-06 0.599803248997805 0.744437684684052 0.715551 0.669593164780898
TCGA-EE-A3JB-06 0.539428080748396 0.497169466666667 0.509541627066636 0.7238646
TCGA-GN-A266-06 0.518554087355426 0.518554087355426 0.289298689847064 0.436784617552946
TCGA-ER-A19H-06 0.930348366666667 0.665110529016947 0.539428080748396 0.714752280821872
