abscnseq ascat estimate purbayes
TCGA-F5-6571-01 0.715166133333333 0.565724862265642 0.4095067 0.6508035
TCGA-AA-A02R-01 0.585182833333333 0.755479 0.642368266666667 0.647062872907062
TCGA-AF-6136-01 0.65048548033124 0.5097975 0.7274812 0.769552566666667
TCGA-EI-6514-01 0.749972822511875 0.689152433333333 0.637471067751168 0.675932472428401
TCGA-AA-3862-01 0.619068176846929 0.5739467 0.576674078522188 0.580144601195616
TCGA-AA-3492-01 0.525847160143616 0.8295954 0.6064062 0.698029266666667
TCGA-DC-6157-01 0.773037966666667 0.744806733333333 0.736455546687517 0.894314
TCGA-AA-3977-01 0.3993303 0.703042866666667 0.5394063 0.494849333333333
TCGA-AA-3502-01 0.598127272149999 0.901202466666667 0.731248833333333 0.802368411821938
TCGA-AG-A016-01 0.791250333333333 0.876522333333333 0.783204133333333 0.7772082
TCGA-AG-A036-01 0.595208196644798 0.534401866666667 0.5550431 0.562171974691043
TCGA-AA-3861-01 0.560057896161952 0.4624318 0.512387166666667 0.530213034934184
TCGA-AG-3878-01 0.525847160143616 0.3275663 0.3997044 0.319896366666667
TCGA-A6-6142-01 0.494801533333333 0.367012166666667 0.467937933333333 0.600651966666667
TCGA-AG-3592-01 0.671995586108528 0.6803445 0.651572844758323 0.651545425271319
TCGA-AG-3887-01 0.675932472428401 0.855553633333333 0.782767533333333 0.909080733333333
TCGA-T9-A92H-01 0.7406524 0.723971638169703 0.8610044 0.699329366666667
TCGA-AG-A00C-01 0.715166133333333 0.814290766666667 0.731812066666667 0.732788974673515
TCGA-CM-6171-01 0.631630966666667 0.814290766666667 0.689152433333333 0.716467166666667
TCGA-EI-6885-01 0.731046633333333 0.534401866666667 0.516296966666667 0.585198347383433
TCGA-AA-3980-01 0.575005889354889 0.484203566666667 0.520224766666667 0.538872858226994
TCGA-CL-5917-01 0.800529766666667 0.755479 0.782756366666667 0.750584298286684
TCGA-AA-3696-01 0.455348833333333 0.855553633333333 0.66779040520451 0.769613666666667
TCGA-AA-A02Y-01 0.637471067751168 0.7951796 0.847979745632656 0.613518533333333
TCGA-DC-4745-01 0.706931533333333 0.765193233333333 0.66568905855089 0.7316798
TCGA-AG-4015-01 0.731046633333333 0.814290766666667 0.7406524 0.740661686323747
TCGA-F5-6863-01 0.622706266666667 0.7250488 0.815917266666667 0.796124833333333
TCGA-AA-3855-01 0.494801533333333 0.4155213 0.494849333333333 0.5217317
TCGA-CM-4751-01 0.3539009 0.516296966666667 0.546234566666667 0.410984366666667
TCGA-DM-A28K-01 0.578342 0.814290766666667 0.8295954 0.782767533333333
TCGA-CI-6619-01 0.520191233333333 0.302919233333333 0.627430030911951 0.372446166666667
TCGA-D5-6533-01 0.6047466 0.703042866666667 0.671028033333333 0.572546570233777
TCGA-AA-3526-01 0.773037966666667 0.7250488 0.572074316166812 0.617422733545925
TCGA-AF-5654-01 0.561992566666667 0.776462452618668 0.829975033898189 0.693624566666667
TCGA-AF-A56N-01 0.664859033333333 0.666274581982805 0.660372866666667 0.677575790533283
TCGA-G4-6626-01 0.675932472428401 0.609783241886219 0.867070166666667 0.671889068295077
TCGA-G4-6628-01 0.408680266666667 0.544069033333333 0.384554366666667 0.4624318
TCGA-CK-4948-01 0.585182833333333 0.319896366666667 0.578831933333333 0.615450904028447
TCGA-DC-6158-01 0.697938805984704 0.5530758339742 0.376088566666667 0.553598589259652
TCGA-CM-5863-01 0.3993303 0.3275663 0.5450183 0.276955766666667
TCGA-DC-5337-01 0.613518533333333 0.765193233333333 0.651273666666667 0.6608318
TCGA-CA-5797-01 0.613518533333333 0.5739467 0.627457566666667 0.912615833333333
TCGA-AH-6549-01 0.576674078522188 0.367012166666667 0.642208233333333 0.540411643646347
TCGA-AA-3930-01 0.697938805984704 0.5739467 0.606001333333333 0.6064062
TCGA-AA-3844-01 0.791250333333333 0.755479 0.736937604880359 0.743404707265358
TCGA-AG-A02N-01 0.684825366666667 0.8295954 0.716847966666667 0.725539236370245
TCGA-AA-3860-01 0.7406524 0.7815997 0.71656107836096 0.703042866666667
TCGA-CM-5341-01 0.538872858226994 0.544069033333333 0.567191833333333 0.638730358235154
TCGA-G4-6303-01 0.841065166666667 0.73569096513962 0.6182571 0.720871989081825
TCGA-F4-6704-01 0.6047466 0.404323866666667 0.372446166666667 0.253047333333333
TCGA-AA-A01X-01 0.866117233333333 0.62682013284913 0.776574444080183 0.8365791
TCGA-AA-3869-01 0.664859033333333 0.62682013284913 0.698367841369639 0.9417386
TCGA-CM-5348-01 0.578342 0.544069033333333 0.379959133333333 0.511524750702844
TCGA-AA-A017-01 0.841065166666667 0.599238372927083 0.683510268050047 0.687175554142076
TCGA-EI-6506-01 0.664859033333333 0.302919233333333 0.621634021160698 0.4155213
TCGA-AG-3892-01 0.187996333333333 0.4624318 0.389321033333333 0.341521766666667
TCGA-CK-5915-01 0.697938805984704 0.876522333333333 0.901653033333333 0.776838021101131
TCGA-AA-3877-01 0.443331366666667 0.534401866666667 0.486279766666667 0.455508633333333
TCGA-AA-3558-01 0.773037966666667 0.901202466666667 0.848106533333333 0.9170737
TCGA-AA-3527-01 0.715166133333333 0.7815997 0.745516033333333 0.822062366666667
TCGA-A6-2678-01 0.773037966666667 0.7815997 0.726477771282195 0.6851153
TCGA-DY-A1DF-01 0.912615833333333 0.876522333333333 0.7817195 0.822607446703835
TCGA-AA-A01T-01 0.697938805984704 0.6803445 0.652947266666667 0.661498829929494
TCGA-AA-3684-01 0.443331366666667 0.253047333333333 0.359558566666667 0.306964833333333
TCGA-AD-6895-01 0.479971133333333 0.5739467 0.560057896161952 0.480568733333333
TCGA-4T-AA8H-01 0.408680266666667 0.69968167193223 0.9766031 0.867070166666667
TCGA-F4-6856-01 0.372446166666667 0.609783241886219 0.716467166666667 0.569591713594549
TCGA-EI-6509-01 0.866117233333333 0.6803445 0.736198224976808 0.736570887775612
TCGA-A6-2685-01 0.578342 0.229011833333333 0.3406694 0.308560733333333
TCGA-F4-6854-01 0.525847160143616 0.660350566666667 0.617422733545925 0.598127272149999
TCGA-CK-5912-01 0.7406524 0.65048548033124 0.727366858522361 0.683510268050047
TCGA-AA-3667-01 0.791250333333333 0.669561683651667 0.703042866666667 0.731046633333333
TCGA-AG-A015-01 0.739814498541342 0.9090693 0.765193233333333 0.7274812
TCGA-F5-6812-01 0.538872858226994 0.534401866666667 0.425903833333333 0.534401866666667
TCGA-AA-3693-01 0.822062366666667 0.924399266666667 0.826195466666667 0.791250333333333
TCGA-AA-A02J-01 0.8593136 0.73569096513962 0.715166133333333 0.605619866666667
TCGA-CM-6674-01 0.479971133333333 0.5530758339742 0.5544051 0.54520737365245
TCGA-D5-6531-01 0.578342 0.65048548033124 0.534401866666667 0.870590833333333
TCGA-AG-4021-01 0.976474233333333 0.776462452618668 0.598127272149999 0.6767901
TCGA-WS-AB45-01 0.243437833333333 0.20847899163287 0.198398366666667 0.2809406
TCGA-D5-6931-01 0.379959133333333 0.516296966666667 0.562171974691043 0.9278999
TCGA-G4-6311-01 0.520191233333333 0.4155213 0.554999833333333 0.815917266666667
TCGA-AG-3726-01 0.631630966666667 0.744806733333333 0.651907951613642 0.661184436250521
TCGA-AA-3660-01 0.9487411 0.6803445 0.697938805984704 0.611937601565048
TCGA-AG-A011-01 0.525847160143616 0.589629833333333 0.62682013284913 0.8593136
TCGA-AA-3532-01 0.598127272149999 0.404323866666667 0.450142866666667 0.341609133333333
TCGA-AA-3531-01 0.9380657 0.9090693 0.924399266666667 0.8477025
TCGA-AG-3890-01 0.520191233333333 0.5530758339742 0.5405061 0.554999833333333
TCGA-AA-3841-01 0.822062366666667 0.62682013284913 0.687175554142076 0.693061381006314
TCGA-CM-5861-01 0.622706266666667 0.7951796 0.777769033333333 0.6099035
TCGA-CM-6168-01 0.561992566666667 0.501118775733274 0.344258166666667 0.281956266666667
TCGA-CM-5344-01 0.494801533333333 0.5530758339742 0.6426723 0.725377066666667
TCGA-NH-A6GB-01 0.664859033333333 0.62644019802647 0.675932472428401 0.5405061
TCGA-AA-A01Z-01 0.800529766666667 0.814290766666667 0.877774766666667 0.6808826
TCGA-AA-3678-01 0.675932472428401 0.65048548033124 0.600651966666667 0.5541575
TCGA-F4-6463-01 0.379959133333333 0.609783241886219 0.589659 0.4713747
TCGA-A6-6780-01 0.505332433333333 0.4155213 0.484526166666667 0.600855266666667
TCGA-AA-3939-01 0.65048548033124 0.637471067751168 0.6099035 0.61820350996985
TCGA-AA-3544-01 0.731046633333333 0.689152433333333 0.671889068295077 0.680574108324338
TCGA-AA-A024-01 0.658584846475184 0.5530758339742 0.611937601565048 0.707959833333333
TCGA-A6-5666-01 0.637471067751168 0.744806733333333 0.847031433333333 0.7951796
TCGA-A6-5657-01 0.5530758339742 0.302919233333333 0.5211729 0.836570033333333
TCGA-BM-6198-01 0.631630966666667 0.65048548033124 0.4624318 0.5550431
TCGA-CK-6747-01 0.65048548033124 0.814290766666667 0.670528233333333 0.680728166666667
TCGA-G4-6298-01 0.425903833333333 0.393988933333333 0.8020492 0.5530758339742
TCGA-G4-6297-01 0.520191233333333 0.565724862265642 0.4750255 0.9487411
TCGA-CK-4951-01 0.306964833333333 0.65048548033124 0.404323866666667 0.534592066666667
TCGA-AF-2689-01 0.8593136 0.62682013284913 0.703363633333333 0.711826911847153
TCGA-AZ-4308-01 0.720871989081825 0.711826911847153 0.650546733333333 0.5739467
TCGA-DY-A1DC-01 0.631630966666667 0.744806733333333 0.651101254239865 0.6227472
TCGA-F5-6813-01 0.5530758339742 0.65048548033124 0.561992566666667 0.578442766666667
TCGA-CM-6676-01 0.892345833333333 0.4155213 0.7250488 0.631630966666667
TCGA-5M-AAT6-01 0.379959133333333 0.572074316166812 0.358957733333333 0.916879166666667
TCGA-AA-3666-01 0.791250333333333 0.7951796 0.761338533333333 0.752607331938217
TCGA-A6-2677-01 0.768886928287848 0.7951796 0.62644019802647 0.846163966666667
TCGA-AA-3506-01 0.306964833333333 0.689152433333333 0.581041792677911 0.544248933333333
TCGA-AA-A010-01 0.443331366666667 0.876522333333333 0.632284333333333 0.642566809999233
TCGA-AA-3973-01 0.706931533333333 0.855553633333333 0.751383366666667 0.769653533333333
TCGA-CM-6170-01 0.658584846475184 0.5530758339742 0.578342 0.642208233333333
TCGA-D5-5537-01 0.706931533333333 0.711826911847153 0.693885633333333 0.684890547114048
TCGA-AF-2692-01 0.68396253279243 0.7250488 0.6608318 0.671382127294953
TCGA-G4-6588-01 0.675932472428401 0.516296966666667 0.651402933333333 0.511961233333333
TCGA-D5-6930-01 0.379959133333333 0.5530758339742 0.467407466666667 0.3298964
TCGA-AA-A01R-01 0.675932472428401 0.6803445 0.643638183721341 0.651572844758323
TCGA-AA-3673-01 0.65048548033124 0.7250488 0.680574108324338 0.759358266666667
TCGA-5M-AAT5-01 0.731046633333333 0.743404707265358 0.894314 0.783101
TCGA-EF-5830-01 0.613518533333333 0.855553633333333 0.749972822511875 0.836493933333333
TCGA-A6-6650-01 0.731046633333333 0.6803445 0.836493933333333 0.716069805244473
TCGA-DM-A1DA-01 0.749972822511875 0.9090693 0.846163966666667 0.787461126669609
TCGA-DM-A288-01 0.692806533333333 0.669561683651667 0.892345833333333 0.706958090567153
TCGA-CM-6677-01 0.561992566666667 0.516296966666667 0.57770796761345 0.556655667431125
TCGA-F4-6461-01 0.6047466 0.599238372927083 0.539142933333333 0.49947913194321
TCGA-AA-3854-01 0.773037966666667 0.901202466666667 0.78766108103304 0.783204133333333
TCGA-DM-A28E-01 0.786921833333333 0.599238372927083 0.913126866666667 0.773037966666667
TCGA-CK-6748-01 0.749972822511875 0.73569096513962 0.490625266666667 0.589629833333333
TCGA-AZ-6603-01 0.65048548033124 0.711826911847153 0.553325542787399 0.62682013284913
TCGA-AA-3520-01 0.800529766666667 0.7250488 0.671382127294953 0.566962466666667
TCGA-A6-6781-01 0.334369233333333 0.484203566666667 0.205611433333333 0.3993303
TCGA-AY-6197-01 0.379959133333333 0.7815997 0.736570887775612 0.6718526
TCGA-G4-6304-01 0.425903833333333 0.49947913194321 0.791250333333333 0.20847899163287
TCGA-EI-6510-01 0.6047466 0.924399266666667 0.846726133333333 0.609967766666667
TCGA-D5-5538-01 0.697938805984704 0.669561683651667 0.408680266666667 0.581658865593892
TCGA-G4-6314-01 0.505332433333333 0.544069033333333 0.5541575 0.8062956
TCGA-QG-A5Z2-01 0.261986466666667 0.62682013284913 0.725954866666667 0.466292433333333
TCGA-NH-A50V-01 0.505332433333333 0.62682013284913 0.55498370971826 0.568105626885861
TCGA-AA-3811-01 0.443331366666667 0.516296966666667 0.49947913194321 0.50982597050086
TCGA-EI-7002-01 0.683510268050047 0.755479 0.623880698390989 0.671117039821878
TCGA-AY-A69D-01 0.870590833333333 0.742273823312643 0.782363266666667 0.660372866666667
TCGA-AG-3598-01 0.841065166666667 0.805702266666667 0.727707366666667 0.589659
TCGA-DM-A28F-01 0.749972822511875 0.669561683651667 0.8224276 0.591571166666667
TCGA-A6-6782-01 0.520191233333333 0.4624318 0.415754533333333 0.567242066666667
TCGA-D5-6541-01 0.637471067751168 0.617631405542171 0.38815 0.55512202594424
TCGA-AA-3858-01 0.664859033333333 0.5530758339742 0.587175953180554 0.590398827257414
TCGA-D5-6538-01 0.870590833333333 0.9380657 0.969718233333333 0.848045688756358
TCGA-D5-5540-01 0.826195466666667 0.7951796 0.720871989081825 0.807033033333333
TCGA-F4-6807-01 0.505332433333333 0.5530758339742 0.311771066666667 0.496553366666667
TCGA-AF-2693-01 0.8357898 0.641183433333333 0.600268 0.520191233333333
TCGA-F4-6808-01 0.720871989081825 0.589629833333333 0.841537633333333 0.62644019802647
TCGA-EI-6917-01 0.2809406 0.5739467 0.335369866666667 0.449595733333333
TCGA-AF-6672-01 0.664859033333333 0.660350566666667 0.7614913 0.892345833333333
TCGA-DY-A0XA-01 0.697938805984704 0.617631405542171 0.769653533333333 0.591503066666667
TCGA-CK-4952-01 0.822062366666667 0.9090693 0.723616721077713 0.7614913
TCGA-AG-3882-01 0.578342 0.617631405542171 0.643771133333333 0.841065166666667
TCGA-QG-A5YX-01 0.773037966666667 0.846163966666667 0.8841451 0.755479
TCGA-AG-A026-01 0.901202466666667 0.9278999 0.912615833333333 0.847979745632656
TCGA-AG-3583-01 0.637471067751168 0.599238372927083 0.617683566666667 0.706931533333333
TCGA-A6-5660-01 0.759358266666667 0.617631405542171 0.631630966666667 0.652274284594687
TCGA-AF-6655-01 0.631630966666667 0.430688566666667 0.579194075671281 0.539142933333333
TCGA-DM-A28G-01 0.561992566666667 0.703042866666667 0.814290766666667 0.599535366666667
TCGA-CM-6172-01 0.720871989081825 0.565724862265642 0.671434666666667 0.6269665
TCGA-AA-3947-01 0.334369233333333 0.599238372927083 0.553639936466372 0.671995586108528
TCGA-DM-A0XF-01 0.773037966666667 0.4624318 0.684890547114048 0.529691933333333
TCGA-AA-3514-01 0.675932472428401 0.703042866666667 0.676002654305201 0.7448874
TCGA-AA-3517-01 0.692806533333333 0.744806733333333 0.707092745333346 0.777769033333333
TCGA-D5-6926-01 0.578342 0.484203566666667 0.480568733333333 0.716847966666667
TCGA-A6-6651-01 0.443331366666667 0.393988933333333 0.276955766666667 0.600268
TCGA-SS-A7HO-01 0.810395266666667 0.802368411821938 0.912979633333333 0.913126866666667
TCGA-AZ-6607-01 0.684825366666667 0.3539009 0.3298964 0.801773033333333
TCGA-AF-2690-01 0.598127272149999 0.393988933333333 0.243437833333333 0.379959133333333
TCGA-F4-6570-01 0.538872858226994 0.703042866666667 0.308560733333333 0.530482333333333
TCGA-CM-6678-01 0.479971133333333 0.669561683651667 0.7815997 0.6988545
TCGA-AG-4008-01 0.479971133333333 0.5296154 0.530482333333333 0.590445366666667
TCGA-A6-3807-01 0.525847160143616 0.448033533333333 0.553598589259652 0.670522033333333
TCGA-AY-A8YK-01 0.585182833333333 0.723616721077713 0.7780039 0.969718233333333
TCGA-AA-3976-01 0.647062872907062 0.65048548033124 0.617631405542171 0.627430030911951
TCGA-AG-A01J-01 0.731046633333333 0.5097975 0.590398827257414 0.595208196644798
TCGA-CM-6165-01 0.7406524 0.703042866666667 0.521772283960515 0.643137230184076
TCGA-D5-5539-01 0.664859033333333 0.609783241886219 0.530304463140559 0.501959933333333
TCGA-AH-6644-01 0.692806533333333 0.589629833333333 0.525847160143616 0.520323666666667
TCGA-EI-6511-01 0.870590833333333 0.65048548033124 0.367012166666667 0.619068176846929
TCGA-NH-A6GA-01 0.684825366666667 0.700506387155721 0.751073966666667 0.731199633333333
TCGA-AD-6889-01 0.637471067751168 0.9487411 0.755479 0.815857233333333
TCGA-AZ-6598-01 0.800529766666667 0.68746494615599 0.59207913147037 0.700506387155721
TCGA-D5-6927-01 0.490625266666667 0.3539009 0.449595733333333 0.4438822
TCGA-AA-A02W-01 0.912615833333333 0.669561683651667 0.8169254 0.9129011
TCGA-AD-6548-01 0.505332433333333 0.5739467 0.496553366666667 0.455348833333333
TCGA-AA-3848-01 0.65048548033124 0.755479 0.660350566666667 0.651402933333333
TCGA-AU-6004-01 0.187996333333333 0.516296966666667 0.473401066666667 0.38815
TCGA-AA-3870-01 0.5530758339742 0.599238372927083 0.556655667431125 0.5394063
TCGA-AA-3522-01 0.9380657 0.484203566666667 0.589992465582753 0.4095067
TCGA-NH-A8F8-01 0.598127272149999 0.623880698390989 0.6322026 0.6136795
TCGA-AA-3819-01 0.613518533333333 0.73569096513962 0.632111233333333 0.617683566666667
TCGA-G4-6317-02 0.841065166666667 0.7951796 0.8593136 0.795688002493149
TCGA-G4-6306-01 0.731046633333333 0.776462452618668 0.870590833333333 0.613923566666667
TCGA-F4-6569-01 0.585182833333333 0.4155213 0.303545633333333 0.736083966666667
TCGA-DM-A1HA-01 0.901202466666667 0.9417386 0.924513966666667 0.861537582366375
TCGA-AA-3521-01 0.888729233333333 0.689152433333333 0.669561683651667 0.491161666666667
TCGA-AZ-4614-01 0.800529766666667 0.7250488 0.876522333333333 0.786921833333333
TCGA-NH-A8F7-01 0.622706266666667 0.70167398526276 0.9278999 0.698517391866722
TCGA-AA-3850-01 0.585182833333333 0.4624318 0.4748755 0.375837466666667
TCGA-D5-6535-01 0.841065166666667 0.609783241886219 0.605497866666667 0.8841451
TCGA-F5-6465-01 0.505332433333333 0.5739467 0.354547433333333 0.494801533333333
TCGA-A6-2684-01 0.466292433333333 0.599238372927083 0.3437243 0.495079859164434
TCGA-A6-A565-01 0.187996333333333 0.325203718403566 0.35746928272447 0.187996333333333
TCGA-AF-3911-01 0.759358266666667 0.765193233333333 0.6227472 0.69968167193223
TCGA-AA-3955-01 0.901202466666667 0.669561683651667 0.805955021355421 0.901202466666667
TCGA-DM-A282-01 0.613518533333333 0.565724862265642 0.805702266666667 0.6426723
TCGA-AG-A008-01 0.731046633333333 0.855553633333333 0.796124833333333 0.866117233333333
TCGA-G5-6572-02 0.334369233333333 0.243437833333333 0.5214318 0.438651751142305
TCGA-AA-3681-01 0.916879166666667 0.565724862265642 0.7080053 0.71656107836096
TCGA-G5-6641-01 0.598127272149999 0.5296154 0.5914929 0.744806733333333
TCGA-RU-A8FL-01 0.637471067751168 0.625169392006365 0.6047466 0.609783241886219
TCGA-AA-3561-01 0.9090693 0.711826911847153 0.769613666666667 0.739814498541342
TCGA-CK-4950-01 0.291201766666667 0.448033533333333 0.575005889354889 0.354547433333333
TCGA-AD-6963-01 0.505332433333333 0.276955766666667 0.653276766666667 0.359558566666667
TCGA-F4-6805-01 0.585182833333333 0.4155213 0.393988933333333 0.380948494750244
TCGA-AF-2691-01 0.538872858226994 0.484203566666667 0.450593866666667 0.3363208
TCGA-AG-3885-01 0.697938805984704 0.755479 0.693061381006314 0.697938805984704
TCGA-AD-A5EJ-01 0.379959133333333 0.7250488 0.7316798 0.560057896161952
TCGA-DM-A0XD-01 0.561992566666667 0.689152433333333 0.736411866666667 0.5671037
TCGA-G4-6293-01 0.3993303 0.641183433333333 0.581767423710692 0.556947000429258
TCGA-AA-3524-01 0.720871989081825 0.805702266666667 0.699362126200089 0.633623566666667
TCGA-A6-6654-01 0.420600533333333 0.3406694 0.2661309 0.284211233333333
TCGA-CL-5918-01 0.870590833333333 0.744806733333333 0.795688002493149 0.777226346442795
TCGA-AD-6888-01 0.664859033333333 0.516296966666667 0.9380657 0.512754148148588
TCGA-AF-3400-01 0.443331366666667 0.276955766666667 0.341521766666667 0.198398366666667
TCGA-AF-A56L-01 0.585182833333333 0.615450904028447 0.707959833333333 0.5296154
TCGA-G4-6586-01 0.585182833333333 0.711826911847153 0.715775094163529 0.576674078522188
TCGA-QL-A97D-01 0.65048548033124 0.658959118417747 0.6937439 0.65048548033124
TCGA-CM-4746-01 0.791250333333333 0.855553633333333 0.761232433333333 0.68746494615599
TCGA-A6-4105-01 0.5530758339742 0.660350566666667 0.466292433333333 0.621634021160698
TCGA-AZ-5403-01 0.5530758339742 0.5097975 0.581658865593892 0.641183433333333
TCGA-CA-6717-01 0.243437833333333 0.438631833333333 0.334369233333333 0.2661309
TCGA-AG-3909-01 0.664859033333333 0.599238372927083 0.643509991036151 0.761232433333333
TCGA-AG-A02X-01 0.901202466666667 0.7815997 0.822607446703835 0.805955021355421
TCGA-D5-6920-01 0.697938805984704 0.253047333333333 0.617695466666667 0.901731333333333
TCGA-CA-5254-01 0.768886928287848 0.703042866666667 0.680366488482482 0.698367841369639
TCGA-AZ-4615-01 0.538872858226994 0.669561683651667 0.438631833333333 0.6322026
TCGA-AG-3894-01 0.585182833333333 0.638730358235154 0.613518533333333 0.694022366666667
TCGA-DC-6683-01 0.692806533333333 0.641183433333333 0.6767901 0.578831933333333
TCGA-AA-3986-01 0.578342 0.589629833333333 0.544248933333333 0.479971133333333
TCGA-AA-A03F-01 0.715166133333333 0.7815997 0.680728166666667 0.5995114
TCGA-AA-A029-01 0.697938805984704 0.814290766666667 0.768886928287848 0.851983166666667
TCGA-AA-3989-01 0.664859033333333 0.5097975 0.567227733333333 0.571251202741103
TCGA-AA-3971-01 0.924399266666667 0.516296966666667 0.609967766666667 0.450593866666667
TCGA-AA-3845-01 0.466292433333333 0.512754148148588 0.479971133333333 0.435088333333333
TCGA-AA-3846-01 0.692806533333333 0.5530758339742 0.68396253279243 0.924513966666667
TCGA-AD-A5EK-01 0.841065166666667 0.7815997 0.800529766666667 0.694266133333333
TCGA-DM-A1D8-01 0.5530758339742 0.689152433333333 0.851983166666667 0.66568905855089
TCGA-A6-A567-01 0.637471067751168 0.599238372927083 0.769552566666667 0.5117132
TCGA-AG-4001-01 0.538872858226994 0.4624318 0.511607410445439 0.521772283960515
TCGA-AG-3574-01 0.773037966666667 0.805702266666667 0.72635290812842 0.652947266666667
TCGA-AG-A01W-01 0.443331366666667 0.65048548033124 0.619068176846929 0.855553633333333
TCGA-AA-A01K-01 0.5530758339742 0.5739467 0.556947000429258 0.566820594017078
TCGA-AY-A71X-01 0.637471067751168 0.687175554142076 0.677575790533283 0.814290766666667
TCGA-AA-3489-01 0.3539009 0.3275663 0.253047333333333 0.3281294
TCGA-DC-6154-01 0.759358266666667 0.846163966666667 0.731046633333333 0.715166133333333
TCGA-DY-A1DG-01 0.841065166666667 0.9090693 0.916879166666667 0.829975033898189
TCGA-G4-6323-01 0.65048548033124 0.65048548033124 0.581572 0.505332433333333
TCGA-AG-4022-01 0.892345833333333 0.4624318 0.494801533333333 0.605522038369605
TCGA-AG-3732-01 0.706931533333333 0.7250488 0.590445366666667 0.561992566666667
TCGA-AA-3950-01 0.598127272149999 0.3406694 0.410984366666667 0.303545633333333
TCGA-D5-6530-01 0.466292433333333 0.744806733333333 0.540411643646347 0.581767423710692
TCGA-F4-6806-01 0.706931533333333 0.484203566666667 0.65296903181383 0.368674533333333
TCGA-CK-5914-01 0.715166133333333 0.5296154 0.676369133333333 0.623880698390989
TCGA-D5-6929-01 0.585182833333333 0.302919233333333 0.529691933333333 0.7071534
TCGA-AF-A56K-01 0.561992566666667 0.508204580465113 0.520191233333333 0.3275663
TCGA-AG-4005-01 0.786921833333333 0.689152433333333 0.698029266666667 0.707092745333346
TCGA-AA-3866-01 0.505332433333333 0.484203566666667 0.5097975 0.516575819178184
TCGA-AM-5820-01 0.720871989081825 0.73569096513962 0.707563323488498 0.68396253279243
TCGA-CM-5860-01 0.525847160143616 0.5296154 0.455508633333333 0.8295954
TCGA-CM-4744-01 0.561992566666667 0.677575790533283 0.684825366666667 0.822392033333333
TCGA-DC-5869-01 0.538872858226994 0.5739467 0.661498829929494 0.587175953180554
TCGA-CA-6715-01 0.759358266666667 0.855553633333333 0.8851251 0.8020492
TCGA-CI-6623-01 0.525847160143616 0.501118775733274 0.6718526 0.512164366666667
TCGA-AA-3833-01 0.2809406 0.198398366666667 0.341609133333333 0.334369233333333
TCGA-EI-7004-01 0.494801533333333 0.5296154 0.2809406 0.449076845193304
TCGA-AA-3982-01 0.613518533333333 0.3406694 0.438651751142305 0.3437243
TCGA-DM-A28M-01 0.65048548033124 0.617631405542171 0.9129011 0.676002654305201
TCGA-AD-6901-01 0.706931533333333 0.484203566666667 0.400175733333333 0.540522379997874
TCGA-AA-A02H-01 0.768886928287848 0.7250488 0.7071534 0.715775094163529
TCGA-A6-6137-01 0.420600533333333 0.609783241886219 0.6508035 0.508204580465113
TCGA-D5-6536-01 0.731046633333333 0.599238372927083 0.589629833333333 0.627569946459857
TCGA-CA-5255-01 0.425903833333333 0.302919233333333 0.888729233333333 0.325203718403566
TCGA-AG-A023-01 0.490625266666667 0.641183433333333 0.511961233333333 0.420600533333333
TCGA-AA-3956-01 0.585182833333333 0.5097975 0.538872858226994 0.553639936466372
TCGA-AA-3675-01 0.479971133333333 0.814290766666667 0.711826911847153 0.666274581982805
TCGA-AD-5900-01 0.525847160143616 0.589629833333333 0.508204580465113 0.55498370971826
TCGA-AA-3812-01 0.525847160143616 0.4155213 0.495079859164434 0.501767762903655
TCGA-AA-A022-01 0.613518533333333 0.689152433333333 0.61374 0.5914929
TCGA-AA-3530-01 0.455348833333333 0.7250488 0.605619866666667 0.689152433333333
TCGA-AD-6965-01 0.715166133333333 0.73569096513962 0.7616354 0.9380657
TCGA-AH-6897-01 0.692806533333333 0.7815997 0.855553633333333 0.736937604880359
TCGA-G4-6299-01 0.731046633333333 0.5739467 0.490957566666667 0.589686594293008
TCGA-A6-5667-01 0.720871989081825 0.703042866666667 0.696273273562652 0.688925188257434
TCGA-AG-3591-01 0.9487411 0.776462452618668 0.706931533333333 0.7034598
TCGA-AA-A03J-01 0.520191233333333 0.448033533333333 0.505563394505512 0.5306304
TCGA-CA-5256-01 0.7406524 0.711826911847153 0.658584846475184 0.736411866666667
TCGA-A6-A566-01 0.291201766666667 0.243437833333333 0.2456551 0.358957733333333
TCGA-AH-6547-01 0.692806533333333 0.213883266666667 0.3075346 0.777457533333333
TCGA-AA-3548-01 0.731046633333333 0.565724862265642 0.6317982 0.671028033333333
TCGA-D5-6532-01 0.773037966666667 0.7250488 0.801773033333333 0.736198224976808
TCGA-CK-5913-01 0.6047466 0.703042866666667 0.571251202741103 0.617631405542171
TCGA-AG-A020-01 0.810395266666667 0.7250488 0.716399235396506 0.694083066666667
TCGA-F5-6861-01 0.306964833333333 0.534401866666667 0.744806733333333 0.439766766666667
TCGA-AA-3697-01 0.561992566666667 0.599238372927083 0.670522033333333 0.6937439
TCGA-AA-3952-01 0.912615833333333 0.703042866666667 0.73569096513962 0.627457566666667
TCGA-AA-3655-01 0.697938805984704 0.805702266666667 0.643059533333333 0.699362126200089
TCGA-AZ-4315-01 0.306964833333333 0.711826911847153 0.625169392006365 0.572074316166812
TCGA-AF-4110-01 0.585182833333333 0.4624318 0.4438822 0.511607410445439
TCGA-CI-6621-01 0.538872858226994 0.589629833333333 0.516575819178184 0.7616354
TCGA-5M-AATE-01 0.706931533333333 0.708864986627968 0.795774333333333 0.707563323488498
TCGA-AG-A00Y-01 0.675932472428401 0.669561683651667 0.641183433333333 0.643509991036151
TCGA-EI-6507-01 0.5530758339742 0.617631405542171 0.435088333333333 0.443331366666667
TCGA-AA-3818-01 0.658584846475184 0.744806733333333 0.6935176 0.765193233333333
TCGA-CM-5862-01 0.810395266666667 0.7250488 0.743404707265358 0.73569096513962
TCGA-AZ-6608-01 0.664859033333333 0.876522333333333 0.976474233333333 0.768886928287848
TCGA-D5-6898-01 0.622706266666667 0.565724862265642 0.534523133333333 0.569435001539559
TCGA-AA-A02O-01 0.773037966666667 0.8295954 0.746477646214087 0.70167398526276
TCGA-AA-3831-01 0.538872858226994 0.660350566666667 0.599535366666667 0.642368266666667
TCGA-AA-3511-01 0.585182833333333 0.516296966666667 0.599238372927083 0.924399266666667
TCGA-G4-6321-01 0.229011833333333 0.5739467 0.692806533333333 0.389321033333333
TCGA-G4-6302-01 0.213883266666667 0.367012166666667 0.341719566666667 0.408680266666667
TCGA-CA-6718-01 0.306964833333333 0.438631833333333 0.448033533333333 0.490625266666667
TCGA-D5-6922-01 0.578342 0.669561683651667 0.568105626885861 0.59207913147037
TCGA-3L-AA1B-01 0.479971133333333 0.571251202741103 0.6713076 0.484323866666667
TCGA-D5-6928-01 0.3539009 0.617631405542171 0.213883266666667 0.302919233333333
TCGA-AG-A025-01 0.706931533333333 0.776462452618668 0.689444008638044 0.650741266666667
TCGA-AA-3814-01 0.4624318 0.589629833333333 0.520323666666667 0.520934733333333
TCGA-AA-3856-01 0.684825366666667 0.5530758339742 0.591386666666667 0.599238372927083
TCGA-AD-6890-01 0.6047466 0.589629833333333 0.671995586108528 0.420795633333333
TCGA-AM-5821-01 0.494801533333333 0.367012166666667 0.491170733333333 0.544069033333333
TCGA-CA-5796-01 0.585182833333333 0.703042866666667 0.725539236370245 0.745516033333333
TCGA-CI-6620-01 0.8357898 0.430688566666667 0.688925188257434 0.512387166666667
TCGA-CM-6162-01 0.598127272149999 0.589629833333333 0.261986466666667 0.393988933333333
TCGA-AA-3685-01 0.637471067751168 0.62682013284913 0.484323866666667 0.8610044
TCGA-F4-6703-01 0.291201766666667 0.3275663 0.20847899163287 0.213883266666667
TCGA-EI-6883-01 0.637471067751168 0.7815997 0.694022366666667 0.7406524
TCGA-A6-6138-01 0.538872858226994 0.641183433333333 0.368674533333333 0.531068142540275
TCGA-D5-6537-01 0.773037966666667 0.755479 0.8062956 0.651273666666667
TCGA-DM-A285-01 0.613518533333333 0.585402072510158 0.7772082 0.344258166666667
TCGA-AA-3519-01 0.706931533333333 0.6803445 0.65048548033124 0.6181399
TCGA-NH-A5IV-01 0.408680266666667 0.572546570233777 0.522430383460852 0.696273273562652
TCGA-CM-5349-01 0.408680266666667 0.5530758339742 0.521553211641374 0.430688566666667
TCGA-AG-A014-01 0.851983166666667 0.7250488 0.750584298286684 0.749972822511875
TCGA-CI-6624-01 0.578342 0.3275663 0.50982597050086 0.261986466666667
TCGA-AA-3994-01 0.759358266666667 0.776462452618668 0.708864986627968 0.66779040520451
TCGA-G4-6309-01 0.684825366666667 0.814290766666667 0.777457533333333 0.671434666666667
TCGA-A6-4107-01 0.420600533333333 0.534401866666667 0.430688566666667 0.311771066666667
TCGA-AA-3842-01 0.697938805984704 0.689152433333333 0.658959118417747 0.669561683651667
TCGA-CM-4752-01 0.466292433333333 0.4624318 0.455348833333333 0.3997044
TCGA-AA-A02K-01 0.65519662910875 0.5296154 0.815865833333333 0.632752047359192
TCGA-CM-6675-01 0.768886928287848 0.901202466666667 0.776462452618668 0.760917033333333
TCGA-AG-A002-01 0.692806533333333 0.658584846475184 0.641429033333333 0.643638183721341
TCGA-DM-A1D9-01 0.8357898 0.805702266666667 0.822392033333333 0.65519662910875
TCGA-DC-4749-01 0.800529766666667 0.689152433333333 0.777226346442795 0.727366858522361
TCGA-CA-6719-01 0.658584846475184 0.589629833333333 0.512754148148588 0.6182571
TCGA-DC-6682-01 0.520191233333333 0.501118775733274 0.7951796 0.581041792677911
TCGA-CA-6716-01 0.692806533333333 0.7951796 0.7689026 0.72635290812842
TCGA-AG-3902-01 0.715166133333333 0.516296966666667 0.55512202594424 0.4729531
TCGA-EI-6508-01 0.664859033333333 0.65048548033124 0.751869675893374 0.6603618
TCGA-AZ-6600-01 0.684825366666667 0.5097975 0.501767762903655 0.723616721077713
TCGA-G4-6294-01 0.826195466666667 0.8295954 0.731749333745902 0.776462452618668
TCGA-AG-3893-01 0.65048548033124 0.73569096513962 0.651545425271319 0.643771133333333
TCGA-AG-A02G-01 0.773037966666667 0.711826911847153 0.706958090567153 0.715465346609524
TCGA-D5-6923-01 0.613518533333333 0.448033533333333 0.572546570233777 0.555092695836335
TCGA-F5-6810-01 0.822062366666667 0.65048548033124 0.613923566666667 0.676210250364189
TCGA-CM-6169-01 0.912615833333333 0.6803445 0.291201766666667 0.7251406
TCGA-AA-A01D-01 0.731046633333333 0.5739467 0.69968167193223 0.901653033333333
TCGA-CM-4748-01 0.379959133333333 0.660350566666667 0.5530758339742 0.567732866666667
TCGA-AA-A00N-01 0.261986466666667 0.976474233333333 0.567242066666667 0.384554366666667
TCGA-F5-6864-01 0.561992566666667 0.501118775733274 0.484203566666667 0.525847160143616
TCGA-AG-3901-01 0.3539009 0.448033533333333 0.4155213 0.35746928272447
TCGA-D5-7000-01 0.505332433333333 0.669561683651667 0.5995114 0.589992465582753
TCGA-G4-6322-01 0.613518533333333 0.876522333333333 0.717121333333333 0.7817195
TCGA-G4-6310-01 0.525847160143616 0.5530758339742 0.8015234 0.769525166666667
TCGA-AA-3821-01 0.466292433333333 0.484203566666667 0.4975943 0.505563394505512
TCGA-AA-A004-01 0.5530758339742 0.5530758339742 0.5217317 0.486279766666667
TCGA-AG-3898-01 0.637471067751168 0.565724862265642 0.579788033333333 0.581278733333333
TCGA-AG-3602-01 0.505332433333333 0.641183433333333 0.5739467 0.589876833333333
TCGA-AA-3875-01 0.3993303 0.358957733333333 0.421581666666667 0.438631833333333
TCGA-AY-4071-01 0.622706266666667 0.62682013284913 0.599857868035093 0.601406605805118
TCGA-G4-6307-01 0.731046633333333 0.7250488 0.901291566666667 0.736455546687517
TCGA-DM-A28H-01 0.924399266666667 0.73569096513962 0.884662 0.7033286
TCGA-EI-6882-01 0.494801533333333 0.765193233333333 0.6713667736171 0.660350566666667
TCGA-CI-6622-01 0.578342 0.669561683651667 0.810395266666667 0.5450183
TCGA-AA-3538-01 0.6047466 0.689152433333333 0.617999257642955 0.632111233333333
TCGA-D5-6932-01 0.664859033333333 0.641183433333333 0.591503066666667 0.653276766666667
TCGA-AA-3864-01 0.334369233333333 0.7250488 0.555092695836335 0.565724862265642
TCGA-QG-A5YV-01 0.664859033333333 0.65048548033124 0.802368411821938 0.670528233333333
TCGA-AA-3679-01 0.773037966666667 0.814290766666667 0.731199633333333 0.658959118417747
TCGA-AA-3662-01 0.697938805984704 0.755479 0.544069033333333 0.651907951613642
TCGA-NH-A6GC-01 0.749972822511875 0.688925188257434 0.68746494615599 0.689444008638044
TCGA-AA-A01C-01 0.6047466 0.660350566666667 0.652274284594687 0.8015234
TCGA-AZ-6599-01 0.697938805984704 0.9090693 0.9170737 0.641429033333333
TCGA-AH-6903-01 0.637471067751168 0.62682013284913 0.8477025 0.520224766666667
TCGA-AA-3529-01 0.8841451 0.641183433333333 0.651344296833527 0.4975943
TCGA-CK-6746-01 0.505332433333333 0.876522333333333 0.578442766666667 0.751383366666667
TCGA-AG-3881-01 0.658584846475184 0.65048548033124 0.6181399 0.631878071255469
TCGA-5M-AAT4-01 0.5530758339742 0.66779040520451 0.870836466666667 0.660718019065029
TCGA-AY-4070-01 0.731046633333333 0.3275663 0.491161666666667 0.415754533333333
TCGA-CM-4750-01 0.664859033333333 0.641183433333333 0.671577365815183 0.826195466666667
TCGA-A6-6652-01 0.759358266666667 0.846163966666667 0.861537582366375 0.740765125658204
TCGA-AA-3680-01 0.598127272149999 0.599238372927083 0.600855266666667 0.6935176
TCGA-AA-A01P-01 0.187996333333333 0.276955766666667 0.3275663 0.3539009
TCGA-CL-4957-01 0.8593136 0.660350566666667 0.769525166666667 0.841537633333333
TCGA-QG-A5Z1-01 0.773037966666667 0.589629833333333 0.694083066666667 0.707938866666667
TCGA-CM-5868-01 0.631630966666667 0.5296154 0.6603618 0.830394
TCGA-D5-6540-01 0.3539009 0.73569096513962 0.642566809999233 0.643059533333333
TCGA-A6-3809-01 0.3539009 0.404323866666667 0.449076845193304 0.484203566666667
TCGA-F4-6460-01 0.8841451 0.641183433333333 0.5683688 0.530606133333333
TCGA-A6-6649-01 0.637471067751168 0.587175953180554 0.5671037 0.490957566666667
TCGA-G4-6295-01 0.658584846475184 0.689152433333333 0.59066 0.877774766666667
TCGA-AG-3731-01 0.613518533333333 0.501118775733274 0.319896366666667 0.421581666666667
TCGA-A6-2686-01 0.6047466 0.5530758339742 0.3281294 0.484526166666667
TCGA-AZ-6601-01 0.658584846475184 0.516296966666667 0.3999212 0.400175733333333
TCGA-AA-3663-01 0.3993303 0.689152433333333 0.666274581982805 0.641856966666667
TCGA-AZ-4681-01 0.759358266666667 0.846163966666667 0.776838021101131 0.795774333333333
TCGA-AU-3779-01 0.622706266666667 0.5739467 0.501118775733274 0.815865833333333
TCGA-AF-3913-01 0.684825366666667 0.7250488 0.664859033333333 0.671577365815183
TCGA-AG-3883-01 0.494801533333333 0.565724862265642 0.534592066666667 0.553325542787399
TCGA-F5-6811-01 0.622706266666667 0.5739467 0.475550433333333 0.9090693
TCGA-AG-3742-01 0.696273273562652 0.765193233333333 0.6851153 0.692806533333333
TCGA-AA-A01S-01 0.8593136 0.9090693 0.836570033333333 0.761395133333333
TCGA-AY-6196-01 0.425903833333333 0.384554366666667 0.187996333333333 0.341719566666667
TCGA-CM-4743-01 0.291201766666667 0.438631833333333 0.638730358235154 0.751073966666667
TCGA-DM-A1D6-01 0.759358266666667 0.901202466666667 0.787461126669609 0.805702266666667
TCGA-F4-6459-01 0.697938805984704 0.4624318 0.5306304 0.7370998
TCGA-A6-6648-01 0.65048548033124 0.5097975 0.810794533333333 0.449675533333333
TCGA-AA-3872-01 0.505332433333333 0.5296154 0.530606133333333 0.5683688
TCGA-A6-5659-01 0.7406524 0.565724862265642 0.7034598 0.651344296833527
TCGA-EI-6884-01 0.5530758339742 0.2661309 0.520934733333333 0.291201766666667
TCGA-DY-A1DD-01 0.810395266666667 0.855553633333333 0.815857233333333 0.8169254
TCGA-DM-A1HB-01 0.334369233333333 0.484203566666667 0.783101 0.625169392006365
TCGA-AG-3580-01 0.658584846475184 0.501118775733274 0.566820594017078 0.578342
TCGA-A6-A56B-01 0.720871989081825 0.641183433333333 0.723971638169703 0.6713667736171
TCGA-4N-A93T-01 0.720871989081825 0.740765125658204 0.9013877 0.751307966666667
TCGA-DM-A28A-01 0.749972822511875 0.6803445 0.739814498541342 0.7689026
TCGA-G4-6320-01 0.425903833333333 0.302919233333333 0.830394 0.7250488
TCGA-AY-A54L-01 0.505332433333333 0.484203566666667 0.601406605805118 0.912979633333333
TCGA-D5-5541-01 0.749972822511875 0.589629833333333 0.531068142540275 0.684825366666667
TCGA-D5-6529-01 0.622706266666667 0.393988933333333 0.3539009 0.335369866666667
TCGA-D5-6539-01 0.2809406 0.276955766666667 0.676210250364189 0.3406694
TCGA-AA-3949-01 0.334369233333333 0.438631833333333 0.566962466666667 0.976474233333333
TCGA-A6-6653-01 0.622706266666667 0.846163966666667 0.627569946459857 0.725954866666667
TCGA-AH-6643-01 0.731046633333333 0.660350566666667 0.715465346609524 0.680366488482482
TCGA-AA-3715-01 0.372446166666667 0.617422733545925 0.595208196644798 0.846726133333333
TCGA-NH-A50T-01 0.520191233333333 0.976474233333333 0.901202466666667 0.776574444080183
TCGA-EI-6512-01 0.810395266666667 0.62682013284913 0.6988545 0.876522333333333
TCGA-F5-6702-01 0.5530758339742 0.534401866666667 0.3363208 0.888729233333333
TCGA-AG-3599-01 0.334369233333333 0.641183433333333 0.557289569635682 0.6713076
TCGA-AH-6544-01 0.5530758339742 0.438631833333333 0.9417386 0.376088566666667
TCGA-D5-6924-01 0.598127272149999 0.484203566666667 0.422353566666667 0.664859033333333
TCGA-AA-A01V-01 0.65048548033124 0.846163966666667 0.70766345341526 0.717121333333333
TCGA-AG-A01N-01 0.675932472428401 0.4624318 0.569591713594549 0.617695466666667
TCGA-AA-A02E-01 0.720871989081825 0.617631405542171 0.6803445 0.796259
TCGA-AG-3999-01 0.810395266666667 0.711826911847153 0.7251406 0.726477771282195
TCGA-CM-6163-01 0.561992566666667 0.448033533333333 0.5117132 0.522430383460852
TCGA-AG-3605-01 0.65048548033124 0.669561683651667 0.6269665 0.637471067751168
TCGA-DM-A0X9-01 0.520191233333333 0.969718233333333 0.7370998 0.703363633333333
TCGA-A6-5662-01 0.8841451 0.765193233333333 0.736083966666667 0.8851251
TCGA-EI-6881-01 0.658584846475184 0.589629833333333 0.752607331938217 0.606001333333333
TCGA-CM-6680-01 0.622706266666667 0.711826911847153 0.501959933333333 0.5799541
TCGA-AA-3692-01 0.675932472428401 0.660350566666667 0.647062872907062 0.6803445
TCGA-AA-3664-01 0.720871989081825 0.8295954 0.7448874 0.760200233333333
TCGA-CM-6679-01 0.720871989081825 0.393988933333333 0.505332433333333 0.388428966666667
TCGA-AA-3710-01 0.276955766666667 0.384554366666667 0.388428966666667 0.367012166666667
TCGA-AA-3534-01 0.720871989081825 0.7815997 0.685460825552664 0.6047466
TCGA-AA-A02F-01 0.7406524 0.9090693 0.786921833333333 0.810794533333333
TCGA-NH-A50U-01 0.800529766666667 0.732788974673515 0.742273823312643 0.731749333745902
TCGA-AG-3727-01 0.851983166666667 0.876522333333333 0.8365791 0.810395266666667
TCGA-A6-5661-01 0.684825366666667 0.5097975 0.375837466666667 0.546234566666667
TCGA-CM-6167-01 0.613518533333333 0.3406694 0.303555633333333 0.800529766666667
TCGA-A6-5656-01 0.826195466666667 0.744806733333333 0.8357898 0.708864986627968
TCGA-DM-A1DB-01 0.7406524 0.776462452618668 0.866117233333333 0.761338533333333
TCGA-AZ-6605-01 0.425903833333333 0.302919233333333 0.325203718403566 0.243437833333333
TCGA-A6-2683-01 0.9090693 0.805702266666667 0.699329366666667 0.448033533333333
TCGA-A6-5665-01 0.720871989081825 0.689152433333333 0.740765125658204 0.581572
TCGA-DM-A1D7-01 0.631630966666667 0.599238372927083 0.761395133333333 0.516296966666667
TCGA-AZ-6606-01 0.706931533333333 0.609783241886219 0.848045688756358 0.7072491
TCGA-F5-6814-01 0.420600533333333 0.703042866666667 0.6136795 0.605497866666667
TCGA-DC-6160-01 0.791250333333333 0.689152433333333 0.671423861940528 0.534523133333333
TCGA-AA-3713-01 0.466292433333333 0.367012166666667 0.5799541 0.501142874038724
TCGA-AZ-5407-01 0.306964833333333 0.384554366666667 0.732788974673515 0.632284333333333
TCGA-AG-3581-01 0.561992566666667 0.65048548033124 0.567732866666667 0.5214318
TCGA-G4-6317-01 0.759358266666667 0.703042866666667 0.7033286 0.731812066666667
TCGA-G5-6233-01 0.8357898 0.65048548033124 0.694266133333333 0.70766345341526
TCGA-AA-A00Z-01 0.664859033333333 0.5739467 0.591571166666667 0.599857868035093
TCGA-A6-2675-01 0.466292433333333 0.484203566666667 0.420600533333333 0.485313096222945
TCGA-CM-6164-01 0.494801533333333 0.516296966666667 0.660718019065029 0.862774366666667
TCGA-CK-5916-01 0.372446166666667 0.599238372927083 0.443331366666667 0.501118775733274
TCGA-AA-3556-01 0.525847160143616 0.5739467 0.589686594293008 0.723971638169703
TCGA-A6-2681-01 0.585182833333333 0.448033533333333 0.569435001539559 0.731248833333333
TCGA-A6-5664-01 0.306964833333333 0.393988933333333 0.3993303 0.2456551
TCGA-AA-A01I-01 0.379959133333333 0.4624318 0.501142874038724 0.605834866666667
TCGA-AG-A032-01 0.749972822511875 0.62682013284913 0.725377066666667 0.884662
TCGA-EI-6513-01 0.706931533333333 0.8295954 0.700506387155721 0.782363266666667
TCGA-AZ-4616-01 0.494801533333333 0.516296966666667 0.633623566666667 0.450142866666667
TCGA-AA-3560-01 0.613518533333333 0.5530758339742 0.540522379997874 0.4748755
TCGA-DM-A280-01 0.585182833333333 0.367012166666667 0.726041233333333 0.303555633333333
TCGA-DC-6681-01 0.561992566666667 0.599238372927083 0.605834866666667 0.467407466666667
TCGA-A6-2671-01 0.976474233333333 0.689152433333333 0.796259 0.78766108103304
TCGA-AG-4007-01 0.841065166666667 0.711826911847153 0.740661686323747 0.742273823312643
TCGA-AY-5543-01 0.715166133333333 0.669561683651667 0.7072491 0.568415466666667
TCGA-AZ-4323-01 0.443331366666667 0.35746928272447 0.306964833333333 0.205611433333333
TCGA-A6-3810-01 0.525847160143616 0.534401866666667 0.4713747 0.847031433333333
TCGA-CK-4947-01 0.561992566666667 0.589629833333333 0.512164366666667 0.9766031
TCGA-F5-6464-01 0.561992566666667 0.3406694 0.298089 0.3999212
TCGA-AG-3594-01 0.621634021160698 0.62682013284913 0.581278733333333 0.5544051
TCGA-F4-6809-01 0.466292433333333 0.384554366666667 0.4729531 0.467937933333333
TCGA-D5-6534-01 0.490625266666667 0.205611433333333 0.229011833333333 0.3075346
TCGA-AA-3852-01 0.490625266666667 0.689152433333333 0.585182833333333 0.591386666666667
TCGA-AA-3851-01 0.684825366666667 0.5739467 0.661184436250521 0.848106533333333
TCGA-AZ-4682-01 0.520191233333333 0.765193233333333 0.751307966666667 0.7080053
TCGA-NH-A8F7-06 0.841065166666667 0.752607331938217 0.760917033333333 0.751869675893374
TCGA-AA-3815-01 0.611937601565048 0.565724862265642 0.568415466666667 0.57770796761345
TCGA-AA-3966-01 0.578342 0.565724862265642 0.565724862265642 0.575005889354889
TCGA-AF-2687-01 0.664859033333333 0.484203566666667 0.302919233333333 0.5097975
TCGA-CM-6161-01 0.494801533333333 0.404323866666667 0.585198347383433 0.585182833333333
TCGA-AA-3672-01 0.505332433333333 0.689152433333333 0.585402072510158 0.579788033333333
TCGA-QG-A5YW-01 0.664859033333333 0.641183433333333 0.631878071255469 0.8357898
TCGA-AA-3496-01 0.924399266666667 0.617631405542171 0.420795633333333 0.622706266666667
TCGA-AA-A00O-01 0.800529766666667 0.617631405542171 0.622706266666667 0.5211729
TCGA-AA-3549-01 0.916879166666667 0.73569096513962 0.760200233333333 0.658584846475184
TCGA-AA-3510-01 0.291201766666667 0.660350566666667 0.5296154 0.567227733333333
TCGA-CM-5864-01 0.637471067751168 0.6803445 0.716069805244473 0.6317982
TCGA-AA-3975-01 0.720871989081825 0.744806733333333 0.671117039821878 0.61374
TCGA-AG-3725-01 0.773037966666667 0.7815997 0.773037966666667 0.750361627335238
TCGA-CM-6166-01 0.6047466 0.765193233333333 0.822062366666667 0.650546733333333
TCGA-G5-6235-01 0.561992566666667 0.187996333333333 0.9090693 0.298089
TCGA-CK-6751-01 0.561992566666667 0.609783241886219 0.605522038369605 0.567191833333333
TCGA-AG-A01L-01 0.768886928287848 0.755479 0.61820350996985 0.425903833333333
TCGA-AA-3695-01 0.561992566666667 0.776462452618668 0.643137230184076 0.651101254239865
TCGA-AA-3837-01 0.334369233333333 0.544069033333333 0.54520737365245 0.726041233333333
TCGA-G4-6625-01 0.65048548033124 0.358957733333333 0.380948494750244 0.475550433333333
TCGA-AA-3712-01 0.706931533333333 0.669561683651667 0.615450904028447 0.901291566666667
TCGA-G4-6627-01 0.306964833333333 0.380948494750244 0.439766766666667 0.229011833333333
TCGA-A6-6141-01 0.561992566666667 0.3406694 0.589876833333333 0.422353566666667
TCGA-AG-A01Y-01 0.7406524 0.8295954 0.750361627335238 0.746477646214087
TCGA-CM-4747-01 0.3539009 0.617631405542171 0.698517391866722 0.4750255
TCGA-DM-A1D0-01 0.901202466666667 0.8295954 0.841065166666667 0.7815997
TCGA-A6-3808-01 0.557289569635682 0.448033533333333 0.511524750702844 0.521553211641374
TCGA-AG-3584-01 0.715166133333333 0.744806733333333 0.70167398526276 0.727707366666667
TCGA-G5-6572-01 0.561992566666667 0.703042866666667 0.641856966666667 0.6648592
TCGA-G4-6315-01 0.466292433333333 0.565724862265642 0.909080733333333 0.491170733333333
TCGA-AA-3984-01 0.243437833333333 0.7951796 0.530213034934184 0.473401066666667
TCGA-AD-6964-01 0.408680266666667 0.5530758339742 0.281956266666667 0.404323866666667
TCGA-AD-6899-01 0.578342 0.5739467 0.395481533333333 0.530304463140559
TCGA-AA-3979-01 0.800529766666667 0.855553633333333 0.807033033333333 0.8224276
TCGA-A6-2674-01 0.334369233333333 0.298089 0.284211233333333 0.395481533333333
TCGA-DT-5265-01 0.585182833333333 0.669561683651667 0.485313096222945 0.557289569635682
TCGA-AG-A00H-01 0.65048548033124 0.62682013284913 0.609783241886219 0.617999257642955
TCGA-AA-3688-01 0.768886928287848 0.669561683651667 0.6808826 0.685460825552664
TCGA-5M-AATA-01 0.479971133333333 0.598127272149999 0.6648592 0.579194075671281
TCGA-AA-3867-01 0.675932472428401 0.534401866666667 0.580144601195616 0.585402072510158
TCGA-DM-A1D4-01 0.773037966666667 0.7951796 0.862774366666667 0.676369133333333
TCGA-AA-3968-01 0.786921833333333 0.669561683651667 0.759358266666667 0.9013877
TCGA-F4-6855-01 0.57770796761345 0.276955766666667 0.449675533333333 0.870836466666667
TCGA-AG-3575-01 0.631630966666667 0.73569096513962 0.65519662910875 0.693885633333333
TCGA-DY-A1H8-01 0.810395266666667 0.846163966666667 0.9487411 0.7780039
TCGA-DC-6155-01 0.749972822511875 0.6803445 0.632752047359192 0.671423861940528
TCGA-AG-3896-01 0.826195466666667 0.669561683651667 0.707938866666667 0.716399235396506
TCGA-DM-A28C-01 0.538872858226994 0.846163966666667 0.901731333333333 0.782756366666667
TCGA-AA-3941-01 0.675932472428401 0.689152433333333 0.650741266666667 0.65296903181383
TCGA-AY-6386-01 0.306964833333333 0.8295954 0.693624566666667 0.59066
