abscnseq ascat estimate purbayes
TCGA-BJ-A3PR-01 0.341890466666667 0.3377845 0.172216873333333 0.314459959933262
TCGA-EL-A3H1-01 0.401582212349757 0.794310566666667 0.6724934 0.754753966666667
TCGA-DJ-A3V7-01 0.462854766666667 0.3377845 0.532748090238668 0.578652766666667
TCGA-DE-A0Y2-01 0.570771566666667 0.495525333333333 0.566843433333333 0.755784633333333
TCGA-EL-A3T1-01 0.2139032 0.272194666666667 0.352052233333333 0.379421165588136
TCGA-H2-A3RH-01 0.377278066666667 0.38852140522841 0.5928224 0.6310053
TCGA-EM-A22N-01 0.206961033333333 0.1932982 0.498192733333333 0.2641727
TCGA-EM-A2CJ-01 0.507630566666667 0.754753966666667 0.706644966666667 0.562705566666667
TCGA-DE-A0XZ-01 0.523567826357368 0.680815833333333 0.318016366666667 0.426004666666667
TCGA-EL-A3D0-01 0.507630566666667 0.754753966666667 0.454158166666667 0.914623
TCGA-EM-A3O6-01 0.534283166666667 0.645115766666667 0.539372766666667 0.397748476131282
TCGA-DJ-A3UK-01 0.206961033333333 0.2006277 0.469907133333333 0.6491169
TCGA-BJ-A28V-01 0.492103364823932 0.2410554 0.854165033333333 0.484088967634891
TCGA-FK-A3SE-01 0.507630566666667 0.251044633333333 0.523567826357368 0.5941207
TCGA-EL-A3GX-01 0.231950766666667 0.545357366666667 0.368272787279539 0.499409166666667
TCGA-ET-A3BO-01 0.231950766666667 0.251044633333333 0.311311633333333 0.481901765958232
TCGA-EL-A4JV-01 0.446695033333333 0.54240289192087 0.631856333333333 0.7467632
TCGA-DJ-A13M-01 0.6310053 0.754753966666667 0.6846894 0.780837033333333
TCGA-BJ-A0ZH-01 0.261939666666667 0.176768253333333 0.446695033333333 0.415010933333333
TCGA-EM-A4FV-01 0.231950766666667 0.307057333333333 0.318841333333333 0.311311633333333
TCGA-BJ-A45G-01 0.261939666666667 0.360522603442219 0.593265466666667 0.640799733333333
TCGA-EM-A2CM-01 0.587096963658821 0.738776033333333 0.763180966666667 0.551697453567473
TCGA-ET-A2N0-01 0.377278066666667 0.492499193052209 0.401582212349757 0.4688368
TCGA-EL-A3D1-01 0.377278066666667 0.705650433333333 0.4098175 0.6142791
TCGA-EL-A3TB-01 0.4301596 0.515004623514073 0.474630333333333 0.525482133333333
TCGA-DJ-A13U-01 0.401582212349757 0.4519182 0.606129566666667 0.6848205
TCGA-ET-A2MZ-01 0.4301596 0.458409533333333 0.47425642537102 0.3514249
TCGA-DJ-A2PQ-01 0.507630566666667 0.474507566666667 0.5945232 0.5787154
TCGA-ET-A39N-01 0.446695033333333 0.513351173978769 0.5669609 0.437612546512783
TCGA-EL-A3TA-01 0.377278066666667 0.360522603442219 0.302742866666667 0.234506766666667
TCGA-EM-A4FF-01 0.296699233333333 0.406285366666667 0.384433715985513 0.307057333333333
TCGA-EM-A3AI-01 0.507630566666667 0.468237133333333 0.696288366666667 0.731417766666667
TCGA-CE-A13K-01 0.562495933333333 0.545357366666667 0.463162933333333 0.52803697574433
TCGA-EL-A3H7-01 0.341890466666667 0.464434854582797 0.272433066666667 0.4543784
TCGA-BJ-A3PU-01 0.4782051 0.645115766666667 0.478369553892269 0.4223557
TCGA-EL-A3CV-01 0.2139032 0.3377845 0.185592136666667 0.2903066
TCGA-DJ-A3VA-01 0.261939666666667 0.38852140522841 0.52381201424429 0.446695033333333
TCGA-BJ-A0Z2-01 0.4301596 0.8191458 0.742525933333333 0.696387066666667
TCGA-DJ-A2Q4-01 0.523567826357368 0.530280732013046 0.469527933333333 0.645115766666667
TCGA-EM-A2P3-01 0.261939666666667 0.3377845 0.383738166666667 0.437217566666667
TCGA-EL-A4KD-01 0.231950766666667 0.613762066666667 0.396587566666667 0.488445595136757
TCGA-DO-A2HM-01 0.185592136666667 0.268967365078449 0.176768253333333 0.225963633333333
TCGA-EL-A3T2-01 0.296699233333333 0.680815833333333 0.7467632 0.536395277604982
TCGA-FE-A22Z-01 0.701008233333333 0.605320066666667 0.426004666666667 0.564767587328092
TCGA-EM-A3FP-01 0.640799733333333 0.6182178 0.360522603442219 0.4179455
TCGA-CE-A484-01 0.446695033333333 0.754753966666667 0.540610366666667 0.797988233333333
TCGA-DE-A4M8-01 0.4782051 0.2006277 0.203165533333333 0.273543966666667
TCGA-DJ-A3V8-01 0.341890466666667 0.442083233333333 0.507983833333333 0.454158166666667
TCGA-EM-A2CU-01 0.296699233333333 0.360522603442219 0.313427366666667 0.314828366666667
TCGA-KS-A4I7-01 0.507630566666667 0.5390332 0.4377295 0.276636
TCGA-ET-A39S-01 0.2139032 0.422343646801352 0.469985966666667 0.3079638
TCGA-DE-A2OL-01 0.589159933333333 0.406285366666667 0.924510966666667 0.474507566666667
TCGA-FY-A3RA-01 0.231950766666667 0.2253788 0.664851166666667 0.613762066666667
TCGA-DJ-A2QB-01 0.492103364823932 0.6014511 0.594331133333333 0.397020966666667
TCGA-BJ-A4O9-01 0.786979666666667 0.830271433333333 0.844546733333333 0.794310566666667
TCGA-E8-A242-01 0.341890466666667 0.251044633333333 0.241291033333333 0.209975866666667
TCGA-BJ-A2P4-01 0.570771566666667 0.730660466666667 0.436355933333333 0.505151445548064
TCGA-MK-A84Z-01 0.8191458 0.564767587328092 0.537620725596824 0.574546966666667
TCGA-FY-A40N-01 0.534283166666667 0.406285366666667 0.492499193052209 0.498005533333333
TCGA-FK-A3SB-01 0.562495933333333 0.468237133333333 0.499319166666667 0.463162933333333
TCGA-EM-A2CK-01 0.507630566666667 0.474507566666667 0.6728911 0.525842366666667
TCGA-ET-A25G-01 0.377278066666667 0.468237133333333 0.507847533333333 0.540606633333333
TCGA-DJ-A4V5-01 0.377278066666667 0.4519182 0.3079638 0.423437966666667
TCGA-DJ-A2PP-01 0.401582212349757 0.495525333333333 0.8226475 0.534481266666667
TCGA-KS-A41F-01 0.261939666666667 0.406285366666667 0.528579645875056 0.4782051
TCGA-L6-A4ET-01 0.296699233333333 0.360522603442219 0.746842466666667 0.5590578
TCGA-ET-A25R-01 0.296699233333333 0.422343646801352 0.433235804879447 0.6059953
TCGA-KS-A4I1-01 0.492103364823932 0.2006277 0.562547566666667 0.661302666666667
TCGA-FE-A23A-01 0.692477433333333 0.272194666666667 0.338105021079841 0.314558066666667
TCGA-FY-A3NN-01 0.231950766666667 0.4848563 0.527024554965815 0.499319166666667
TCGA-EM-A3O3-01 0.492103364823932 0.6182178 0.272194666666667 0.462854766666667
TCGA-ET-A2N4-01 0.523567826357368 0.672349233333333 0.505151445548064 0.605320066666667
TCGA-BJ-A0Z9-01 0.610176266666667 0.696014866666667 0.478780233333333 0.515774433333333
TCGA-EL-A3GO-01 0.4301596 0.5855658 0.498829433333333 0.523567826357368
TCGA-BJ-A192-01 0.742525933333333 0.730660466666667 0.570771566666667 0.2916473
TCGA-ET-A3BW-01 0.401582212349757 0.382368066666667 0.649054 0.5855658
TCGA-EM-A1CT-01 0.549304466666667 0.2410554 0.435509033333333 0.631856333333333
TCGA-DJ-A3UY-01 0.6014511 0.434897133333333 0.3468355 0.226611033333333
TCGA-DJ-A2PN-01 0.446695033333333 0.307057333333333 0.547424535829516 0.763180966666667
TCGA-FE-A233-01 0.197149633333333 0.2006277 0.6491169 0.614133733333333
TCGA-EL-A3T3-01 0.401582212349757 0.2410554 0.4543784 0.705650433333333
TCGA-ET-A39I-01 0.2139032 0.4519182 0.707460433333333 0.6648983
TCGA-KS-A4I5-01 0.6014511 0.434897133333333 0.470219266666667 0.593858133333333
TCGA-DJ-A4UT-01 0.197149633333333 0.738776033333333 0.220638433333333 0.2666321
TCGA-EM-A1YE-01 0.401582212349757 0.637055533333333 0.6059953 0.3168911
TCGA-E8-A44M-01 0.185592136666667 0.3377845 0.207670766666667 0.241858233333333
TCGA-J8-A3YG-01 0.492103364823932 0.466388468768427 0.4179455 0.314598766666667
TCGA-EL-A3GW-01 0.341890466666667 0.672349233333333 0.685165966666667 0.665378333333333
TCGA-H2-A26U-01 0.661302666666667 0.219215166666667 0.206961033333333 0.296699233333333
TCGA-BJ-A0ZA-01 0.589159933333333 0.272194666666667 0.516727238952591 0.464434854582797
TCGA-EM-A22P-01 0.2139032 0.2006277 0.2006277 0.3544807
TCGA-EM-A2CT-01 0.570771566666667 0.2410554 0.680815833333333 0.530280732013046
TCGA-DJ-A2Q1-01 0.2139032 0.307057333333333 0.261939666666667 0.298925133333333
TCGA-EL-A3GZ-01 0.570771566666667 0.382368066666667 0.453676466666667 0.525146133333333
TCGA-EL-A3ZR-01 0.610176266666667 0.286210666666667 0.7307046 0.3622012
TCGA-EM-A4FM-01 0.6846894 0.520784789681426 0.354709256587914 0.512167574258917
TCGA-EL-A4KI-01 0.6014511 0.6182178 0.619134366666667 0.503178544375778
TCGA-EL-A4JX-01 0.261939666666667 0.219215166666667 0.219215166666667 0.3157835
TCGA-EL-A4K4-01 0.797988233333333 0.382368066666667 0.312388966666667 0.474630333333333
TCGA-BJ-A290-01 0.377278066666667 0.613762066666667 0.520784789681426 0.52381201424429
TCGA-E8-A3X7-01 0.777252633333333 0.3377845 0.403015871595241 0.495525333333333
TCGA-ET-A3DW-01 0.462854766666667 0.468237133333333 0.539620066666667 0.738776033333333
TCGA-ET-A40S-01 0.589159933333333 0.637055533333333 0.3300071 0.329959833333333
TCGA-ET-A4KN-01 0.341890466666667 0.3377845 0.2253788 0.2751427
TCGA-E8-A436-01 0.296699233333333 0.507630566666667 0.329959833333333 0.258137433333333
TCGA-EM-A1CV-01 0.4301596 0.307057333333333 0.578652766666667 0.746842466666667
TCGA-BJ-A2NA-01 0.341890466666667 0.705650433333333 0.4355392 0.364915433333333
TCGA-L6-A4EP-01 0.231950766666667 0.516727238952591 0.503178544375778 0.594331133333333
TCGA-EM-A4FH-01 0.401582212349757 0.360522603442219 0.777252633333333 0.507983833333333
TCGA-EL-A3GS-01 0.401582212349757 0.458409533333333 0.610176266666667 0.6017439
TCGA-ET-A25J-01 0.401582212349757 0.251044633333333 0.4783327 0.6488523
TCGA-DJ-A1QL-01 0.296699233333333 0.515774433333333 0.619228833333333 0.582111933333333
TCGA-IM-A3EB-01 0.341890466666667 0.286210666666667 0.363749933333333 0.470219266666667
TCGA-DJ-A3UV-01 0.477256811930585 0.307057333333333 0.362345033333333 0.384433715985513
TCGA-FK-A3SG-01 0.661302666666667 0.406285366666667 0.5080935 0.411987
TCGA-DE-A69J-01 0.231950766666667 0.509719907069042 0.499409166666667 0.520784789681426
TCGA-DJ-A3VJ-01 0.676370066666667 0.680815833333333 0.377525 0.4089641
TCGA-E3-A3E5-01 0.4301596 0.730660466666667 0.549644566666667 0.664851166666667
TCGA-DJ-A1QH-01 0.261939666666667 0.406285366666667 0.4301596 0.549304466666667
TCGA-FE-A231-01 0.4301596 0.8702542 0.543701301421477 0.6057476
TCGA-EM-A4FK-01 0.492103364823932 0.422343646801352 0.8702542 0.511463575158124
TCGA-BJ-A45E-01 0.261939666666667 0.176768253333333 0.17075166 0.247045233333333
TCGA-EL-A3ZO-01 0.4301596 0.6014511 0.243633366666667 0.297486233333333
TCGA-EL-A3T7-01 0.672349233333333 0.3377845 0.442160594112438 0.527024554965815
TCGA-ET-A39T-01 0.507630566666667 0.3377845 0.614133733333333 0.701008233333333
TCGA-DJ-A4UP-01 0.261939666666667 0.307057333333333 0.2751427 0.313427366666667
TCGA-EM-A2CP-01 0.462854766666667 0.5390332 0.207901266666667 0.360522603442219
TCGA-FY-A3NP-01 0.547424535829516 0.535343112238534 0.701085566666667 0.478369553892269
TCGA-ET-A3DV-01 0.562495933333333 0.286210666666667 0.910720766666667 0.844546733333333
TCGA-4C-A93U-01 0.7265868 0.487356757320696 0.2410554 0.492499193052209
TCGA-DJ-A1QG-01 0.754753966666667 0.705650433333333 0.463460066666667 0.487356757320696
TCGA-ET-A3BU-01 0.8226475 0.272194666666667 0.4540313 0.347367
TCGA-DJ-A4UW-01 0.4301596 0.830271433333333 0.3235019 0.485263933333333
TCGA-ET-A39J-01 0.672349233333333 0.406285366666667 0.469999266666667 0.543701301421477
TCGA-EL-A3MY-01 0.446695033333333 0.705650433333333 0.264321266666667 0.3911938
TCGA-DE-A3KN-01 0.507630566666667 0.680815833333333 0.494596237189964 0.453676466666667
TCGA-FY-A3I5-01 0.507630566666667 0.613762066666667 0.452558133333333 0.436355933333333
TCGA-DJ-A3UP-01 0.4782051 0.738776033333333 0.564767587328092 0.641069233333333
TCGA-J8-A3O2-06 0.676370066666667 0.286210666666667 0.540606633333333 0.442160594112438
TCGA-J8-A3O0-01 0.377278066666667 0.605320066666667 0.525842366666667 0.501741823355501
TCGA-BJ-A0YZ-01 0.7349796 0.422343646801352 0.536395277604982 0.353906733333333
TCGA-DJ-A3VL-01 0.401582212349757 0.397748476131282 0.2666321 0.231950766666667
TCGA-ET-A3BQ-01 0.462854766666667 0.307057333333333 0.437217566666667 0.2808751
TCGA-EM-A22J-01 0.462854766666667 0.406285366666667 0.589159933333333 0.469419666666667
TCGA-EL-A4K9-01 0.341890466666667 0.6182178 0.397748476131282 0.472996309603975
TCGA-E3-A3E3-01 0.4301596 0.52381201424429 0.562705566666667 0.507847533333333
TCGA-DJ-A3UO-01 0.341890466666667 0.525140033333333 0.54240289192087 0.574622666666667
TCGA-BJ-A45H-01 0.401582212349757 0.307057333333333 0.3911938 0.220369366666667
TCGA-DJ-A13R-01 0.6014511 0.442083233333333 0.226611033333333 0.388655066666667
TCGA-DJ-A2PT-01 0.377278066666667 0.3377845 0.243160933333333 0.38818968293959
TCGA-EM-A22O-01 0.507630566666667 0.9542727 0.640799733333333 0.6975176
TCGA-EM-A3AQ-01 0.4301596 0.52803697574433 0.498005533333333 0.6846894
TCGA-EL-A3CM-01 0.401582212349757 0.272194666666667 0.3622012 0.243160933333333
TCGA-EL-A3ZH-01 0.341890466666667 0.536395277604982 0.676370066666667 0.652879533333333
TCGA-CE-A481-01 0.377278066666667 0.360522603442219 0.328595466666667 0.341890466666667
TCGA-EL-A3GP-01 0.462854766666667 0.5928224 0.193475166666667 0.413437033333333
TCGA-L6-A4EQ-01 0.462854766666667 0.6310053 0.578535166666667 0.716215066666667
TCGA-EM-A3FL-01 0.231950766666667 0.434897133333333 0.676867433333333 0.383740766666667
TCGA-FY-A3W9-01 0.945965266666667 0.716215066666667 0.786979666666667 0.8226475
TCGA-DE-A4MA-01 0.377278066666667 0.518333109868494 0.411987 0.719646933333333
TCGA-DE-A4MB-01 0.534283166666667 0.434897133333333 0.296699233333333 0.466388468768427
TCGA-FY-A2QD-01 0.296699233333333 0.830271433333333 0.9542727 0.525869033333333
TCGA-DJ-A3UR-01 0.6310053 0.251044633333333 0.513848612215116 0.7695598
TCGA-DJ-A3V4-01 0.341890466666667 0.307057333333333 0.4424684 0.433235804879447
TCGA-EL-A3CR-01 0.206961033333333 0.38852140522841 0.220369366666667 0.255147366666667
TCGA-EM-A2OY-01 0.844546733333333 0.696014866666667 0.780837033333333 0.469985966666667
TCGA-CE-A482-01 0.446695033333333 0.382368066666667 0.462854766666667 0.2923417
TCGA-E8-A418-01 0.701008233333333 0.38852140522841 0.5390332 0.652665
TCGA-EM-A3SU-06 0.6846894 0.434897133333333 0.209975866666667 0.368272787279539
TCGA-EM-A3AJ-01 0.6846894 0.3377845 0.255147366666667 0.2073483
TCGA-DJ-A13L-01 0.462854766666667 0.507630566666667 0.2139032 0.268967365078449
TCGA-DJ-A3VM-01 0.492103364823932 0.672349233333333 0.6182178 0.562495933333333
TCGA-EM-A2OV-01 0.206961033333333 0.272194666666667 0.738776033333333 0.286704933333333
TCGA-ET-A39O-01 0.401582212349757 0.4848563 0.323555633333333 0.525441933333333
TCGA-FE-A3PC-01 0.462854766666667 0.2410554 0.425754833333333 0.730660466666667
TCGA-DJ-A3VD-01 0.534283166666667 0.272194666666667 0.203567033333333 0.221619833333333
TCGA-EL-A4K6-01 0.446695033333333 0.5390332 0.945965266666667 0.799835166666667
TCGA-E3-A3E2-01 0.261939666666667 0.558168933333333 0.272857566666667 0.468237133333333
TCGA-J8-A3O1-01 0.924510966666667 0.495525333333333 0.790523833333333 0.712637
TCGA-GE-A2C6-01 0.167378663333333 0.545357366666667 0.276636 0.220638433333333
TCGA-EL-A3ZG-01 0.6014511 0.2253788 0.566708113806411 0.219215166666667
TCGA-FY-A3NM-01 0.7265868 0.910720766666667 0.797988233333333 0.589349566666667
TCGA-EL-A3CO-01 0.377278066666667 0.3377845 0.2073483 0.233596966666667
TCGA-KS-A4IB-01 0.8702542 0.696014866666667 0.652879533333333 0.614712533333333
TCGA-EL-A3D5-01 0.692477433333333 0.605320066666667 0.696387066666667 0.447684333333333
TCGA-EL-A4JW-01 0.296699233333333 0.434897133333333 0.447684333333333 0.312388966666667
TCGA-DJ-A2PS-01 0.4301596 0.558168933333333 0.406548566666667 0.4424684
TCGA-DJ-A2Q9-01 0.296699233333333 0.406285366666667 0.177218966666667 0.203165533333333
TCGA-ET-A3DP-01 0.401582212349757 0.525140033333333 0.392559166666667 0.498829433333333
TCGA-EM-A3FQ-06 0.534283166666667 0.511463575158124 0.478729166666667 0.435927708018467
TCGA-EL-A3ZM-01 0.523567826357368 0.442083233333333 0.352511950163393 0.3965387
TCGA-J8-A3YE-01 0.6231941 0.272194666666667 0.7669093 0.6724934
TCGA-J8-A3NZ-01 0.763106633333333 0.2253788 0.463317166666667 0.570771566666667
TCGA-IM-A41Z-01 0.549304466666667 0.2253788 0.397020966666667 0.406285366666667
TCGA-EL-A3T9-01 0.377278066666667 0.6014511 0.273543966666667 0.442083233333333
TCGA-DJ-A2Q3-01 0.296699233333333 0.566843433333333 0.263990666666667 0.263990666666667
TCGA-EM-A4FO-01 0.231950766666667 0.2410554 0.193576866666667 0.2739961
TCGA-DJ-A1QD-01 0.754753966666667 0.307057333333333 0.5082973 0.247442033333333
TCGA-ET-A40T-01 0.562495933333333 0.481901765958232 0.3168911 0.424188966666667
TCGA-E8-A415-01 0.4301596 0.1932982 0.497420533333333 0.272194666666667
TCGA-DJ-A13P-01 0.446695033333333 0.7265868 0.511463575158124 0.469907133333333
TCGA-H2-A422-01 0.523567826357368 0.38852140522841 0.7076192 0.5394251
TCGA-ET-A3DO-01 0.377278066666667 0.38852140522841 0.258137433333333 0.446781133333333
TCGA-BJ-A45K-01 0.4301596 0.507630566666667 0.754753966666667 0.6330303
TCGA-EL-A3GQ-01 0.401582212349757 0.754753966666667 0.3776904 0.5669609
TCGA-DE-A69K-01 0.377278066666667 0.513848612215116 0.464434854582797 0.558343566666667
TCGA-BJ-A45D-01 0.492103364823932 0.5741259 0.410276461524733 0.256736333333333
TCGA-DJ-A2PY-01 0.462854766666667 0.2253788 0.346268366666667 0.516309
TCGA-L6-A4EU-01 0.261939666666667 0.645115766666667 0.3251423 0.468452066666667
TCGA-EL-A3ZQ-01 0.4782051 0.272194666666667 0.345298933333333 0.507630566666667
TCGA-DJ-A3V3-01 0.296699233333333 0.4519182 0.3722082 0.696014866666667
TCGA-EM-A22M-01 0.401582212349757 0.582111933333333 0.225963633333333 0.281575366666667
TCGA-BJ-A0ZF-01 0.532748090238668 0.523567826357368 0.551697453567473 0.452546792176042
TCGA-EM-A3ST-01 0.701008233333333 0.578535166666667 0.701008233333333 0.5945232
TCGA-FY-A3R6-01 0.589159933333333 0.286210666666667 0.231950766666667 0.3300071
TCGA-ET-A40P-01 0.754753966666667 0.661302666666667 0.412125666666667 0.44835147341187
TCGA-ET-A39M-01 0.341890466666667 0.442083233333333 0.234060166666667 0.3776904
TCGA-ET-A3BV-01 0.185592136666667 0.38818968293959 0.2739961 0.261939666666667
TCGA-DJ-A2PV-01 0.197149633333333 0.406285366666667 0.345983866666667 0.452871333333333
TCGA-DJ-A4V4-01 0.197149633333333 0.422343646801352 0.466388468768427 0.2438308
TCGA-EM-A1CW-01 0.854165033333333 0.3377845 0.3970271 0.3722082
TCGA-DJ-A3UW-01 0.640799733333333 0.495525333333333 0.241649633333333 0.172216873333333
TCGA-IM-A3U3-01 0.167378663333333 0.525140033333333 0.416843633333333 0.54240289192087
TCGA-EL-A3D4-01 0.2139032 0.5928224 0.458409533333333 0.2805947
TCGA-EM-A2CN-01 0.492103364823932 0.5928224 0.914623 0.763106633333333
TCGA-E8-A433-01 0.549304466666667 0.167378663333333 0.348697433333333 0.494596237189964
TCGA-FY-A3ON-01 0.231950766666667 0.422343646801352 0.423437966666667 0.207670766666667
TCGA-ET-A3DR-01 0.401582212349757 0.558168933333333 0.665378333333333 0.485112033333333
TCGA-FE-A235-01 0.462854766666667 0.7265868 0.391171833333333 0.685165966666667
TCGA-EL-A3H3-01 0.261939666666667 0.360522603442219 0.251044633333333 0.2253788
TCGA-DE-A4MD-01 0.9542727 0.794310566666667 0.8191458 0.861374
TCGA-EL-A3ZT-01 0.296699233333333 0.360522603442219 0.515004623514073 0.7307046
TCGA-BJ-A2N7-01 0.446695033333333 0.558168933333333 0.582111933333333 0.692477433333333
TCGA-E8-A416-01 0.206961033333333 0.442083233333333 0.495525333333333 0.234060166666667
TCGA-EM-A4FR-01 0.261939666666667 0.672349233333333 0.525441933333333 0.579022881620191
TCGA-KS-A41L-01 0.589159933333333 0.566843433333333 0.731417766666667 0.532748090238668
TCGA-CE-A27D-01 0.462854766666667 0.406285366666667 0.2262772 0.182036733333333
TCGA-E3-A3DZ-01 0.4782051 0.652665 0.705650433333333 0.5581745
TCGA-ET-A25O-01 0.341890466666667 0.830271433333333 0.8904431 0.7076192
TCGA-J8-A3YD-01 0.523567826357368 0.176768253333333 0.6231941 0.2270091
TCGA-EM-A1YC-01 0.570771566666667 0.945965266666667 0.763106633333333 0.286210666666667
TCGA-DJ-A3UX-01 0.296699233333333 0.406285366666667 0.3927975 0.328595466666667
TCGA-DJ-A2PX-01 0.7669093 0.450463665781157 0.256736333333333 0.2324505
TCGA-EL-A4KG-01 0.296699233333333 0.38852140522841 0.367879133333333 0.367879133333333
TCGA-EL-A3MZ-01 0.462854766666667 0.484316495257458 0.377278066666667 0.4374031
TCGA-EM-A3O8-01 0.261939666666667 0.360522603442219 0.730660466666667 0.7265868
TCGA-KS-A4I3-01 0.676370066666667 0.551697453567473 0.5787154 0.601770866666667
TCGA-DJ-A1QO-01 0.296699233333333 0.251044633333333 0.3895943 0.4519182
TCGA-ET-A2N5-01 0.797988233333333 0.2006277 0.6017439 0.680815833333333
TCGA-DJ-A1QE-01 0.462854766666667 0.406285366666667 0.468237133333333 0.706644966666667
TCGA-EM-A3FN-01 0.4782051 0.528579645875056 0.606802533333333 0.509719907069042
TCGA-DJ-A13S-01 0.401582212349757 0.406285366666667 0.637055533333333 0.500443136132944
TCGA-EM-A3O7-01 0.401582212349757 0.3377845 0.589349566666667 0.8191458
TCGA-BJ-A0Z3-01 0.492103364823932 0.176768253333333 0.268967365078449 0.345983866666667
TCGA-QD-A8IV-01 0.4782051 0.537620725596824 0.594316233333333 0.6728911
TCGA-H2-A2K9-01 0.492103364823932 0.532748090238668 0.7349796 0.7349796
TCGA-EL-A3H4-01 0.462854766666667 0.4519182 0.535343112238534 0.830271433333333
TCGA-EM-A3SY-01 0.341890466666667 0.5928224 0.5741259 0.342505166666667
TCGA-EL-A3CU-01 0.492103364823932 0.167378663333333 0.262044033333333 0.3251423
TCGA-E8-A414-01 0.549304466666667 0.422343646801352 0.291204333333333 0.363337533333333
TCGA-H2-A3RI-01 0.712637 0.1932982 0.4848563 0.535343112238534
TCGA-FK-A3S3-01 0.206961033333333 0.382368066666667 0.502944413738483 0.46792563135302
TCGA-DJ-A3VG-01 0.589159933333333 0.637055533333333 0.52803697574433 0.5936975
TCGA-EM-A4FU-01 0.462854766666667 0.645115766666667 0.477256811930585 0.470354033333333
TCGA-ET-A3BS-01 0.4301596 0.645115766666667 0.241858233333333 0.47425642537102
TCGA-DJ-A13W-01 0.377278066666667 0.422343646801352 0.417309940996578 0.549644566666667
TCGA-BJ-A3PT-01 0.610176266666667 0.167378663333333 0.314459959933262 0.396186366666667
TCGA-ET-A3BN-01 0.261939666666667 0.307057333333333 0.614712533333333 0.463719833333333
TCGA-EM-A3FJ-01 0.534283166666667 0.5390332 0.468452066666667 0.219224
TCGA-ET-A3BX-01 0.7265868 0.38852140522841 0.534481266666667 0.3665906
TCGA-BJ-A28Z-01 0.4301596 0.507630566666667 0.177484066666667 0.345298933333333
TCGA-EL-A4KH-01 0.341890466666667 0.360522603442219 0.3965387 0.276011233333333
TCGA-DJ-A13T-01 0.7669093 0.754753966666667 0.558168933333333 0.672349233333333
TCGA-DJ-A2QA-01 0.6488523 0.525140033333333 0.418889430382316 0.391894033333333
TCGA-E8-A413-01 0.6014511 0.2410554 0.288442466666667 0.377278066666667
TCGA-EM-A2P1-01 0.2139032 0.5390332 0.197149633333333 0.1932982
TCGA-DJ-A3V9-01 0.610176266666667 0.3377845 0.435327612713958 0.197149633333333
TCGA-EM-A2CS-01 0.520784789681426 0.468237133333333 0.525482133333333 0.435327612713958
TCGA-MK-A4N7-01 0.4782051 0.525140033333333 0.562495933333333 0.547424535829516
TCGA-DJ-A1QN-01 0.185592136666667 0.532748090238668 0.446781133333333 0.27878
TCGA-DJ-A2Q6-01 0.341890466666667 0.406285366666667 0.364915433333333 0.447512533333333
TCGA-EM-A2P2-01 0.6488523 0.754753966666667 0.661302666666667 0.540610366666667
TCGA-E8-A417-01 0.401582212349757 0.286210666666667 0.434897133333333 0.2139032
TCGA-FE-A230-01 0.261939666666667 0.307057333333333 0.391894033333333 0.288442466666667
TCGA-EM-A3SX-01 0.377278066666667 0.5855658 0.534283166666667 0.558168933333333
TCGA-DJ-A2Q5-01 0.206961033333333 0.664851166666667 0.241263733333333 0.203567033333333
TCGA-EL-A3CW-01 0.462854766666667 0.458409533333333 0.2641727 0.209352166666667
TCGA-EL-A3MW-01 0.296699233333333 0.360522603442219 0.44835147341187 0.786979666666667
TCGA-EM-A1CS-01 0.507630566666667 0.696014866666667 0.530280732013046 0.450463665781157
TCGA-DJ-A3UU-01 0.7467632 0.251044633333333 0.347016433333333 0.4377295
TCGA-KS-A41I-01 0.692477433333333 0.613762066666667 0.342505166666667 0.425280533333333
TCGA-FY-A4B0-01 0.692477433333333 0.645115766666667 0.516309 0.3731643
TCGA-MK-A4N6-01 0.446695033333333 0.458409533333333 0.363337533333333 0.4783327
TCGA-DJ-A3VB-01 0.261939666666667 0.38852140522841 0.38818968293959 0.480752623314386
TCGA-EM-A3FK-01 0.549304466666667 0.51639160521239 0.719646933333333 0.365531333333333
TCGA-BJ-A4O8-01 0.296699233333333 0.5855658 0.2805947 0.452558133333333
TCGA-FY-A40L-01 0.4782051 0.406285366666667 0.384542833333333 0.498192733333333
TCGA-FE-A236-01 0.589159933333333 0.458409533333333 0.613762066666667 0.593265466666667
TCGA-ET-A39R-01 0.492103364823932 0.307057333333333 0.243245966666667 0.427874233645158
TCGA-EL-A4K1-01 0.341890466666667 0.434897133333333 0.388655066666667 0.777252633333333
TCGA-EM-A3FR-01 0.377278066666667 0.924510966666667 0.652665 0.438518866666667
TCGA-EL-A3T6-01 0.507630566666667 0.481832454585337 0.328406966666667 0.443039833333333
TCGA-DJ-A3UQ-01 0.6846894 0.38852140522841 0.2916473 0.3684698
TCGA-DJ-A2QC-01 0.296699233333333 0.434897133333333 0.418437933333333 0.534917879481692
TCGA-FY-A3R7-01 0.167378663333333 0.464612544895798 0.392661066666667 0.38852140522841
TCGA-DJ-A13V-01 0.377278066666667 0.38852140522841 0.480752623314386 0.578535166666667
TCGA-FY-A3YR-01 0.7467632 0.307057333333333 0.3935659 0.637055533333333
TCGA-EM-A2CQ-01 0.589159933333333 0.2253788 0.692477433333333 0.406309266666667
TCGA-FY-A40K-01 0.261939666666667 0.2253788 0.311667133333333 0.4848563
TCGA-E8-A2EA-01 0.640799733333333 0.360522603442219 0.221619833333333 0.392559166666667
TCGA-BJ-A0ZG-01 0.296699233333333 0.3377845 0.525869033333333 0.924510966666667
TCGA-DJ-A3V2-01 0.446695033333333 0.38852140522841 0.234506766666667 0.311667133333333
TCGA-FE-A232-01 0.534283166666667 0.360522603442219 0.365531333333333 0.348697433333333
TCGA-EM-A2OZ-01 0.231950766666667 0.716215066666667 0.579022881620191 0.463317166666667
TCGA-E3-A3E1-01 0.790523833333333 0.543701301421477 0.474507566666667 0.443275233333333
TCGA-EM-A2P0-01 0.401582212349757 0.6310053 0.525146133333333 0.390103833333333
TCGA-EM-A1YD-01 0.296699233333333 0.433235804879447 0.424188966666667 0.185592136666667
TCGA-EL-A4K2-01 0.261939666666667 0.5928224 0.341890466666667 0.362345033333333
TCGA-EM-A3AP-01 0.534283166666667 0.680815833333333 0.525140033333333 0.377525
TCGA-J8-A3O2-01 0.261939666666667 0.272194666666667 0.353906733333333 0.300941
TCGA-EL-A3CZ-01 0.492103364823932 0.2410554 0.6057476 0.3970271
TCGA-EM-A22Q-01 0.661302666666667 0.578535166666667 0.481832454585337 0.485220133333333
TCGA-BJ-A0ZC-01 0.377278066666667 0.680815833333333 0.6488523 0.562547566666667
TCGA-EM-A1CU-01 0.534283166666667 0.38852140522841 0.487356757320696 0.696288366666667
TCGA-EL-A3D6-01 0.261939666666667 0.38852140522841 0.300941 0.406548566666667
TCGA-E8-A438-01 0.231950766666667 0.480752623314386 0.472996309603975 0.389628266666667
TCGA-EL-A3ZS-01 0.534283166666667 0.5390332 0.247442033333333 0.193576866666667
TCGA-H2-A421-01 0.6488523 0.286210666666667 0.276084766666667 0.425754833333333
TCGA-EL-A3ZN-01 0.446695033333333 0.484088967634891 0.453943533333333 0.372588666666667
TCGA-FE-A3PD-01 0.712637 0.777252633333333 0.410098066666667 0.6014511
TCGA-EL-A4K0-01 0.4301596 0.434897133333333 0.347367 0.396523166666667
TCGA-IM-A4EB-01 0.231950766666667 0.442083233333333 0.2923417 0.3607217
TCGA-ET-A40R-01 0.701008233333333 0.495525333333333 0.3684698 0.262044033333333
TCGA-BJ-A2N9-01 0.692477433333333 0.794310566666667 0.4223557 0.4068625
TCGA-J8-A4HY-01 0.231950766666667 0.46792563135302 0.507630566666667 0.323555633333333
TCGA-DJ-A3UT-01 0.261939666666667 0.605320066666667 0.696014866666667 0.701085566666667
TCGA-EL-A4JZ-01 0.261939666666667 0.5928224 0.2270091 0.382368066666667
TCGA-FY-A76V-01 0.719646933333333 0.534917879481692 0.435168933333333 0.492103364823932
TCGA-EM-A3SZ-01 0.4782051 0.507630566666667 0.435776633333333 0.4430647
TCGA-DJ-A4UQ-01 0.610176266666667 0.468237133333333 0.422343646801352 0.463460066666667
TCGA-E8-A437-01 0.570771566666667 0.500443136132944 0.513351173978769 0.352052233333333
TCGA-DJ-A1QI-01 0.446695033333333 0.307057333333333 0.464612544895798 0.5010110511843
TCGA-J8-A3YH-06 0.549304466666667 0.5928224 0.322378433333333 0.422343646801352
TCGA-BJ-A191-01 0.570771566666667 0.794310566666667 0.6142791 0.763292466666667
TCGA-ET-A25K-01 0.377278066666667 0.307057333333333 0.484088967634891 0.484316495257458
TCGA-J8-A4HW-06 0.401582212349757 0.307057333333333 0.2438308 0.352511950163393
TCGA-E8-A2JQ-01 0.427874233645158 0.401582212349757 0.207656966666667 0.338105021079841
TCGA-FE-A237-01 0.377278066666667 0.501741823355501 0.4169233 0.513351173978769
TCGA-ET-A3DU-01 0.231950766666667 0.2006277 0.209352166666667 0.241649633333333
TCGA-EM-A1YA-01 0.492103364823932 0.2006277 0.685051166666667 0.528579645875056
TCGA-J8-A3YF-01 0.261939666666667 0.307057333333333 0.3157835 0.4633126
TCGA-EM-A3AR-01 0.401582212349757 0.468237133333333 0.4633126 0.207656966666667
TCGA-EL-A3H5-01 0.4782051 0.307057333333333 0.189073496666667 0.384542833333333
TCGA-BJ-A45I-01 0.296699233333333 0.307057333333333 0.276011233333333 0.243633366666667
TCGA-IM-A420-01 0.523567826357368 0.1932982 0.314598766666667 0.328406966666667
TCGA-EL-A3CT-01 0.231950766666667 0.286210666666667 0.3377845 0.3537364
TCGA-FY-A4B4-01 0.296699233333333 0.434897133333333 0.4112403 0.51639160521239
TCGA-EM-A3OB-01 0.6310053 0.780837033333333 0.7695598 0.790523833333333
TCGA-BJ-A3EZ-01 0.530280732013046 0.286210666666667 0.512167574258917 0.648947166666667
TCGA-FK-A3SH-01 0.523567826357368 0.3377845 0.5941207 0.4112403
TCGA-DJ-A4V2-01 0.341890466666667 0.458409533333333 0.455575091511485 0.4301596
TCGA-J8-A4HW-01 0.401582212349757 0.2253788 0.672349233333333 0.3895943
TCGA-BJ-A0ZE-01 0.4782051 0.696014866666667 0.727084166666667 0.5741259
TCGA-FY-A3R8-01 0.640799733333333 0.251044633333333 0.379421165588136 0.318016366666667
TCGA-DJ-A2PW-01 0.401582212349757 0.251044633333333 0.408152866666667 0.854165033333333
TCGA-DJ-A4UR-01 0.4301596 0.696014866666667 0.437612546512783 0.513848612215116
TCGA-ET-A3BT-01 0.523567826357368 0.286210666666667 0.46792563135302 0.619134366666667
TCGA-CE-A485-01 0.507630566666667 0.442083233333333 0.27878 0.302742866666667
TCGA-J8-A42S-01 0.341890466666667 0.434897133333333 0.484316495257458 0.241263733333333
TCGA-DE-A4M9-01 0.701008233333333 0.3377845 0.756321166666667 0.272857566666667
TCGA-BJ-A18Z-01 0.7265868 0.307057333333333 0.3544807 0.272864166666667
TCGA-EM-A3FM-01 0.4782051 0.4519182 0.372588666666667 0.610176266666667
TCGA-EL-A3CX-01 0.8904431 0.672349233333333 0.51639160521239 0.8904431
TCGA-BJ-A0ZB-01 0.462854766666667 0.474507566666667 0.534353933333333 0.633697966666667
TCGA-EM-A2CR-01 0.518333109868494 0.5010110511843 0.438518866666667 0.418889430382316
TCGA-BJ-A2N8-01 0.341890466666667 0.38852140522841 0.522411497471762 0.516727238952591
TCGA-DJ-A2Q2-01 0.562495933333333 0.455575091511485 0.442083233333333 0.2262772
TCGA-EL-A3GV-01 0.296699233333333 0.360522603442219 0.3830055 0.910720766666667
TCGA-KS-A4I9-01 0.296699233333333 0.406285366666667 0.4374031 0.455575091511485
TCGA-BJ-A28X-01 0.167378663333333 0.605320066666667 0.1932982 0.346268366666667
TCGA-DJ-A2PU-01 0.401582212349757 0.434897133333333 0.413437033333333 0.619228833333333
TCGA-FY-A4B3-01 0.462854766666667 0.422343646801352 0.469419666666667 0.319782033333333
TCGA-FY-A3I4-01 0.296699233333333 0.272194666666667 0.314828366666667 0.206961033333333
TCGA-EM-A3FQ-01 0.2139032 0.379421165588136 0.253039133333333 0.176768253333333
TCGA-DJ-A3UM-01 0.296699233333333 0.502944413738483 0.443275233333333 0.522411497471762
TCGA-BJ-A45F-01 0.570771566666667 0.434897133333333 0.515774433333333 0.363749933333333
TCGA-DJ-A3V5-01 0.296699233333333 0.307057333333333 0.421048110334889 0.390967466666667
TCGA-DJ-A3US-01 0.534283166666667 0.8904431 0.2903066 0.392661066666667
TCGA-DJ-A3V6-01 0.505151445548064 0.482879305246198 0.38852140522841 0.410276461524733
TCGA-DE-A0Y3-01 0.6488523 0.5741259 0.645115766666667 0.742525933333333
TCGA-BJ-A45J-01 0.462854766666667 0.442083233333333 0.470354033333333 0.244999166666667
TCGA-DJ-A3V0-01 0.534283166666667 0.360522603442219 0.356578 0.515004623514073
TCGA-DJ-A1QF-01 0.777252633333333 0.468237133333333 0.4782051 0.2454765
TCGA-ET-A4KQ-01 0.492103364823932 0.474507566666667 0.5936975 0.383738166666667
TCGA-DJ-A3VK-01 0.377278066666667 0.558168933333333 0.464207133333333 0.264321266666667
TCGA-ET-A39K-01 0.610176266666667 0.38852140522841 0.396186366666667 0.645158666666667
TCGA-EM-A3AO-01 0.2139032 0.251044633333333 0.344844433333333 0.469999266666667
TCGA-FK-A3SD-01 0.167378663333333 0.2006277 0.755784633333333 0.412125666666667
TCGA-EL-A3ZL-01 0.523567826357368 0.910720766666667 0.450463665781157 0.676370066666667
TCGA-DJ-A4V0-01 0.4782051 0.403015871595241 0.244999166666667 0.241291033333333
TCGA-DE-A4MD-06 0.534283166666667 0.5855658 0.322805566666667 0.417309940996578
TCGA-E8-A432-01 0.231950766666667 0.558168933333333 0.3607217 0.318841333333333
TCGA-ET-A3DT-01 0.182036733333333 0.2410554 0.207304533333333 0.3235019
TCGA-EL-A3GU-01 0.377278066666667 0.494596237189964 0.383740766666667 0.518333109868494
TCGA-IM-A41Y-01 0.401582212349757 0.3377845 0.6310053 0.435509033333333
TCGA-EM-A2OX-01 0.341890466666667 0.286210666666667 0.418801533333333 0.3075241
TCGA-EL-A3T0-01 0.4301596 0.532748090238668 0.3514249 0.177218966666667
TCGA-IM-A3ED-01 0.507630566666667 0.2006277 0.319782033333333 0.434897133333333
TCGA-FY-A3R9-01 0.2139032 0.272194666666667 0.6330303 0.4160202
TCGA-EL-A3CL-01 0.562495933333333 0.664851166666667 0.5394251 0.502944413738483
TCGA-EM-A3AK-01 0.377278066666667 0.2410554 0.415010933333333 0.410098066666667
TCGA-DE-A7U5-01 0.6846894 0.47425642537102 0.26741 0.3952027
TCGA-MK-A4N9-01 0.206961033333333 0.3377845 0.574622666666667 0.193475166666667
TCGA-CE-A3ME-01 0.910720766666667 0.251044633333333 0.558343566666667 0.6182178
TCGA-BJ-A28R-01 0.534283166666667 0.780837033333333 0.406285366666667 0.482879305246198
TCGA-J8-A3YH-01 0.377278066666667 0.532748090238668 0.514108896048567 0.26741
TCGA-EM-A2CO-01 0.562495933333333 0.522411497471762 0.641069233333333 0.3927975
TCGA-DJ-A2PO-01 0.4301596 0.705650433333333 0.3075241 0.464612544895798
TCGA-E8-A434-01 0.549304466666667 0.458409533333333 0.501741823355501 0.3935659
TCGA-DJ-A2Q0-01 0.377278066666667 0.495525333333333 0.587096963658821 0.291204333333333
TCGA-DE-A4MC-01 0.7349796 0.458409533333333 0.382368066666667 0.5928224
TCGA-EM-A3FO-01 0.462854766666667 0.219215166666667 0.6848205 0.534283166666667
TCGA-CE-A483-01 0.231950766666667 0.406285366666667 0.633697966666667 0.272433066666667
TCGA-EL-A3CP-01 0.446695033333333 0.4519182 0.5590578 0.4098175
TCGA-EL-A3CN-01 0.377278066666667 0.406285366666667 0.2808751 0.4540313
TCGA-BJ-A18Y-01 0.446695033333333 0.5928224 0.534917879481692 0.408152866666667
TCGA-E8-A419-01 0.462854766666667 0.474507566666667 0.297486233333333 0.344844433333333
TCGA-EM-A4FQ-01 0.341890466666667 0.307057333333333 0.3665906 0.537620725596824
TCGA-ET-A3BP-01 0.534283166666667 0.5741259 0.485220133333333 0.401582212349757
TCGA-DJ-A2PR-01 0.296699233333333 0.442083233333333 0.4519182 0.4169233
TCGA-DJ-A2PZ-01 0.231950766666667 0.2006277 0.406309266666667 0.478780233333333
TCGA-FY-A3WA-01 0.6014511 0.780837033333333 0.798245466666667 0.525140033333333
TCGA-EM-A3AN-01 0.341890466666667 0.406285366666667 0.4999332 0.435168933333333
TCGA-DO-A1JZ-01 0.861374 0.442083233333333 0.648947166666667 0.945965266666667
TCGA-CE-A3MD-01 0.6014511 0.495525333333333 0.3731643 0.4999332
TCGA-EL-A3ZP-01 0.462854766666667 0.2253788 0.272864166666667 0.566843433333333
TCGA-KS-A41J-01 0.589159933333333 0.2410554 0.390103833333333 0.756321166666667
TCGA-FE-A3PA-01 0.4301596 0.514108896048567 0.425280533333333 0.6231941
TCGA-EL-A4K7-01 0.231950766666667 0.2410554 0.645158666666667 0.2410554
TCGA-KS-A4ID-01 0.797988233333333 0.488445595136757 0.281575366666667 0.3468355
TCGA-DJ-A13X-01 0.7265868 0.558168933333333 0.485112033333333 0.416843633333333
TCGA-DJ-A2Q8-01 0.401582212349757 0.382368066666667 0.314558066666667 0.2006277
TCGA-ET-A2MY-01 0.261939666666667 0.578535166666667 0.5581745 0.727084166666667
TCGA-EM-A2CS-06 0.522411497471762 0.512167574258917 0.492103364823932 0.436007873982451
TCGA-ET-A3DQ-01 0.185592136666667 0.2253788 0.286210666666667 0.276084766666667
TCGA-EL-A3N3-01 0.6310053 0.360522603442219 0.298925133333333 0.392208366666667
TCGA-FY-A3TY-01 0.570771566666667 0.406285366666667 0.219224 0.243245966666667
TCGA-EM-A22K-01 0.261939666666667 0.738776033333333 0.5855658 0.5082973
TCGA-DJ-A3VF-01 0.261939666666667 0.421048110334889 0.233596966666667 0.356578
TCGA-DJ-A3VE-01 0.446695033333333 0.422343646801352 0.481901765958232 0.534353933333333
TCGA-ET-A2N3-01 0.4301596 0.251044633333333 0.830271433333333 0.545357366666667
TCGA-FE-A3PB-01 0.377278066666667 0.4519182 0.2454765 0.430751366666667
TCGA-KS-A4IC-01 0.446695033333333 0.472996309603975 0.482879305246198 0.322805566666667
TCGA-EM-A2OW-01 0.534283166666667 0.38852140522841 0.5010110511843 0.403015871595241
TCGA-DJ-A1QQ-01 0.462854766666667 0.495525333333333 0.453715066666667 0.477256811930585
TCGA-ET-A3DS-01 0.296699233333333 0.730660466666667 0.605320066666667 0.418437933333333
TCGA-EM-A3SU-01 0.610176266666667 0.434897133333333 0.286704933333333 0.253039133333333
TCGA-EL-A3GR-01 0.261939666666667 0.4519182 0.392208366666667 0.469527933333333
TCGA-BJ-A28T-01 0.570771566666667 0.468237133333333 0.182036733333333 0.685505766666667
TCGA-EL-A3T8-01 0.8226475 0.652665 0.463719833333333 0.707460433333333
TCGA-FK-A4UB-01 0.296699233333333 0.474507566666667 0.509719907069042 0.481832454585337
TCGA-EM-A4FN-01 0.341890466666667 0.360522603442219 0.396523166666667 0.606129566666667
TCGA-EM-A4G1-01 0.914623 0.664851166666667 0.500443136132944 0.3377845
TCGA-BJ-A28S-01 0.401582212349757 0.4848563 0.6975176 0.685051166666667
TCGA-BJ-A3F0-01 0.401582212349757 0.525140033333333 0.518333109868494 0.251044633333333
TCGA-EL-A3ZK-01 0.231950766666667 0.176768253333333 0.452546792176042 0.464207133333333
TCGA-EL-A3GY-01 0.446695033333333 0.286210666666667 0.4160202 0.167378663333333
TCGA-DJ-A3UN-01 0.341890466666667 0.6310053 0.436007873982451 0.5080935
TCGA-DJ-A4UL-01 0.377278066666667 0.406285366666667 0.430751366666667 0.539620066666667
TCGA-ET-A25I-01 0.763106633333333 0.219215166666667 0.435927708018467 0.497420533333333
TCGA-ET-A2MX-01 0.341890466666667 0.38852140522841 0.685505766666667 0.7669093
TCGA-DJ-A13O-01 0.4782051 0.605320066666667 0.3537364 0.421048110334889
TCGA-EL-A3H8-01 0.261939666666667 0.360522603442219 0.545357366666667 0.539372766666667
TCGA-DO-A1K0-01 0.790523833333333 0.579022881620191 0.574546966666667 0.8702542
TCGA-EM-A22I-01 0.341890466666667 0.4519182 0.443039833333333 0.478729166666667
TCGA-DJ-A3UZ-01 0.296699233333333 0.38852140522841 0.390967466666667 0.189073496666667
TCGA-DJ-A2Q7-01 0.462854766666667 0.38852140522841 0.4068625 0.396587566666667
TCGA-ET-A39P-01 0.4782051 0.527024554965815 0.488445595136757 0.606802533333333
TCGA-EM-A22L-01 0.341890466666667 0.680815833333333 0.763292466666667 0.589159933333333
TCGA-EM-A2CL-01 0.507630566666667 0.468237133333333 0.799835166666667 0.9542727
TCGA-ET-A39L-01 0.377278066666667 0.189073496666667 0.485734366666667 0.207901266666667
TCGA-ET-A2N1-01 0.401582212349757 0.545357366666667 0.447512533333333 0.5390332
TCGA-EM-A3AL-01 0.377278066666667 0.474507566666667 0.6014511 0.458409533333333
TCGA-EL-A3CY-01 0.167378663333333 0.2410554 0.167378663333333 0.207304533333333
TCGA-E3-A3DY-01 0.4782051 0.272194666666667 0.427874233645158 0.4355392
TCGA-EM-A3OA-01 0.341890466666667 0.307057333333333 0.794310566666667 0.594316233333333
TCGA-EL-A3MX-01 0.6488523 0.6310053 0.716215066666667 0.566708113806411
TCGA-BJ-A0ZJ-01 0.523567826357368 0.4848563 0.247045233333333 0.347016433333333
TCGA-E8-A44K-01 0.763106633333333 0.272194666666667 0.4089641 0.322378433333333
TCGA-DJ-A3VI-01 0.589159933333333 0.38852140522841 0.6648983 0.649054
TCGA-EL-A3H2-01 0.401582212349757 0.754753966666667 0.593858133333333 0.676867433333333
TCGA-DJ-A1QM-01 0.341890466666667 0.219215166666667 0.389628266666667 0.177484066666667
TCGA-FY-A40M-01 0.672349233333333 0.566708113806411 0.7265868 0.798245466666667
TCGA-EL-A3N2-01 0.4301596 0.2006277 0.4688368 0.587096963658821
TCGA-FE-A234-01 0.377278066666667 0.492103364823932 0.4430647 0.418801533333333
TCGA-EL-A3CS-01 0.231950766666667 0.307057333333333 0.601770866666667 0.514108896048567
TCGA-E3-A3E0-01 0.701008233333333 0.474507566666667 0.485263933333333 0.453943533333333
TCGA-FY-A3BL-01 0.341890466666667 0.505151445548064 0.712637 0.3830055
TCGA-ET-A40Q-01 0.6488523 0.515774433333333 0.307057333333333 0.435776633333333
TCGA-EM-A1YB-01 0.6310053 0.566843433333333 0.549304466666667 0.391171833333333
TCGA-EM-A2P1-06 0.341890466666667 0.4848563 0.2324505 0.354709256587914
TCGA-IM-A3U2-01 0.4782051 0.503178544375778 0.452871333333333 0.453715066666667
TCGA-EM-A3O9-01 0.610176266666667 0.44835147341187 0.3952027 0.17075166
TCGA-BJ-A0Z0-01 0.661302666666667 0.8191458 0.861374 0.485734366666667
