abscnseq ascat estimate purbayes
TCGA-F5-6571-01 0.68 0.54 0.727912457442 0.7324105
TCGA-AA-A02R-01 0.53 0.72 NA NA
TCGA-AF-6136-01 0.6 0.48 0.903951587189 0.8386577
TCGA-EI-6514-01 0.72 0.66 0.861144127985 NA
TCGA-AA-3862-01 NA 0.55 NA NA
TCGA-AA-3492-01 0.48 0.79 0.845587806155 0.7740878
TCGA-DC-6157-01 0.75 0.71 0.907540550173 0.962942
TCGA-AA-3977-01 0.35 0.67 NA 0.574548
TCGA-AA-3502-01 0.54 0.83 0.904677069802 0.866826
TCGA-AG-A016-01 0.77 0.82 NA 0.8416246
TCGA-AG-A036-01 NA 0.51 NA NA
TCGA-AA-3861-01 NA 0.45 NA NA
TCGA-AG-3878-01 0.48 0.32 NA 0.3496891
TCGA-A6-6142-01 0.45 0.37 0.761201892247 0.6919559
TCGA-AG-3592-01 NA 0.65 0.868791121983 NA
TCGA-AG-3887-01 0.63 0.81 NA 0.9672422
TCGA-T9-A92H-01 0.71 NA 0.952214101211 0.7779881
TCGA-AG-A00C-01 0.68 0.78 NA NA
TCGA-CM-6171-01 0.58 0.78 0.885045919209 0.7894015
TCGA-EI-6885-01 0.7 0.51 0.793586281158 NA
TCGA-AA-3980-01 NA 0.46 NA NA
TCGA-CL-5917-01 0.78 0.72 0.928121234377 NA
TCGA-AA-3696-01 0.4 0.81 NA 0.838841
TCGA-AA-A02Y-01 0.59 0.76 0.947766487649 0.7005556
TCGA-DC-4745-01 0.67 0.73 0.875714638147 0.8050394
TCGA-AG-4015-01 0.7 0.78 NA NA
TCGA-F5-6863-01 0.57 0.69 0.939320775843 0.8583745
TCGA-AA-3855-01 0.45 0.41 NA 0.6051951
TCGA-CM-4751-01 0.32 0.49 0.807264873665 0.4729531
TCGA-DM-A28K-01 0.52 0.78 0.942106681302 0.8483026
TCGA-CI-6619-01 0.47 0.3 0.856134168867 0.4173385
TCGA-D5-6533-01 0.55 0.67 0.877700381513 0.661769
TCGA-AA-3526-01 0.75 0.69 0.823951062599 0.7027886
TCGA-AF-5654-01 0.51 0.74 0.942108312706 0.7708737
TCGA-AF-A56N-01 0.62 NA 0.874843863127 0.7607152
TCGA-G4-6626-01 0.63 0.58 0.954359202446 NA
TCGA-G4-6628-01 0.36 0.52 0.709849916772 0.5272954
TCGA-CK-4948-01 0.53 0.31 0.827985908453 0.7024442
TCGA-DC-6158-01 0.66 0.53 0.705224176086 NA
TCGA-CM-5863-01 0.35 0.32 0.806531769458 0.2908673
TCGA-DC-5337-01 0.56 0.73 0.867870881207 0.7424954
TCGA-CA-5797-01 0.56 0.55 0.856194557363 0.9678475
TCGA-AH-6549-01 NA 0.37 0.862056566041 NA
TCGA-AA-3930-01 0.66 0.55 NA 0.6992186
TCGA-AA-3844-01 0.77 0.72 NA 0.8127056
TCGA-AG-A02N-01 0.64 0.79 NA NA
TCGA-AA-3860-01 0.71 0.75 NA 0.7791286
TCGA-CM-5341-01 0.49 0.52 NA 0.7230588
TCGA-G4-6303-01 0.83 0.7 0.853616452 NA
TCGA-F4-6704-01 0.55 0.4 0.702012707003 0.259142
TCGA-AA-A01X-01 0.86 0.6 0.923432159045 0.8997373
TCGA-AA-3869-01 0.62 0.6 NA 0.9752158
TCGA-CM-5348-01 0.52 0.52 0.705420854853 NA
TCGA-AA-A017-01 0.83 0.57 NA NA
TCGA-EI-6506-01 0.62 0.3 0.853769229275 0.4765639
TCGA-AG-3892-01 0.2 0.45 NA 0.3845653
TCGA-CK-5915-01 0.66 0.82 0.963846741007 NA
TCGA-AA-3877-01 0.39 0.51 NA 0.5265259
TCGA-AA-3558-01 0.75 0.83 NA 0.9712211
TCGA-AA-3527-01 0.68 0.75 NA 0.8861871
TCGA-A6-2678-01 0.75 0.75 NA 0.7653459
TCGA-DY-A1DF-01 0.93 0.82 0.927912522345 NA
TCGA-AA-A01T-01 0.66 0.65 NA NA
TCGA-AA-3684-01 0.39 0.26 NA 0.3208945
TCGA-AD-6895-01 0.43 0.55 0.816049022398 0.5617062
TCGA-4T-AA8H-01 0.36 NA 0.977622639886 0.9312105
TCGA-F4-6856-01 0.33 0.58 0.899681654703 NA
TCGA-EI-6509-01 0.86 0.65 0.907473363785 NA
TCGA-A6-2685-01 0.52 0.24 0.679421937255 0.3256822
TCGA-F4-6854-01 0.48 0.63 0.850329852936 NA
TCGA-CK-5912-01 0.71 0.62 0.903493037032 NA
TCGA-AA-3667-01 0.77 0.64 NA 0.8031399
TCGA-AG-A015-01 NA 0.84 NA 0.8024436
TCGA-F5-6812-01 0.49 0.51 0.740938777439 0.6132056
TCGA-AA-3693-01 0.8 0.85 NA 0.853751
TCGA-AA-A02J-01 0.85 0.7 NA 0.6968596
TCGA-CM-6674-01 0.43 0.53 0.810801586209 NA
TCGA-D5-6531-01 0.52 0.62 0.802860584733 0.9317725
TCGA-AG-4021-01 0.98 0.74 0.839242531373 0.7603703
TCGA-WS-AB45-01 0.24 NA 0.396647289218 0.2928218
TCGA-D5-6931-01 0.34 0.49 0.817657545768 0.9736997
TCGA-G4-6311-01 0.47 0.41 0.81242715815 0.8777518
TCGA-AG-3726-01 0.58 0.71 NA NA
TCGA-AA-3660-01 0.97 0.65 0.890615566279 0.7000309
TCGA-AG-A011-01 0.48 0.56 NA 0.9179408
TCGA-AA-3532-01 0.54 0.4 NA 0.3848274
TCGA-AA-3531-01 0.96 0.84 NA 0.9131075
TCGA-AG-3890-01 0.47 0.53 NA 0.6349995
TCGA-AA-3841-01 0.8 0.6 NA NA
TCGA-CM-5861-01 0.57 0.76 0.92552260257 0.6997105
TCGA-CM-6168-01 0.51 0.47 0.684347435253 0.2958688
TCGA-CM-5344-01 0.45 0.53 0.862286469667 0.7961312
TCGA-NH-A6GB-01 0.62 NA 0.879944396677 0.6215183
TCGA-AA-A01Z-01 0.78 0.78 0.956026250978 0.7626478
TCGA-AA-3678-01 0.63 0.62 NA 0.6324725
TCGA-F4-6463-01 0.34 0.58 0.834215173825 0.5441241
TCGA-A6-6780-01 0.46 0.41 0.772216602436 0.6925658
TCGA-AA-3939-01 0.6 NA NA NA
TCGA-AA-3544-01 0.7 0.66 NA NA
TCGA-AA-A024-01 0.61 0.53 NA 0.7838795
TCGA-A6-5666-01 0.59 0.71 0.947061354816 0.8555388
TCGA-A6-5657-01 0.5 0.3 0.798453994368 0.8997101
TCGA-BM-6198-01 0.58 0.62 0.759092439539 0.6351293
TCGA-CK-6747-01 0.6 0.78 0.877235935734 0.7621845
TCGA-G4-6298-01 0.38 0.39 0.935072007328 NA
TCGA-G4-6297-01 0.47 0.54 0.768745520038 0.9762233
TCGA-CK-4951-01 0.3 0.62 0.727596212536 0.6137762
TCGA-AF-2689-01 0.85 0.6 NA NA
TCGA-AZ-4308-01 0.69 0.68 NA 0.6618401
TCGA-DY-A1DC-01 0.58 0.71 0.867684384799 0.7082416
TCGA-F5-6813-01 0.5 0.62 0.816684522212 0.6653283
TCGA-CM-6676-01 0.9 0.41 0.901411004574 0.7148929
TCGA-5M-AAT6-01 0.34 NA 0.696497649634 0.9706375
TCGA-AA-3666-01 0.77 0.76 NA NA
TCGA-A6-2677-01 0.74 0.76 0.85505775743 0.9084919
TCGA-AA-3506-01 0.3 0.66 0.830420050833 0.6227468
TCGA-AA-A010-01 0.39 0.82 NA NA
TCGA-AA-3973-01 0.67 0.81 NA 0.8389606
TCGA-CM-6170-01 0.61 0.53 0.827373208255 0.7266247
TCGA-D5-5537-01 0.67 0.68 0.888135292004 NA
TCGA-AF-2692-01 NA 0.69 NA NA
TCGA-G4-6588-01 0.63 0.49 0.86806047192 0.5958837
TCGA-D5-6930-01 0.34 0.53 0.759365276266 0.3696892
TCGA-AA-A01R-01 0.63 0.65 NA NA
TCGA-AA-3673-01 0.6 0.69 NA 0.8280748
TCGA-5M-AAT5-01 0.7 NA 0.960034677252 0.849303
TCGA-EF-5830-01 0.56 0.81 0.912487025497 0.8994818
TCGA-A6-6650-01 0.7 0.65 0.942706951138 NA
TCGA-DM-A1DA-01 0.72 0.84 0.945724186982 NA
TCGA-DM-A288-01 0.65 0.64 0.958920071087 NA
TCGA-CM-6677-01 0.51 0.49 0.826917538513 NA
TCGA-F4-6461-01 0.55 0.57 0.804126908068 0.5828969
TCGA-AA-3854-01 0.75 0.83 NA 0.8496124
TCGA-DM-A28E-01 0.76 0.57 0.969145821035 0.8391139
TCGA-CK-6748-01 0.72 0.7 0.774581831095 0.6788895
TCGA-AZ-6603-01 0.6 0.68 0.807929083364 NA
TCGA-AA-3520-01 0.78 0.69 NA 0.6508874
TCGA-A6-6781-01 0.31 0.46 0.418698636044 0.4579909
TCGA-AY-6197-01 0.34 0.75 0.907729961132 0.7555578
TCGA-G4-6304-01 0.38 NA 0.930641077614 0.1969755
TCGA-EI-6510-01 0.55 0.85 0.946117760141 0.6999033
TCGA-D5-5538-01 0.66 0.64 0.72784020927 NA
TCGA-G4-6314-01 0.46 0.52 0.810279773449 0.8688868
TCGA-QG-A5Z2-01 0.25 0.6 0.90234754239 0.5288773
TCGA-NH-A50V-01 0.46 0.6 0.811219597452 NA
TCGA-AA-3811-01 0.39 0.49 NA NA
TCGA-EI-7002-01 NA 0.72 0.854400332754 NA
TCGA-AY-A69D-01 0.87 NA 0.927913721755 0.7411186
TCGA-AG-3598-01 0.83 0.77 NA 0.678977
TCGA-DM-A28F-01 0.72 0.64 0.940915274397 0.6847135
TCGA-A6-6782-01 0.47 0.45 0.733407866872 0.6517262
TCGA-D5-6541-01 0.59 0.59 0.711375137801 NA
TCGA-AA-3858-01 0.62 0.53 NA NA
TCGA-D5-6538-01 0.87 0.88 0.975400563142 NA
TCGA-D5-5540-01 0.81 0.76 0.900522663737 0.8710991
TCGA-F4-6807-01 0.46 0.53 0.661343353785 0.5796601
TCGA-AF-2693-01 0.82 0.61 0.842124089029 0.6005737
TCGA-F4-6808-01 0.69 0.56 0.945689325235 0.7094419
TCGA-EI-6917-01 0.27 0.55 0.678079719214 0.5187872
TCGA-AF-6672-01 0.62 0.63 0.918709072763 0.9570375
TCGA-DY-A0XA-01 0.66 0.59 0.921758455474 0.6845092
TCGA-CK-4952-01 0.8 0.84 0.900795838632 0.8344739
TCGA-AG-3882-01 0.52 0.59 NA 0.9031955
TCGA-QG-A5YX-01 0.75 0.8 0.956984754493 0.826437
TCGA-AG-A026-01 0.91 0.86 NA NA
TCGA-AG-3583-01 0.59 0.57 NA 0.7807946
TCGA-A6-5660-01 0.73 0.59 0.856921163473 NA
TCGA-AF-6655-01 0.58 0.42 0.828468886338 0.6174288
TCGA-DM-A28G-01 0.51 0.67 0.937825474944 0.6886061
TCGA-CM-6172-01 0.69 0.54 0.87931536436 0.7108995
TCGA-AA-3947-01 0.31 0.57 NA 0.7557071
TCGA-DM-A0XF-01 0.75 0.45 0.883244571793 0.6090758
TCGA-AA-3514-01 0.63 0.67 NA 0.8146622
TCGA-AA-3517-01 0.65 0.71 NA 0.8433071
TCGA-D5-6926-01 0.52 0.46 0.770255206195 0.7905439
TCGA-A6-6651-01 0.39 0.39 0.584652350478 0.690804
TCGA-SS-A7HO-01 0.79 NA 0.968791920294 0.9693806
TCGA-AZ-6607-01 0.64 0.34 0.674458477938 0.8653191
TCGA-AF-2690-01 0.54 0.39 0.485292595871 0.4298774
TCGA-F4-6570-01 0.49 0.67 0.659636442363 0.611447
TCGA-CM-6678-01 0.43 0.64 0.927592141128 0.7765635
TCGA-AG-4008-01 0.43 0.5 NA 0.6813361
TCGA-A6-3807-01 0.48 0.44 NA 0.7515661
TCGA-AY-A8YK-01 0.53 NA 0.927310796691 0.9791547
TCGA-AA-3976-01 NA 0.62 NA NA
TCGA-AG-A01J-01 0.7 0.48 NA NA
TCGA-CM-6165-01 0.71 0.67 0.799117016285 NA
TCGA-D5-5539-01 0.62 0.58 0.801218741954 0.5858798
TCGA-AH-6644-01 0.65 0.56 0.800508579743 0.600971
TCGA-EI-6511-01 0.87 0.62 0.700449906779 NA
TCGA-NH-A6GA-01 0.64 NA 0.913441913335 0.8035989
TCGA-AD-6889-01 0.59 0.9 0.915631092091 0.8775717
TCGA-AZ-6598-01 0.78 NA 0.838413849718 0.7783448
TCGA-D5-6927-01 0.44 0.34 0.748827544133 0.5116466
TCGA-AA-A02W-01 0.93 0.64 NA 0.9687033
TCGA-AD-6548-01 0.46 0.55 0.778305565487 0.5260465
TCGA-AA-3848-01 0.6 0.72 NA 0.7342088
TCGA-AU-6004-01 0.2 0.49 0.762310693515 0.44445
TCGA-AA-3870-01 0.5 0.57 NA 0.6182189
TCGA-AA-3522-01 0.96 0.46 NA 0.4685201
TCGA-NH-A8F8-01 0.54 NA 0.859567087874 0.7010385
TCGA-AA-3819-01 0.56 0.7 NA 0.7030507
TCGA-G4-6317-02 0.83 0.76 0.952067181359 NA
TCGA-G4-6306-01 0.7 0.74 0.954892173726 0.7017707
TCGA-F4-6569-01 0.53 0.41 0.641111733294 0.8082519
TCGA-DM-A1HA-01 0.91 0.89 0.970960452559 NA
TCGA-AA-3521-01 0.89 0.66 NA 0.573485
TCGA-AZ-4614-01 0.78 0.69 0.955311772823 0.8507655
TCGA-NH-A8F7-01 0.57 NA 0.971234323451 NA
TCGA-AA-3850-01 0.53 0.45 NA 0.4275124
TCGA-D5-6535-01 0.83 0.58 0.843624982633 0.9524353
TCGA-F5-6465-01 0.46 0.55 0.689788222219 0.5744046
TCGA-A6-2684-01 0.42 0.57 0.682280374013 NA
TCGA-A6-A565-01 0.2 NA 0.694430192263 0.163989
TCGA-AF-3911-01 0.73 0.73 0.853954612531 NA
TCGA-AA-3955-01 0.91 0.64 NA 0.9636074
TCGA-DM-A282-01 0.56 0.54 0.935529944264 0.7280169
TCGA-AG-A008-01 0.7 0.81 NA 0.9283517
TCGA-G5-6572-02 0.31 0.25 0.798697814998 NA
TCGA-AA-3681-01 0.94 0.54 NA NA
TCGA-G5-6641-01 0.54 0.5 NA 0.8144202
TCGA-RU-A8FL-01 0.59 NA NA NA
TCGA-AA-3561-01 0.92 0.68 NA 0.8118317
TCGA-CK-4950-01 0.29 0.44 0.825271427428 0.4036423
TCGA-AD-6963-01 0.46 0.28 0.870771173302 0.4086757
TCGA-F4-6805-01 0.53 0.41 0.719601957358 0.4299973
TCGA-AF-2691-01 0.49 0.46 NA 0.3789624
TCGA-AG-3885-01 0.66 0.72 NA NA
TCGA-AD-A5EJ-01 0.34 0.69 0.904883632731 0.6438484
TCGA-DM-A0XD-01 0.51 0.66 0.907533324855 0.6513111
TCGA-G4-6293-01 0.35 0.61 0.831717427027 NA
TCGA-AA-3524-01 0.69 0.77 NA 0.7208707
TCGA-A6-6654-01 0.37 0.33 0.562946780457 0.3026337
TCGA-CL-5918-01 0.87 0.71 0.931530516267 NA
TCGA-AD-6888-01 0.62 0.49 0.971520918485 0.5980727
TCGA-AF-3400-01 0.39 0.28 NA 0.1851951
TCGA-AF-A56L-01 0.53 NA 0.89568313629 0.6088462
TCGA-G4-6586-01 0.53 0.68 0.898132814371 0.6639593
TCGA-QL-A97D-01 0.6 NA 0.888017059334 NA
TCGA-CM-4746-01 0.77 0.81 NA 0.7671339
TCGA-A6-4105-01 0.5 0.63 0.759212805765 0.7072736
TCGA-AZ-5403-01 0.5 0.48 0.83164461854 0.7235503
TCGA-CA-6717-01 0.24 0.43 0.676117022129 0.2783927
TCGA-AG-3909-01 0.62 0.57 NA 0.8336973
TCGA-AG-A02X-01 0.91 0.75 NA NA
TCGA-D5-6920-01 0.66 0.26 0.851655805996 0.965194
TCGA-CA-5254-01 0.74 0.67 0.881422477751 NA
TCGA-AZ-4615-01 0.49 0.64 0.742803528414 0.7166078
TCGA-AG-3894-01 0.53 NA NA 0.7720671
TCGA-DC-6683-01 0.65 0.61 0.880700005067 0.6664958
TCGA-AA-3986-01 0.52 0.56 NA 0.5599134
TCGA-AA-A03F-01 0.68 0.75 NA 0.6885342
TCGA-AA-A029-01 0.66 0.78 NA 0.9159495
TCGA-AA-3989-01 0.62 0.48 NA NA
TCGA-AA-3971-01 0.95 0.49 NA 0.5217816
TCGA-AA-3845-01 0.42 NA NA 0.505265
TCGA-AA-3846-01 0.65 0.53 NA 0.9735419
TCGA-AD-A5EK-01 0.83 0.75 0.932483341887 0.7727984
TCGA-DM-A1D8-01 0.5 0.66 0.949792117345 NA
TCGA-A6-A567-01 0.59 0.57 0.921124362607 0.5951396
TCGA-AG-4001-01 0.49 0.45 NA NA
TCGA-AG-3574-01 0.75 0.77 NA 0.7388418
TCGA-AG-A01W-01 0.39 0.62 NA 0.9166609
TCGA-AA-A01K-01 0.5 0.55 NA NA
TCGA-AY-A71X-01 0.59 NA NA 0.8728723
TCGA-AA-3489-01 0.32 0.32 0.540243261919 0.3643882
TCGA-DC-6154-01 0.73 0.8 0.904359023608 0.7854984
TCGA-DY-A1DG-01 0.83 0.84 0.970072298087 NA
TCGA-G4-6323-01 0.6 0.62 NA 0.5859973
TCGA-AG-4022-01 0.9 0.45 0.776031213343 NA
TCGA-AG-3732-01 0.67 0.69 0.836705175969 0.6459777
TCGA-AA-3950-01 0.54 0.33 NA 0.3206369
TCGA-D5-6530-01 0.42 0.71 0.804612934944 NA
TCGA-F4-6806-01 0.67 0.46 0.870358176706 0.4160236
TCGA-CK-5914-01 0.68 0.5 0.880614634691 NA
TCGA-D5-6929-01 0.53 0.3 0.800680108175 0.7814602
TCGA-AF-A56K-01 0.51 NA 0.795406380756 0.3626989
TCGA-AG-4005-01 0.76 0.66 NA NA
TCGA-AA-3866-01 0.46 0.46 NA NA
TCGA-AM-5820-01 0.69 0.7 0.895070275505 0.763678
TCGA-CM-5860-01 0.48 0.5 0.757846138593 0.8887862
TCGA-CM-4744-01 0.51 NA 0.882770606068 0.8871761
TCGA-DC-5869-01 0.49 0.55 0.875584177802 NA
TCGA-CA-6715-01 0.73 0.81 0.958388181125 0.8661476
TCGA-CI-6623-01 0.48 0.47 0.879593174568 0.5964931
TCGA-AA-3833-01 0.27 0.21 NA 0.3731077
TCGA-EI-7004-01 0.45 0.5 0.588876705572 NA
TCGA-AA-3982-01 0.56 0.33 NA 0.3911729
TCGA-DM-A28M-01 0.6 0.59 0.96805011697 NA
TCGA-AD-6901-01 0.67 0.46 0.726069681152 NA
TCGA-AA-A02H-01 0.74 0.69 NA NA
TCGA-A6-6137-01 0.37 0.58 0.86766805628 0.5884157
TCGA-D5-6536-01 0.7 0.57 0.83370172014 NA
TCGA-CA-5255-01 0.38 0.3 0.958597719062 0.3591465
TCGA-AG-A023-01 0.44 0.61 NA 0.4818016
TCGA-AA-3956-01 0.53 0.48 NA NA
TCGA-AA-3675-01 0.43 0.78 0.896446819721 0.7471183
TCGA-AD-5900-01 0.48 0.56 0.78581185803 NA
TCGA-AA-3812-01 0.48 0.41 NA NA
TCGA-AA-A022-01 0.56 0.66 NA 0.6844787
TCGA-AA-3530-01 0.4 0.69 NA 0.7674573
TCGA-AD-6965-01 0.68 0.7 0.918808646628 0.9741971
TCGA-AH-6897-01 0.65 0.75 0.951139861389 NA
TCGA-G4-6299-01 0.7 0.55 0.774916891486 NA
TCGA-A6-5667-01 0.69 0.67 0.890362934669 NA
TCGA-AG-3591-01 0.97 0.74 0.89393702762 0.7803794
TCGA-AA-A03J-01 0.47 0.44 NA 0.6118912
TCGA-CA-5256-01 0.71 0.68 0.871888103834 0.8092356
TCGA-A6-A566-01 0.29 0.25 0.524124905117 0.4068732
TCGA-AH-6547-01 0.65 0.23 0.659609277372 0.8423726
TCGA-AA-3548-01 0.7 0.54 NA 0.7530841
TCGA-D5-6532-01 0.75 0.69 0.934797768695 NA
TCGA-CK-5913-01 0.55 0.67 0.823649116476 NA
TCGA-AG-A020-01 0.79 0.69 NA 0.7722492
TCGA-F5-6861-01 0.3 0.51 0.911345709233 0.5093003
TCGA-AA-3697-01 0.51 0.57 0.877138545697 0.7712317
TCGA-AA-3952-01 0.93 0.67 NA 0.7123727
TCGA-AA-3655-01 0.66 0.77 0.863191923435 NA
TCGA-AZ-4315-01 0.3 0.68 0.854774172316 NA
TCGA-AF-4110-01 0.53 0.45 0.746491571461 NA
TCGA-CI-6621-01 0.49 0.56 0.793844601799 0.8349062
TCGA-5M-AATE-01 0.67 NA 0.931538565259 NA
TCGA-AG-A00Y-01 0.63 0.64 NA NA
TCGA-EI-6507-01 0.5 0.59 0.74211100777 0.5099941
TCGA-AA-3818-01 0.61 0.71 NA 0.8355797
TCGA-CM-5862-01 0.79 0.69 0.911268359874 NA
TCGA-AZ-6608-01 0.62 0.82 0.975904566806 NA
TCGA-D5-6898-01 0.57 0.54 0.803052670565 NA
TCGA-AA-A02O-01 0.75 0.79 NA 0.7791006
TCGA-AA-3831-01 0.49 0.63 NA 0.7271048
TCGA-AA-3511-01 0.53 0.49 0.839865763768 0.9731978
TCGA-G4-6321-01 0.23 0.55 0.886162699649 0.4479631
TCGA-G4-6302-01 0.21 0.37 0.681344795847 0.4660408
TCGA-CA-6718-01 0.3 0.43 0.746583284761 0.5718758
TCGA-D5-6922-01 0.52 0.64 0.822858846353 NA
TCGA-3L-AA1B-01 0.43 NA 0.878585206829 0.5629716
TCGA-D5-6928-01 0.32 0.59 0.436473717678 0.3187577
TCGA-AG-A025-01 0.67 0.74 NA 0.7322238
TCGA-AA-3814-01 0.41 0.56 NA 0.6028042
TCGA-AA-3856-01 0.64 0.53 NA NA
TCGA-AD-6890-01 0.55 0.56 0.879845965894 0.4823869
TCGA-AM-5821-01 0.45 0.37 0.775315732873 0.6222071
TCGA-CA-5796-01 0.53 0.67 0.902108913536 0.8165481
TCGA-CI-6620-01 0.82 0.42 0.884862472924 0.5971615
TCGA-CM-6162-01 0.54 0.56 0.560850809052 0.4519668
TCGA-AA-3685-01 0.59 0.6 0.772065701486 0.9230132
TCGA-F4-6703-01 0.29 0.32 0.419942805843 0.2016498
TCGA-EI-6883-01 0.59 0.75 NA 0.8119572
TCGA-A6-6138-01 0.49 0.61 0.701749199435 NA
TCGA-D5-6537-01 0.75 0.72 0.936717459067 0.733821
TCGA-DM-A285-01 0.56 NA 0.924670692235 0.3927745
TCGA-AA-3519-01 0.67 0.65 NA 0.7044197
TCGA-NH-A5IV-01 0.36 NA 0.80022014046 0.7732552
TCGA-CM-5349-01 0.36 0.53 0.798979130125 0.4920657
TCGA-AG-A014-01 0.84 0.69 NA NA
TCGA-CI-6624-01 0.52 0.32 0.788256879332 0.2759594
TCGA-AA-3994-01 0.73 0.74 NA 0.7477926
TCGA-G4-6309-01 0.64 0.78 0.925438926192 0.754304
TCGA-A6-4107-01 0.37 0.51 NA 0.3353132
TCGA-AA-3842-01 0.66 0.66 NA NA
TCGA-CM-4752-01 0.42 0.45 NA 0.4591132
TCGA-AA-A02K-01 NA 0.5 0.939204637162 NA
TCGA-CM-6675-01 0.74 0.83 0.923385592792 0.8327511
TCGA-AG-A002-01 0.65 NA NA NA
TCGA-DM-A1D9-01 0.82 0.77 0.940876155706 0.7403637
TCGA-DC-4749-01 0.78 0.66 0.925274652257 NA
TCGA-CA-6719-01 0.61 0.56 0.793102941813 0.7047713
TCGA-DC-6682-01 0.47 0.47 0.930998524684 NA
TCGA-CA-6716-01 0.65 0.76 0.919538006705 NA
TCGA-AG-3902-01 0.68 0.49 NA 0.5488593
TCGA-EI-6508-01 0.62 0.62 0.914744083115 0.7410854
TCGA-AZ-6600-01 0.64 0.48 0.782787044671 0.7928104
TCGA-G4-6294-01 0.81 0.79 0.904934083957 NA
TCGA-AG-3893-01 0.6 0.7 NA 0.7313134
TCGA-AG-A02G-01 0.75 0.68 NA NA
TCGA-D5-6923-01 0.56 0.44 0.824138260611 NA
TCGA-F5-6810-01 0.8 0.62 0.848423397851 NA
TCGA-CM-6169-01 0.93 0.65 0.624428714259 0.7954218
TCGA-AA-A01D-01 0.7 0.55 NA 0.9649591
TCGA-CM-4748-01 0.34 0.63 NA 0.6531986
TCGA-AA-A00N-01 0.25 0.97 NA 0.4336631
TCGA-F5-6864-01 0.51 0.47 0.770746142289 NA
TCGA-AG-3901-01 0.32 0.44 NA 0.4060443
TCGA-D5-7000-01 0.46 0.64 0.83992098631 NA
TCGA-G4-6322-01 0.56 0.82 0.900195661894 0.8451585
TCGA-G4-6310-01 0.48 0.53 0.932866124894 0.8385755
TCGA-AA-3821-01 0.42 0.46 NA NA
TCGA-AA-A004-01 0.5 0.53 NA 0.5688393
TCGA-AG-3898-01 0.59 0.54 NA 0.6738362
TCGA-AG-3602-01 0.46 0.61 NA 0.6796305
TCGA-AA-3875-01 0.35 0.35 NA 0.5058955
TCGA-AY-4071-01 0.57 0.6 NA NA
TCGA-G4-6307-01 0.7 0.69 0.961797302165 NA
TCGA-DM-A28H-01 0.95 0.7 0.957107755267 0.7799858
TCGA-EI-6882-01 0.45 0.73 0.878619566504 0.7410517
TCGA-CI-6622-01 0.52 0.64 0.936850485075 0.6250549
TCGA-AA-3538-01 0.55 0.66 NA 0.7163337
TCGA-D5-6932-01 0.62 0.61 0.83738405536 0.7398303
TCGA-AA-3864-01 0.31 0.69 NA NA
TCGA-QG-A5YV-01 0.62 0.62 0.935178790616 0.7515847
TCGA-AA-3679-01 0.75 0.78 NA 0.7410177
TCGA-AA-3662-01 0.66 0.72 0.80536067385 NA
TCGA-NH-A6GC-01 0.72 NA 0.884043242585 NA
TCGA-AA-A01C-01 0.55 0.63 NA 0.8645702
TCGA-AZ-6599-01 0.66 0.84 0.970215521752 0.7242871
TCGA-AH-6903-01 0.59 0.6 0.947418547436 0.6006743
TCGA-AA-3529-01 0.88 0.61 NA 0.5827829
TCGA-CK-6746-01 0.46 0.82 0.827485634336 0.8241501
TCGA-AG-3881-01 0.61 0.62 NA NA
TCGA-5M-AAT4-01 0.5 NA 0.955219252937 NA
TCGA-AY-4070-01 0.7 0.32 NA 0.4772636
TCGA-CM-4750-01 0.62 0.61 NA 0.8885864
TCGA-A6-6652-01 0.73 0.8 0.952665468447 0.8121319
TCGA-AA-3680-01 0.54 0.57 NA 0.7705528
TCGA-AA-A01P-01 0.2 0.28 0.672614784324 0.4017027
TCGA-CL-4957-01 0.85 0.63 0.920348256673 0.9046129
TCGA-QG-A5Z1-01 0.75 0.56 0.888754011077 0.7838166
TCGA-CM-5868-01 0.58 0.5 0.874754811632 0.891182
TCGA-D5-6540-01 0.32 0.7 0.862198526312 0.7291786
TCGA-A6-3809-01 0.32 0.4 0.747646788303 0.5626107
TCGA-F4-6460-01 0.88 0.61 0.822911541334 0.6118184
TCGA-A6-6649-01 0.59 NA 0.818988809757 0.5728727
TCGA-G4-6295-01 0.61 0.66 0.836719226213 0.9433243
TCGA-AG-3731-01 0.56 0.47 0.66815484399 0.484745
TCGA-A6-2686-01 0.55 0.53 0.67413468063 0.5635785
TCGA-AZ-6601-01 0.61 0.49 0.725434556338 0.4605272
TCGA-AA-3663-01 0.35 0.66 0.876195741529 0.7255709
TCGA-AZ-4681-01 0.73 0.8 NA 0.857323
TCGA-AU-3779-01 0.57 0.55 0.780415824736 0.8775975
TCGA-AF-3913-01 0.64 0.69 NA NA
TCGA-AG-3883-01 0.45 0.54 NA NA
TCGA-F5-6811-01 0.57 0.55 0.769056397133 0.9672079
TCGA-AG-3742-01 NA 0.73 0.88333265539 0.7684196
TCGA-AA-A01S-01 0.85 0.84 NA 0.8341854
TCGA-AY-6196-01 0.38 0.38 0.366970206023 0.3851587
TCGA-CM-4743-01 0.29 0.43 0.861190918532 0.8232219
TCGA-DM-A1D6-01 0.73 0.83 NA 0.8671068
TCGA-F4-6459-01 0.66 0.45 0.801618034477 0.8112994
TCGA-A6-6648-01 0.6 0.48 0.937123916863 0.5190266
TCGA-AA-3872-01 0.46 0.5 NA 0.6551064
TCGA-A6-5659-01 0.71 0.54 0.893687455993 NA
TCGA-EI-6884-01 0.5 0.27 0.797650514128 0.3036053
TCGA-DY-A1DD-01 0.79 0.81 0.939004671682 0.8807762
TCGA-DM-A1HB-01 0.31 0.46 0.928633277375 0.708818
TCGA-AG-3580-01 0.61 0.47 NA 0.665026
TCGA-A6-A56B-01 0.69 0.61 0.901044791501 NA
TCGA-4N-A93T-01 0.69 NA 0.96245348249 0.8239239
TCGA-DM-A28A-01 0.72 0.65 0.907966130536 0.8367078
TCGA-G4-6320-01 0.38 0.3 0.942317923703 0.7951464
TCGA-AY-A54L-01 0.46 0.46 NA 0.9689389
TCGA-D5-5541-01 0.72 0.56 0.80186206598 0.7644761
TCGA-D5-6529-01 0.57 0.39 0.684806721406 0.3761096
TCGA-D5-6539-01 0.27 0.28 0.88012327877 0.3820082
TCGA-AA-3949-01 0.31 0.43 NA 0.9794227
TCGA-A6-6653-01 0.57 0.8 0.856320538791 0.7978646
TCGA-AH-6643-01 0.7 0.63 0.897880180628 NA
TCGA-AA-3715-01 0.33 NA NA 0.9101784
TCGA-NH-A50T-01 0.47 0.97 0.960756968291 NA
TCGA-EI-6512-01 0.79 0.6 0.891231375729 0.939567
TCGA-F5-6702-01 0.5 0.51 0.678665651329 0.9561877
TCGA-AG-3599-01 0.31 0.61 NA 0.7539228
TCGA-AH-6544-01 0.5 0.43 0.97201166654 0.4282657
TCGA-D5-6924-01 0.54 0.46 0.736938639642 0.7445771
TCGA-AA-A01V-01 0.6 0.8 NA 0.791364
TCGA-AG-A01N-01 0.63 0.45 NA 0.7030864
TCGA-AA-A02E-01 0.69 0.59 NA 0.858777
TCGA-AG-3999-01 0.79 0.68 NA NA
TCGA-CM-6163-01 0.51 0.44 0.789759826092 NA
TCGA-AG-3605-01 0.6 0.64 NA 0.7209435
TCGA-DM-A0X9-01 0.47 0.96 0.907925500977 0.7800909
TCGA-A6-5662-01 0.88 0.73 0.906937607135 0.9553753
TCGA-EI-6881-01 0.61 0.56 0.914758254812 0.698004
TCGA-CM-6680-01 0.57 0.68 0.784785782499 0.6698623
TCGA-AA-3692-01 0.63 0.63 NA 0.7610335
TCGA-AA-3664-01 0.69 0.79 NA 0.8306007
TCGA-CM-6679-01 0.69 0.39 0.785643941863 0.4452869
TCGA-AA-3710-01 0.26 0.38 NA 0.4110365
TCGA-AA-3534-01 0.69 0.75 NA 0.6942398
TCGA-AA-A02F-01 0.71 0.84 NA 0.8723836
TCGA-NH-A50U-01 0.78 NA 0.910554076233 NA
TCGA-AG-3727-01 0.84 0.82 NA 0.8711858
TCGA-A6-5661-01 0.64 0.48 0.70373215907 0.6287037
TCGA-CM-6167-01 0.56 0.33 0.647981619396 0.8615893
TCGA-A6-5656-01 0.81 0.71 0.942514424064 0.7841888
TCGA-DM-A1DB-01 0.71 0.74 0.953812452586 0.8340156
TCGA-AZ-6605-01 0.38 0.3 0.671555570874 0.2403135
TCGA-A6-2683-01 0.92 0.77 NA 0.5141006
TCGA-A6-5665-01 0.69 0.66 0.909788739488 0.674716
TCGA-DM-A1D7-01 0.58 0.57 0.917311299808 0.5988909
TCGA-AZ-6606-01 0.67 0.58 0.94813496785 0.7817473
TCGA-F5-6814-01 0.37 0.67 0.848129533218 0.6964936
TCGA-DC-6160-01 0.77 0.66 0.879134967891 0.6135694
TCGA-AA-3713-01 0.42 0.37 0.830077267379 NA
TCGA-AZ-5407-01 0.3 0.38 0.905054170369 0.716853
TCGA-AG-3581-01 0.51 0.62 NA 0.6042954
TCGA-G4-6317-01 0.73 0.67 NA 0.8054362
TCGA-G5-6233-01 0.82 0.62 0.890271490064 NA
TCGA-AA-A00Z-01 0.62 0.55 NA NA
TCGA-A6-2675-01 0.42 0.46 0.734107261468 NA
TCGA-CM-6164-01 0.45 0.49 0.874976941611 0.9283231
TCGA-CK-5916-01 0.33 0.57 0.745236919247 NA
TCGA-AA-3556-01 0.48 0.55 NA 0.7930217
TCGA-A6-2681-01 0.53 0.44 NA 0.8037465
TCGA-A6-5664-01 0.3 0.39 0.723673774055 0.2469653
TCGA-AA-A01I-01 0.34 0.45 NA 0.6975046
TCGA-AG-A032-01 0.72 0.6 NA 0.953986
TCGA-EI-6513-01 0.67 0.79 0.892177125066 0.8470898
TCGA-AZ-4616-01 0.45 0.49 0.860927113642 0.5204286
TCGA-AA-3560-01 0.56 0.53 NA 0.5546265
TCGA-DM-A280-01 0.53 0.37 0.902379296487 0.3206669
TCGA-DC-6681-01 0.51 0.57 0.844506956948 0.5322224
TCGA-A6-2671-01 0.98 0.66 NA NA
TCGA-AG-4007-01 0.83 0.68 NA NA
TCGA-AY-5543-01 0.68 0.64 0.894477903565 0.6552464
TCGA-AZ-4323-01 0.39 NA 0.648883502074 0.1968343
TCGA-A6-3810-01 0.48 0.51 0.761301455345 0.9110943
TCGA-CK-4947-01 0.51 0.56 0.791749344569 0.9798093
TCGA-F5-6464-01 0.51 0.33 0.624881462441 0.4597636
TCGA-AG-3594-01 NA 0.6 NA 0.6332153
TCGA-F4-6809-01 0.42 0.38 0.761663400311 0.5338138
TCGA-D5-6534-01 0.44 0.22 0.480660196086 0.3226038
TCGA-AA-3852-01 0.44 0.66 NA 0.68416
TCGA-AA-3851-01 0.64 0.55 NA 0.9143196
TCGA-AZ-4682-01 0.47 0.73 0.913741082852 0.7840159
TCGA-NH-A8F7-06 0.83 NA NA NA
TCGA-AA-3815-01 NA 0.54 NA NA
TCGA-AA-3966-01 0.52 0.54 NA 0.6631972
TCGA-AF-2687-01 0.62 0.46 0.638673797105 0.5893925
TCGA-CM-6161-01 0.45 0.4 0.832014043346 0.6755485
TCGA-AA-3672-01 0.46 0.66 NA 0.6693641
TCGA-QG-A5YW-01 0.62 0.61 0.858100323452 0.8973694
TCGA-AA-3496-01 0.95 0.59 0.736210197306 0.7081188
TCGA-AA-A00O-01 0.78 0.59 NA 0.6035187
TCGA-AA-3549-01 0.94 0.7 NA 0.7403872
TCGA-AA-3510-01 0.29 0.63 NA 0.6516832
TCGA-CM-5864-01 0.59 0.65 0.898461651542 0.7153946
TCGA-AA-3975-01 0.69 0.71 NA 0.70122
TCGA-AG-3725-01 0.75 0.75 0.922358791913 NA
TCGA-CM-6166-01 0.55 0.73 0.940072519297 0.7316402
TCGA-G5-6235-01 0.51 0.2 0.96606025925 0.314267
TCGA-CK-6751-01 0.51 0.58 0.843864197979 0.6515755
TCGA-AG-A01L-01 0.74 0.72 NA 0.4877115
TCGA-AA-3695-01 0.51 0.74 NA NA
TCGA-AA-3837-01 0.31 0.52 NA 0.7981237
TCGA-G4-6625-01 0.6 0.35 0.708485383466 0.5566513
TCGA-AA-3712-01 0.67 0.64 0.849405283164 0.9638747
TCGA-G4-6627-01 0.3 NA 0.744556113462 0.2170355
TCGA-A6-6141-01 0.51 0.33 0.834686554602 0.4870607
TCGA-AG-A01Y-01 0.71 0.79 NA NA
TCGA-CM-4747-01 0.32 0.59 0.891073198 0.5550765
TCGA-DM-A1D0-01 0.91 0.79 NA 0.8447991
TCGA-A6-3808-01 NA 0.44 NA NA
TCGA-AG-3584-01 0.68 0.71 NA 0.8031221
TCGA-G5-6572-01 0.51 0.67 0.861941834141 0.7445776
TCGA-G4-6315-01 0.42 0.54 0.967049102563 0.5735122
TCGA-AA-3984-01 0.24 0.76 NA 0.5502032
TCGA-AD-6964-01 0.36 0.53 0.590759479744 0.4629716
TCGA-AD-6899-01 0.52 0.55 0.720744305632 NA
TCGA-AA-3979-01 0.78 0.81 NA 0.8872828
TCGA-A6-2674-01 0.31 0.29 0.609706233385 0.4564446
TCGA-DT-5265-01 0.53 0.64 0.772901095114 0.6410386
TCGA-AG-A00H-01 0.6 0.6 NA NA
TCGA-AA-3688-01 0.74 0.64 NA NA
TCGA-5M-AATA-01 0.43 NA 0.875704550182 NA
TCGA-AA-3867-01 0.63 0.51 NA NA
TCGA-DM-A1D4-01 0.75 0.76 0.953297912242 0.7591074
TCGA-AA-3968-01 0.76 0.64 NA 0.9641631
TCGA-F4-6855-01 NA 0.28 0.750353088367 0.9325094
TCGA-AG-3575-01 0.58 0.7 NA 0.7716569
TCGA-DY-A1H8-01 0.79 0.8 0.972071246972 0.8440117
TCGA-DC-6155-01 0.72 0.65 0.860135191835 NA
TCGA-AG-3896-01 0.81 0.64 NA NA
TCGA-DM-A28C-01 0.49 0.8 0.964813890617 0.8482691
TCGA-AA-3941-01 0.63 0.66 NA NA
TCGA-AY-6386-01 0.3 0.79 0.887772622854 0.68198
