abscnseq ascat estimate purbayes
TCGA-63-A5MB-01 NA 0.59 0.870010200435 NA
TCGA-85-8052-01 0.33 0.55 0.844538163568 0.5799412
TCGA-39-5031-01 0.42 0.32 0.736963488197 0.6968354
TCGA-46-3765-01 0.58 0.36 0.76498052699 0.4643569
TCGA-56-8504-01 0.36 0.35 0.774315485677 0.4803267
TCGA-34-2600-01 0.66 0.76 0.927819127102 NA
TCGA-60-2703-01 0.28 0.24 0.811658868244 0.2251186
TCGA-NC-A5HR-01 0.92 0.63 0.919748936128 0.9373852
TCGA-85-7697-01 0.36 0.22 0.797929114587 0.3195728
TCGA-98-8021-01 0.46 0.53 NA 0.3416315
TCGA-85-8350-01 0.51 0.48 0.762753126931 0.5372691
TCGA-63-6202-01 0.43 0.26 0.526356649697 0.7944786
TCGA-63-7020-01 0.53 0.46 0.7664750401 0.8690464
TCGA-66-2770-01 0.42 0.5 0.692359879911 0.9774891
TCGA-39-5035-01 0.47 0.43 0.682729307106 0.4351699
TCGA-56-A4ZK-01 0.5 0.35 0.743256970124 0.4626226
TCGA-18-3408-01 0.7 0.57 0.749624631435 0.7463411
TCGA-MF-A522-01 0.82 NA 0.935112832082 NA
TCGA-63-5128-01 0.7 0.68 0.894474739102 NA
TCGA-56-A5DS-01 0.31 0.27 0.785902462169 0.2850357
TCGA-63-A5MR-01 0.35 0.46 0.87602583748 0.3857434
TCGA-85-8048-01 0.29 0.24 0.541710643953 0.2049081
TCGA-33-4583-01 0.45 0.49 0.872921022393 NA
TCGA-39-5021-01 0.48 0.39 0.73039206367 0.4180361
TCGA-33-6738-01 0.48 0.34 0.887196980058 0.4634211
TCGA-90-7766-01 0.75 0.56 0.794798678029 0.5349137
TCGA-60-2721-01 0.34 0.52 0.660786605462 0.4611992
TCGA-85-8277-01 0.55 0.53 0.850819850307 NA
TCGA-66-2785-01 0.43 0.4 0.631524984834 0.6651044
TCGA-56-8625-01 0.38 0.63 0.439148599416 0.3524032
TCGA-98-A539-01 0.51 0.46 0.807377053869 0.4102552
TCGA-77-6842-01 0.46 0.43 0.611286402175 0.7224887
TCGA-98-A53J-01 0.51 0.58 0.910241563195 0.9642904
TCGA-90-7769-01 0.65 0.6 0.936670102814 NA
TCGA-85-7843-01 0.53 0.36 0.770777703569 NA
TCGA-58-8393-01 0.31 0.4 0.645977269383 0.3782965
TCGA-37-3792-01 0.42 0.34 0.495952914093 0.5476811
TCGA-43-6771-01 0.48 0.43 0.744188630515 0.4246287
TCGA-43-6773-01 0.2 NA 0.476966249032 0.1779114
TCGA-43-6770-01 0.52 0.62 0.800054723808 0.5921551
TCGA-NC-A5HL-01 0.75 0.29 0.775632588036 0.4028987
TCGA-56-8629-01 0.6 0.5 0.864964804934 NA
TCGA-52-7810-01 0.62 0.47 0.900442760693 0.6987623
TCGA-60-2719-01 0.74 0.61 0.852154655117 0.6671289
TCGA-77-A5GF-01 0.56 0.61 0.831916927759 0.7517837
TCGA-33-4566-01 0.49 0.51 0.698162781539 NA
TCGA-63-A5M9-01 0.64 0.53 0.818737679813 NA
TCGA-37-4129-01 0.32 0.44 0.957297105901 0.270478
TCGA-92-8064-01 NA NA 0.561606676904 NA
TCGA-33-4589-01 0.49 0.21 0.707942356008 0.3165625
TCGA-L3-A524-01 0.73 0.54 0.891815982476 0.5223585
TCGA-37-A5EM-01 NA 0.33 0.644788862735 NA
TCGA-63-7021-01 0.35 0.31 0.711014582932 0.2806319
TCGA-37-4141-01 0.7 0.57 0.772444430108 0.6423472
TCGA-85-A5B5-01 0.78 0.69 0.88900822935 NA
TCGA-34-2608-01 0.37 0.3 0.54078020051 0.1999008
TCGA-18-3414-01 0.7 0.7 0.788787280902 NA
TCGA-43-7657-01 0.56 0.43 0.868317786839 0.9465458
TCGA-98-8020-01 0.44 0.45 0.705414314384 0.7258585
TCGA-85-8481-01 0.22 0.31 0.70597730163 0.27628
TCGA-58-A46K-01 0.4 0.39 0.88768034224 NA
TCGA-43-6143-01 0.8 0.78 0.871055307601 NA
TCGA-56-7579-01 0.88 0.62 0.842736359523 0.6298472
TCGA-22-1016-01 0.51 0.29 0.626068629764 NA
TCGA-22-4594-01 0.34 0.41 0.613974362788 0.577406
TCGA-77-7141-01 0.61 0.57 0.899601817614 0.9143771
TCGA-39-5016-01 0.5 0.52 NA NA
TCGA-NC-A5HP-01 0.63 0.47 0.836457907275 0.6377529
TCGA-22-4601-01 0.71 0.67 0.876956567611 0.7021203
TCGA-96-8170-01 0.48 0.22 0.772794062909 0.2473415
TCGA-60-2697-01 0.2 NA 0.463514125371 0.1220009
TCGA-33-6737-01 0.44 0.43 0.752594482294 0.707704
TCGA-NC-A5HJ-01 0.23 0.2 0.611856808249 0.2319234
TCGA-NK-A5CT-01 0.48 0.48 0.885296341052 0.4681433
TCGA-77-8140-01 0.51 0.52 0.918145839347 0.5054763
TCGA-66-2767-01 0.34 0.23 0.536687441137 0.7853649
TCGA-22-4593-01 0.69 0.59 0.797173971967 NA
TCGA-22-5480-01 0.52 0.65 0.687045036411 0.6645341
TCGA-J1-A4AH-01 0.47 0.53 0.915830929992 0.4670472
TCGA-33-AASB-01 0.42 NA 0.973887672371 0.5136937
TCGA-77-7142-01 0.51 0.39 0.820800073807 0.4885129
TCGA-56-6545-01 0.46 0.34 0.527013547719 0.5660964
TCGA-85-8049-01 0.25 0.21 0.527176811947 0.2420437
TCGA-34-5929-01 0.59 0.54 0.824479795482 0.7154534
TCGA-18-3416-01 0.67 0.46 0.685514418282 0.5324203
TCGA-94-7033-01 0.31 0.47 0.923552811819 0.4351842
TCGA-56-8628-01 0.43 0.44 0.618321845643 0.7522067
TCGA-66-2742-01 0.51 0.39 0.768571160344 0.5310138
TCGA-92-7340-01 NA NA 0.607201476333 NA
TCGA-52-7812-01 0.7 0.55 0.736768274436 NA
TCGA-56-8304-01 0.49 0.31 0.869915446537 0.4480639
TCGA-18-3417-01 0.46 0.28 0.681412595339 0.7296267
TCGA-NK-A5CX-01 0.3 0.33 0.734766652066 0.3775598
TCGA-18-3406-01 0.48 0.3 NA 0.4103213
TCGA-85-A513-01 0.52 0.71 0.520516220704 0.1553627
TCGA-34-8454-01 0.66 0.41 0.626190700424 0.8244879
TCGA-21-1078-01 0.56 0.73 0.956123091048 0.8707372
TCGA-33-4532-01 NA 0.59 0.942554010333 0.9465986
TCGA-22-5471-01 0.75 0.43 0.715163797285 0.4272297
TCGA-90-A4ED-01 0.38 0.61 0.800775313267 0.5877419
TCGA-52-7622-01 0.33 0.43 0.665194112586 0.3538016
TCGA-21-A5DI-01 0.43 0.41 0.896258638282 0.2793677
TCGA-60-2725-01 0.4 0.33 0.560623916531 0.308876
TCGA-37-4133-01 NA 0.63 0.766597391019 NA
TCGA-96-7544-01 0.52 0.54 0.6456749443 NA
TCGA-43-3394-01 0.82 0.46 0.857204121576 NA
TCGA-33-4586-01 0.45 0.42 0.878021943625 0.7890527
TCGA-46-3769-01 0.53 0.44 0.656723284607 0.6482271
TCGA-85-8666-01 0.38 NA 0.701260329604 0.3374374
TCGA-43-7656-01 0.55 0.56 0.66551910692 NA
TCGA-34-2609-01 0.4 0.35 NA NA
TCGA-34-5927-01 0.6 0.73 0.91495833829 NA
TCGA-34-5928-01 0.39 0.31 0.655039456129 0.7544788
TCGA-18-4083-01 0.62 0.53 0.793202594027 NA
TCGA-39-5039-01 0.39 0.32 0.706790061831 0.256263
TCGA-70-6723-01 0.84 0.76 0.960219610972 NA
TCGA-63-A5MM-01 0.25 0.35 0.576906698511 0.3097465
TCGA-77-8145-01 0.39 0.39 0.771600074303 0.3816659
TCGA-85-8352-01 0.89 0.72 0.972058636004 NA
TCGA-66-2793-01 0.84 0.77 0.970355815598 0.9684383
TCGA-60-2695-01 0.73 0.75 0.796872077541 0.7651332
TCGA-56-8503-01 0.2 0.25 0.528359486856 0.1939348
TCGA-66-2759-01 0.46 0.46 0.734677465122 NA
TCGA-22-5481-01 0.64 0.65 0.788535353543 0.9772175
TCGA-22-1000-01 0.28 NA 0.459015312185 0.5718079
TCGA-21-1075-01 0.7 0.66 0.952141866958 NA
TCGA-56-A49D-01 0.5 0.54 0.742564016109 0.5576098
TCGA-98-8022-01 0.43 0.47 0.726898127581 0.5898619
TCGA-21-5784-01 0.3 NA 0.688586237284 0.2211131
TCGA-77-7139-01 0.71 0.68 0.865014435316 0.6204176
TCGA-66-2763-01 0.61 0.46 0.816702087923 0.597653
TCGA-77-8133-01 0.47 0.42 0.718789155463 NA
TCGA-21-5786-01 0.65 0.54 0.823851360395 NA
TCGA-85-8072-01 0.42 0.4 0.820265059456 0.3986706
TCGA-46-6025-01 0.5 0.51 0.871273999182 0.5991238
TCGA-85-8664-01 0.7 0.51 0.957601170394 NA
TCGA-66-2777-01 0.44 0.3 0.707095122513 0.9287883
TCGA-21-1071-01 0.44 0.23 0.772233790293 NA
TCGA-L3-A4E7-01 0.31 0.45 0.790995474288 0.8841451
TCGA-96-7545-01 0.4 0.24 0.6589512503 0.3338441
TCGA-63-A5MU-01 0.81 0.66 0.956382331016 NA
TCGA-51-4079-01 0.7 0.42 0.779883114695 0.9591461
TCGA-63-A5MJ-01 0.49 0.38 0.788779441717 NA
TCGA-94-7557-01 0.48 0.62 0.817086264335 0.3598797
TCGA-NC-A5HG-01 0.79 0.66 0.946619127521 NA
TCGA-22-5472-01 0.46 0.63 0.78333328739 0.5888795
TCGA-96-A4JL-01 0.23 0.37 0.565710666956 0.3444469
TCGA-66-2781-01 0.45 0.39 0.793662170374 0.893171
TCGA-60-2712-01 0.4 0.35 0.507091878784 0.4214347
TCGA-22-1012-01 0.36 0.45 0.812288621315 0.462206
TCGA-37-5819-01 0.68 0.67 0.836252076696 NA
TCGA-22-4607-01 0.75 0.6 0.751184672455 0.4921257
TCGA-18-3409-01 0.5 0.46 0.585582657363 0.6294046
TCGA-90-A59Q-01 0.26 0.42 0.57363441816 0.3577147
TCGA-85-A53L-01 0.4 0.24 0.872371093756 0.4061458
TCGA-18-5595-01 0.78 0.67 0.939680921093 0.7977485
TCGA-NC-A5HD-01 0.62 0.68 0.954420838831 NA
TCGA-18-3419-01 0.45 0.54 0.805346385346 0.5537835
TCGA-NC-A5HQ-01 0.52 0.48 0.827302147164 0.923349
TCGA-22-4604-01 NA 0.43 0.581001160955 NA
TCGA-96-A4JK-01 0.47 0.49 0.814021101659 0.4557805
TCGA-58-8391-01 0.59 0.53 0.917289813395 0.9112918
TCGA-77-8008-01 0.32 0.2 0.525666489364 0.2447966
TCGA-60-2711-01 0.65 0.62 0.870875218428 NA
TCGA-77-8138-01 0.28 0.24 0.711428139964 0.2588102
TCGA-77-7138-01 0.43 0.37 0.883249360054 0.2581238
TCGA-43-7658-01 0.59 0.65 0.851719626469 0.973295
TCGA-77-A5G6-01 0.71 0.54 0.924005608436 NA
TCGA-60-2726-01 0.5 0.45 0.822713120425 NA
TCGA-37-3789-01 0.6 0.59 0.737967383539 0.5830809
TCGA-77-8007-01 0.38 0.3 0.579917841987 0.2208748
TCGA-85-A4PA-01 0.22 0.35 0.46341067622 0.1313727
TCGA-77-8154-01 0.6 0.64 0.934301435844 0.6036617
TCGA-63-A5MN-01 0.21 NA 0.465583273272 0.1908316
TCGA-21-1077-01 0.48 0.33 0.781194578473 0.6925685
TCGA-43-8115-01 0.41 0.4 0.509175412051 0.3144741
TCGA-39-5028-01 0.23 0.21 0.698408368149 0.2162175
TCGA-66-2754-01 0.81 0.76 0.932608148957 NA
TCGA-66-2757-01 0.77 0.78 0.773084255063 0.7750603
TCGA-77-8153-01 0.67 0.54 0.951595904086 0.7143862
TCGA-98-A53C-01 0.25 0.32 0.399809435826 NA
TCGA-56-1622-01 0.81 0.65 0.916100729017 NA
TCGA-60-2714-01 0.52 0.34 0.736060563898 0.968155
TCGA-33-AASJ-01 0.55 NA 0.951408891729 0.87144
TCGA-77-6845-01 0.73 0.64 0.941981489085 NA
TCGA-63-7022-01 0.27 0.43 0.446000550623 0.2139382
TCGA-NC-A5HF-01 0.68 0.55 0.956911959141 0.7041915
TCGA-33-AAS8-01 0.59 NA 0.946415264752 0.5877007
TCGA-O2-A5IB-01 0.89 0.78 0.972361300344 0.8503038
TCGA-77-A5G1-01 0.24 NA 0.738876829045 0.1996444
TCGA-85-6560-01 0.46 0.46 0.677231159495 NA
TCGA-60-2713-01 0.81 0.6 0.583153107972 0.9486084
TCGA-21-1083-01 0.55 0.5 0.761032749065 NA
TCGA-22-5479-01 0.36 0.28 0.803240883521 0.3942105
TCGA-63-A5MG-01 0.24 NA 0.746087499304 0.2645152
TCGA-66-2800-01 NA 0.45 0.710805365006 NA
TCGA-94-8491-01 0.36 0.49 0.795308159188 0.5383514
TCGA-43-3920-01 0.56 0.46 0.656324298075 0.5487658
TCGA-66-2794-01 0.59 0.61 0.713394545779 NA
TCGA-O2-A52W-01 0.42 0.34 0.90198519461 0.4502742
TCGA-39-5029-01 0.38 0.52 0.748562473191 0.5294823
TCGA-63-A5MY-01 0.77 0.78 NA 0.8138954
TCGA-60-2723-01 0.45 0.39 0.685198292266 0.6298516
TCGA-22-4609-01 0.41 0.4 0.588308620932 0.3852364
TCGA-43-A475-01 0.37 0.2 0.594472580628 0.5936501
TCGA-21-1076-01 0.33 0.3 0.459487985144 0.7055754
TCGA-18-5592-01 NA 0.73 0.877462256316 0.7842559
TCGA-33-AASL-01 0.52 NA 0.886042949413 0.3785801
TCGA-51-4081-01 0.84 0.58 0.885957360584 0.8150111
TCGA-92-8063-01 NA NA 0.810356658845 NA
TCGA-56-7731-01 0.21 0.23 0.641529587489 0.196733
TCGA-66-2782-01 0.33 0.34 0.659192231387 0.4873668
TCGA-43-5668-01 0.46 0.38 0.615365280988 0.4455642
TCGA-60-2715-01 0.45 0.21 0.486189437172 0.1556135
TCGA-85-A510-01 0.57 0.46 0.775100608371 0.5283952
TCGA-60-2708-01 0.59 0.54 0.74363185193 0.7814399
TCGA-34-5239-01 0.37 0.3 0.561519027457 0.8626031
TCGA-56-7223-01 0.83 0.76 0.978007440415 NA
TCGA-21-1081-01 0.5 0.39 0.853954144427 NA
TCGA-46-3766-01 0.46 NA 0.387762070861 0.2472118
TCGA-22-5491-01 0.72 0.58 0.908410739243 0.7457909
TCGA-37-A5EL-01 0.74 0.48 0.945391516942 0.7408672
TCGA-85-7699-01 0.76 0.59 0.609066110459 0.5852062
TCGA-43-A56V-01 0.72 0.27 0.8693080079 0.4838312
TCGA-33-A4WN-01 0.4 0.35 0.885729614353 0.3457179
TCGA-77-7338-01 0.58 0.48 0.73816102662 0.4063487
TCGA-85-8071-01 0.81 0.79 0.907782863849 NA
TCGA-77-8009-01 0.78 0.72 0.869931605005 NA
TCGA-58-A46M-01 0.58 0.47 0.811188600616 0.9194992
TCGA-66-2786-01 0.64 0.4 0.737216014887 0.5240539
TCGA-58-A46N-01 0.79 0.65 0.950882377285 NA
TCGA-39-5030-01 0.2 0.31 0.468047662267 0.1387758
TCGA-56-8307-01 0.53 0.62 0.783814380315 0.596243
TCGA-66-2765-01 0.84 0.49 0.702559879767 0.959715
TCGA-56-8626-01 0.44 0.42 0.815373458685 0.7986376
TCGA-63-5131-01 0.53 0.56 0.869805951618 NA
TCGA-NC-A5HK-01 0.6 0.42 0.907815666203 0.5217017
TCGA-77-A5GA-01 0.43 0.41 0.882248027604 0.3346805
TCGA-33-AASD-01 0.7 NA 0.905751139926 NA
TCGA-22-4595-01 0.8 0.47 0.699647431138 0.5900521
TCGA-39-5034-01 0.53 0.49 0.727530273467 0.8471591
TCGA-43-A474-01 0.58 0.54 0.928812368739 0.9762119
TCGA-22-1005-01 0.37 NA 0.47304749929 NA
TCGA-90-7767-01 NA 0.52 0.649628085446 NA
TCGA-O2-A52Q-01 0.47 0.43 0.619506575644 0.9740473
TCGA-39-5037-01 0.79 0.39 0.977810299686 NA
TCGA-85-8276-01 0.35 0.27 0.595651421393 0.3458153
TCGA-18-3411-01 0.61 0.5 0.736527828926 NA
TCGA-85-8354-01 0.59 0.65 0.927465358012 NA
TCGA-22-5482-01 0.83 0.45 0.863008164821 NA
TCGA-33-4587-01 0.74 0.65 0.917623323826 0.9280098
TCGA-77-8130-01 0.49 0.4 0.785769277891 0.6800164
TCGA-66-2789-01 0.69 0.52 0.725153761825 0.5280196
TCGA-85-8580-01 0.35 0.37 0.881562278223 0.3291062
TCGA-56-A4ZJ-01 0.2 0.23 0.569920629193 0.1656153
TCGA-77-7465-01 0.51 0.65 0.685033702503 NA
TCGA-66-2783-01 0.5 0.55 0.776644692274 NA
TCGA-98-7454-01 0.28 NA 0.409800045529 0.2367314
TCGA-98-8023-01 0.4 0.4 0.606244811363 0.577102
TCGA-85-A512-01 0.65 0.72 0.860910294076 0.7395145
TCGA-43-A56U-01 0.21 0.28 0.562682322537 0.1851153
TCGA-63-A5MP-01 0.51 0.35 0.732601371927 0.3788037
TCGA-34-A5IX-01 0.35 0.36 0.863487896154 0.4256264
TCGA-85-7696-01 0.74 0.64 0.831949219646 NA
TCGA-85-8584-01 0.44 0.42 0.69015236192 0.3469118
TCGA-85-6175-01 0.63 0.26 0.476022151263 0.2127176
TCGA-66-2771-01 0.5 0.38 0.605636602742 0.3499971
TCGA-56-8624-01 0.29 0.51 0.785357958968 0.3557946
TCGA-68-8250-01 0.42 0.43 0.775228293154 NA
TCGA-98-A53H-01 0.33 NA 0.510127243546 NA
TCGA-39-5024-01 0.32 0.36 0.853033404839 0.2638735
TCGA-22-5478-01 0.47 0.38 0.77656872906 0.4545195
TCGA-85-A4CN-01 0.66 0.37 0.779951104155 0.2848527
TCGA-63-A5MS-01 0.29 0.28 0.640015295705 0.254696
TCGA-58-8386-01 0.4 0.37 0.694800570169 0.5713003
TCGA-94-7943-01 0.57 0.54 0.855492130622 0.8830246
TCGA-43-2578-01 0.5 0.29 0.821321131472 NA
TCGA-21-1082-01 0.9 0.6 0.73322286057 0.617763
TCGA-18-3407-01 0.45 0.31 0.755340648628 0.2786065
TCGA-94-8490-01 0.73 0.7 0.949959214973 0.7164345
TCGA-NC-A5HT-01 0.69 0.65 0.963134812434 NA
TCGA-66-2766-01 0.73 0.67 0.838620955083 0.6090933
TCGA-NK-A7XE-01 0.65 NA 0.913294729574 0.6706564
TCGA-56-8309-01 0.34 0.2 0.496063554346 0.273803
TCGA-56-A4BW-01 0.56 0.53 0.794016164451 0.9757328
TCGA-18-4721-01 0.42 0.43 0.616481274357 0.8204688
TCGA-77-6843-01 0.97 0.64 0.951101807621 NA
TCGA-94-8035-01 0.48 0.32 0.911923308205 0.4179765
TCGA-85-8287-01 0.41 0.36 0.553586415831 0.3647998
TCGA-66-2788-01 0.56 0.39 0.615890862953 0.4092103
TCGA-39-5022-01 0.23 0.27 0.498640988037 0.1361808
TCGA-56-A5DR-01 0.41 0.37 0.819491276548 0.4759311
TCGA-18-3415-01 0.55 0.44 0.705095784609 0.4958186
TCGA-63-A5MV-01 0.44 0.27 0.700061861036 0.3753827
TCGA-68-7757-01 0.22 0.36 0.73702323207 0.3173593
TCGA-21-5783-01 0.62 0.55 0.872320684548 NA
TCGA-56-A62T-01 0.63 NA 0.819101404504 NA
TCGA-85-8582-01 0.34 NA 0.661509701705 0.2629163
TCGA-22-4596-01 0.2 0.23 0.428802660229 0.3526845
TCGA-34-2596-01 0.86 0.38 0.783897713557 0.8137644
TCGA-85-A50M-01 0.47 0.2 0.814561768235 0.3640183
TCGA-66-2773-01 0.39 0.4 0.707065524025 0.7740907
TCGA-39-5036-01 0.71 0.48 0.920143888912 NA
TCGA-77-7140-01 0.72 0.66 0.871530427377 NA
TCGA-77-8136-01 0.33 0.35 0.581322492316 0.2732685
TCGA-98-A53I-01 0.49 0.34 0.710873839515 0.5420348
TCGA-77-A5GH-01 0.4 0.44 0.58292096133 0.887215
TCGA-34-5241-01 0.36 NA 0.600640844501 0.2748913
TCGA-58-8392-01 0.61 0.69 0.939078431109 NA
TCGA-85-A4QQ-01 0.39 0.51 0.907134637162 0.9688743
TCGA-58-A46J-01 0.35 0.2 0.798603435937 0.330347
TCGA-85-A4QR-01 0.72 0.63 NA NA
TCGA-51-4080-01 0.88 0.83 0.913063607096 0.8402964
TCGA-66-2769-01 0.34 0.3 0.573169754996 0.3105028
TCGA-34-5234-01 0.2 0.38 0.452797474682 0.2014739
TCGA-22-0940-01 0.38 0.24 0.615656722355 0.7964033
TCGA-21-1079-01 0.54 0.52 0.769815507649 NA
TCGA-58-8387-01 0.42 0.4 0.73197338707 0.3832519
TCGA-85-A4JB-01 0.46 0.32 0.85951126317 0.455763
TCGA-22-1002-01 0.51 0.35 0.679933379565 NA
TCGA-34-8456-01 0.46 0.5 0.844527273736 0.4141342
TCGA-NC-A5HO-01 0.57 0.55 0.870779379754 NA
TCGA-68-A59J-01 0.46 0.4 0.77755490228 0.8946487
TCGA-43-5670-01 0.58 0.56 0.947954670193 0.5603476
TCGA-56-5898-01 0.49 0.36 0.766484479203 0.3761383
TCGA-37-4132-01 0.81 0.57 0.719744696112 0.5961951
TCGA-77-8156-01 0.39 0.27 0.605279953258 0.2377217
TCGA-46-3768-01 0.72 0.63 0.858286880822 NA
TCGA-63-A5MI-01 0.51 0.4 0.934245372847 0.8693382
TCGA-56-8305-01 0.36 0.33 0.858172698603 NA
TCGA-O2-A52N-01 0.6 0.39 0.820627826696 0.8150383
TCGA-66-2758-01 0.49 0.46 0.70272992028 0.9000852
TCGA-33-4533-01 0.83 0.62 0.846333409801 NA
TCGA-77-8146-01 NA NA 0.812214082684 NA
TCGA-85-8288-01 0.46 0.57 0.726475905158 0.5528608
TCGA-6A-AB49-01 0.69 NA 0.965288716968 NA
TCGA-22-5485-01 0.56 0.68 0.864050857235 0.6624951
TCGA-22-4605-01 0.25 0.25 0.681932566945 0.2533707
TCGA-34-8455-01 0.46 0.4 0.809936898756 NA
TCGA-63-A5MW-01 0.57 0.6 0.837123025387 0.8836107
TCGA-66-2734-01 0.43 0.23 0.671438921419 0.3232156
TCGA-77-8139-01 0.28 0.32 0.804205462913 0.3222021
TCGA-60-2724-01 0.51 0.45 0.75755324462 0.4255805
TCGA-43-2576-01 0.5 0.26 0.580886552768 0.4110468
TCGA-85-8355-01 0.28 0.27 0.542745140475 0.2285334
TCGA-22-5492-01 0.55 0.56 0.664915913621 0.5225567
TCGA-18-3410-01 0.73 0.62 0.697945505159 0.6277771
TCGA-85-A50Z-01 0.36 0.34 0.821221888786 0.7181434
TCGA-60-2716-01 0.36 0.68 0.961392328169 0.8841255
TCGA-43-8118-01 0.32 0.5 0.75519732986 0.3714668
TCGA-63-7023-01 0.81 0.81 0.863486911138 0.8393008
TCGA-85-8353-01 0.42 0.27 0.651465179496 0.2944572
TCGA-66-2792-01 0.7 0.6 0.828902364802 NA
TCGA-22-5474-01 0.65 0.54 0.64688409364 0.4399837
TCGA-33-4547-01 0.58 0.5 0.777736971077 0.932419
TCGA-22-5489-01 0.38 0.43 0.533024922931 0.3934634
TCGA-98-A538-01 0.52 0.44 0.815327890238 NA
TCGA-34-2604-01 0.29 0.26 NA 0.5878974
TCGA-77-A5G8-01 0.44 0.42 0.818493363756 0.4883262
TCGA-22-1011-01 0.42 0.23 0.660756763587 0.8641943
TCGA-56-6546-01 0.31 0.4 0.63184547763 0.3542976
TCGA-NC-A5HE-01 0.33 0.31 0.542258676878 0.2917774
TCGA-LA-A446-01 0.42 0.41 0.908595807217 0.5398555
TCGA-O2-A52V-01 0.37 0.38 0.789343655339 0.3315452
TCGA-56-A4BX-01 0.86 0.64 NA NA
TCGA-51-6867-01 NA 0.46 0.829663574472 NA
TCGA-90-A4EE-01 0.41 0.43 0.502619867524 0.7390267
TCGA-77-8144-01 0.55 0.54 0.884293139141 0.652709
TCGA-NC-A5HM-01 0.52 0.61 0.885547444927 0.569135
TCGA-63-A5MH-01 0.81 0.69 0.903761625914 NA
TCGA-60-2698-01 0.44 0.38 0.664879051607 NA
TCGA-52-7811-01 0.31 0.23 0.764032564942 0.3585056
TCGA-43-8116-01 0.47 0.54 0.807939826764 0.5250952
TCGA-68-7755-01 0.65 0.55 0.872042611393 0.759315
TCGA-NK-A5CR-01 0.65 0.53 0.943301603892 0.7230979
TCGA-18-3421-01 0.5 0.44 0.765244512347 0.8929946
TCGA-60-2704-01 0.42 0.25 0.481343927679 0.2358095
TCGA-85-6798-01 0.48 0.45 0.865762355515 0.5357948
TCGA-77-8150-01 0.52 0.53 0.793618692777 0.977673
TCGA-85-7710-01 NA 0.69 0.833897404547 0.6870635
TCGA-56-7823-01 0.8 0.71 0.915497166182 0.8230798
TCGA-85-7950-01 0.62 0.52 0.657238220248 0.8188109
TCGA-56-7582-01 0.6 0.51 0.810134457479 NA
TCGA-33-4582-01 0.47 0.51 0.922574308113 NA
TCGA-33-AASI-01 0.36 NA 0.835249524726 0.4530713
TCGA-68-7756-01 0.3 0.46 0.809471680658 0.3606474
TCGA-94-A5I6-01 0.41 0.37 0.876286319224 0.4597781
TCGA-56-A4BY-01 0.46 0.56 0.873358455666 0.506506
TCGA-22-4613-01 0.59 0.59 0.732886938694 NA
TCGA-60-2710-01 0.85 0.62 0.72715200317 0.5789379
TCGA-66-2780-01 0.38 0.48 0.732512920685 0.436993
TCGA-92-7341-01 0.66 0.37 0.797225271464 0.6951785
TCGA-22-5473-01 0.59 0.55 0.830737006173 0.8587008
TCGA-52-7809-01 0.52 0.51 0.891892348232 NA
TCGA-39-5019-01 0.53 0.28 0.748512912306 0.7232028
TCGA-22-0944-01 0.5 0.43 0.914943427544 NA
TCGA-56-7221-01 0.42 0.41 0.935663605256 NA
TCGA-34-7107-01 0.6 0.57 0.750953466289 0.9768943
TCGA-34-5231-01 0.63 0.58 0.838324905953 NA
TCGA-34-5232-01 0.34 0.33 0.709534382339 0.2681236
TCGA-56-8082-01 0.64 0.53 0.92129884747 0.719362
TCGA-21-1070-01 0.53 0.42 0.657762174278 0.4240302
TCGA-58-8390-01 0.71 0.65 0.777716499927 0.7969389
TCGA-66-2756-01 NA 0.63 0.857469545766 NA
TCGA-85-8479-01 0.86 0.62 0.929668089689 0.688307
TCGA-37-4135-01 0.86 0.75 0.800842016813 0.7839401
TCGA-34-5236-01 0.3 0.23 0.674252704989 0.2695183
TCGA-92-8065-01 0.8 0.5 0.725965799987 0.4618139
TCGA-60-2709-01 0.33 0.22 0.479677717293 0.1954403
TCGA-98-A53B-01 0.49 0.36 0.800598110009 0.3703741
TCGA-90-7964-01 0.45 0.62 0.773774650543 0.6348545
TCGA-96-8169-01 0.39 0.39 0.756800763815 0.3462777
TCGA-63-A5ML-01 0.69 0.56 0.829588728662 NA
TCGA-77-6844-01 0.63 0.63 0.869360858616 NA
TCGA-56-8201-01 0.29 0.23 0.459308920026 0.3134709
TCGA-56-7580-01 0.34 0.52 0.85226394553 0.4534511
TCGA-37-3783-01 0.43 0.36 0.618757184892 0.6151652
TCGA-66-2791-01 0.57 0.31 0.602675394432 0.495796
TCGA-77-8131-01 0.36 0.24 0.483236758178 0.1982681
TCGA-37-A5EN-01 0.59 0.47 0.870836861008 0.4302966
TCGA-85-8351-01 0.44 0.45 0.845122900659 0.8914799
TCGA-77-A5G3-01 NA 0.5 0.872901510443 0.394972
TCGA-33-A5GW-01 0.65 0.77 0.958482571953 NA
TCGA-60-2720-01 0.21 0.2 0.695625819144 0.2516469
TCGA-46-6026-01 0.84 0.65 0.942692650186 NA
TCGA-22-4599-01 0.46 0.47 0.639214899507 0.8626611
TCGA-XC-AA0X-01 0.26 NA 0.722260912782 0.1982116
TCGA-34-5240-01 0.65 0.62 0.7844293076 NA
TCGA-58-8388-01 0.53 0.62 0.699387165833 0.688602
TCGA-33-4538-01 0.61 0.51 0.877838257303 0.8932296
TCGA-94-A5I4-01 0.62 0.55 0.894999092706 0.7876574
TCGA-70-6722-01 0.41 0.33 0.66609885515 0.3534769
TCGA-77-A5GB-01 0.39 0.35 0.697137965573 0.2501068
TCGA-66-2795-01 NA 0.66 0.664217200797 0.6225124
TCGA-21-5782-01 0.49 0.52 0.785937141591 0.4229252
TCGA-77-8148-01 0.64 0.72 0.821495104633 0.8603005
TCGA-77-7335-01 0.49 0.39 0.385331114476 0.4166386
TCGA-56-5897-01 0.25 0.22 0.521774623675 0.2518504
TCGA-66-2727-01 NA 0.43 0.793214730324 0.5539069
TCGA-85-6561-01 0.35 0.41 0.520283208918 0.321768
TCGA-77-8128-01 0.64 NA 0.88911925414 NA
TCGA-56-8622-01 0.54 0.45 0.769753990515 0.4564406
TCGA-56-8083-01 0.83 0.82 0.952633480706 0.8613082
TCGA-43-2581-01 0.45 0.45 0.56579832871 0.3802073
TCGA-85-A4JC-01 0.21 0.22 0.727982866844 0.2812138
TCGA-60-2707-01 0.46 0.4 0.705756013149 0.510071
TCGA-85-8070-01 0.82 0.77 0.974778558454 NA
TCGA-37-4130-01 0.54 0.38 0.574414683516 NA
TCGA-22-5477-01 0.73 0.64 0.882059109967 0.7304058
TCGA-56-7730-01 0.73 0.71 0.971482037939 NA
TCGA-34-2605-01 0.93 0.53 NA NA
TCGA-43-6647-01 0.34 0.24 0.536621554997 0.2221705
TCGA-21-1080-01 0.74 0.7 0.845580074314 NA
TCGA-60-2722-01 0.7 0.72 0.908750110726 NA
TCGA-18-3412-01 NA 0.5 0.825406844298 0.7629206
TCGA-56-8308-01 0.55 0.41 0.799188167904 0.5047963
TCGA-56-7222-01 0.5 0.47 0.923603138803 0.6835656
TCGA-66-2744-01 0.52 0.36 0.535896114961 0.5049515
TCGA-85-7844-01 0.38 0.47 0.737587414845 0.4098477
TCGA-39-5027-01 0.52 0.36 0.967110332974 0.6367271
TCGA-85-A511-01 0.34 0.26 0.681082985039 0.3398871
TCGA-NC-A5HH-01 0.71 0.46 0.90970052973 NA
TCGA-63-A5MT-01 0.43 0.22 0.71903805305 0.3532365
TCGA-NK-A5D1-01 0.81 0.71 0.936384320892 0.8812683
TCGA-22-4591-01 0.83 0.64 0.900359409659 NA
TCGA-58-A46L-01 0.55 0.51 0.777506445822 NA
TCGA-77-A5G7-01 0.41 0.37 0.939810239808 0.4078522
TCGA-77-A5FZ-01 0.48 0.4 0.301465464711 0.8011125
TCGA-94-A4VJ-01 0.49 0.5 0.823183011426 0.4656355
TCGA-46-3767-01 0.3 0.24 0.487253466782 0.2637352
TCGA-77-7337-01 0.49 0.51 0.714074595148 0.4971859
TCGA-85-A4CL-01 0.63 0.6 0.720961094077 0.5318652
TCGA-66-2787-01 0.49 0.34 0.701208009417 0.4910955
TCGA-56-7822-01 0.31 0.3 0.83075557377 0.5029311
TCGA-NC-A5HI-01 0.41 0.55 0.918326241215 0.4941757
TCGA-66-2755-01 0.42 0.32 0.567289775878 NA
TCGA-21-5787-01 0.62 0.48 0.644887536602 0.4893159
TCGA-39-5040-01 0.52 0.53 0.883918887502 0.9736572
TCGA-77-7463-01 0.58 0.37 0.872457094113 NA
TCGA-LA-A7SW-01 0.5 NA 0.87259348947 0.459019
TCGA-98-A53A-01 0.58 0.68 0.911341222993 0.6278507
TCGA-66-2778-01 0.38 0.22 0.763771780206 0.343712
TCGA-39-5011-01 0.39 0.43 0.611500039796 0.3342223
TCGA-O2-A52S-01 0.66 0.62 0.843684399344 NA
TCGA-77-8143-01 0.7 0.58 0.909985845338 NA
TCGA-22-5483-01 0.62 0.56 0.743383990386 0.5928941
TCGA-NC-A5HN-01 0.59 0.75 0.93687325054 0.5835893
TCGA-85-7698-01 0.52 0.56 0.712737358773 0.4477955
TCGA-68-8251-01 0.35 0.27 0.690289446078 0.4010699
TCGA-79-5596-01 0.64 0.67 0.919878811881 0.6226251
TCGA-22-A5C4-01 0.55 0.47 0.891638332378 0.8783956
