abscnseq ascat estimate purbayes
TCGA-S9-A7R1-01 0.45 NA 0.973614785708 0.8338687
TCGA-P5-A737-01 0.81 0.75 0.952759094996 0.8666588
TCGA-DU-7309-01 0.3 0.58 0.922670657538 0.754284
TCGA-P5-A77X-01 0.51 0.75 NA 0.5905506
TCGA-S9-A6U2-01 0.59 NA 0.925488998495 0.6751496
TCGA-DB-5276-01 0.4 0.42 0.819966848876 0.4465627
TCGA-HT-7676-01 0.76 0.81 0.848740531532 0.893608
TCGA-DB-5280-01 0.46 0.83 0.931285349208 0.8609089
TCGA-CS-6188-01 0.44 0.64 0.849535326729 0.6273691
TCGA-FG-5963-01 0.26 0.42 0.764388112863 0.4311834
TCGA-FG-A4MW-01 0.52 0.66 0.922255035991 0.6281883
TCGA-HT-8114-01 0.41 0.57 0.793440421804 0.7847208
TCGA-FG-A711-01 0.57 NA 0.954631339427 0.7160033
TCGA-HT-7474-01 0.42 0.45 0.952459467138 0.480036
TCGA-DU-A5TU-01 0.67 0.63 0.811426805936 0.7958703
TCGA-DB-A4XG-01 0.53 0.73 NA NA
TCGA-P5-A780-01 0.51 0.54 0.88538949682 0.3754213
TCGA-DU-A7TC-01 0.39 NA 0.963403926857 0.880988
TCGA-HW-7489-01 0.3 0.51 0.945033940953 0.977749
TCGA-HT-7873-01 0.98 0.68 0.91800041662 0.7980787
TCGA-DU-8158-01 0.44 0.39 0.782165751055 0.557166
TCGA-VM-A8CH-01 0.34 NA 0.881549047633 0.8489229
TCGA-DU-7292-01 0.53 0.5 0.949536194532 NA
TCGA-HT-7480-01 0.38 0.69 0.971043592386 0.29728
TCGA-S9-A7IZ-01 0.35 NA 0.899196493929 0.6698761
TCGA-E1-A7YV-01 0.61 NA 0.973574789328 0.7639757
TCGA-DB-A4XC-01 0.46 0.61 0.895387967199 0.4501148
TCGA-DB-A64W-01 0.67 0.81 NA 0.7914701
TCGA-HT-7608-01 0.54 0.74 0.909921278653 0.6299637
TCGA-CS-6669-01 0.61 NA NA 0.10178347
TCGA-E1-A7YE-01 0.46 NA 0.77195676166 0.7505271
TCGA-WH-A86K-01 0.39 NA 0.917047830568 0.6586138
TCGA-DB-A64R-01 0.83 0.79 0.976656052073 0.8200631
TCGA-FG-8181-01 0.71 0.66 0.953401582993 0.10453473
TCGA-TM-A7CF-01 0.29 0.55 0.975636070511 0.7007585
TCGA-TQ-A7RJ-01 0.22 NA 0.899099479879 0.7549017
TCGA-HW-A5KL-01 0.65 0.76 0.912717081671 0.8224996
TCGA-DB-A64Q-01 0.64 0.79 0.961080921872 0.8159989
TCGA-HT-7677-01 0.49 0.79 0.955686981408 0.6654315
TCGA-TM-A84T-01 0.7 NA 0.915588518852 0.9039655
TCGA-DB-5277-01 0.82 0.72 0.951925068635 NA
TCGA-HT-8106-01 0.24 0.41 0.523618927485 0.1965168
TCGA-E1-5303-01 0.5 NA 0.793736465396 0.7462162
TCGA-DB-A4XF-01 0.53 0.67 0.908485301652 0.7464547
TCGA-DU-7294-01 0.86 0.71 0.959963525554 0.7994845
TCGA-HW-7486-01 0.34 0.55 0.91056615722 0.407153
TCGA-DB-A64X-01 0.53 0.8 0.941214825201 0.7206249
TCGA-DU-5871-01 0.47 0.55 0.892838798923 0.9262005
TCGA-TM-A7CA-01 0.26 NA 0.962159078013 0.7513208
TCGA-CS-6670-01 0.34 0.71 0.966050326965 0.2819792
TCGA-E1-5322-01 0.48 0.8 0.848547909582 0.867074
TCGA-S9-A6TU-01 0.48 0.88 0.863644092821 0.7674843
TCGA-WY-A85A-01 0.59 NA 0.936216945335 0.8349287
TCGA-DU-6407-01 0.64 0.68 0.92589502834 0.8731425
TCGA-E1-A7YN-01 0.27 NA 0.618739016664 0.2759189
TCGA-DB-5275-01 0.5 0.62 0.937860277955 0.7544763
TCGA-HT-A619-01 0.86 0.7 NA 0.8220747
TCGA-E1-A7YQ-01 0.5 NA 0.706482080275 0.3080139
TCGA-HT-7482-01 0.46 0.6 0.849248044365 0.3929985
TCGA-DU-6404-01 0.47 0.74 0.913742447588 0.7225754
TCGA-QH-A6XA-01 0.55 0.94 0.918764729662 0.5740278
TCGA-DU-7290-01 0.47 0.65 0.746143547044 0.6029838
TCGA-DB-A4XE-01 0.32 0.44 0.946760567772 0.7309324
TCGA-HT-8107-01 0.26 0.3 0.965678013339 0.1830933
TCGA-TQ-A8XE-02 0.78 NA 0.866716563975 NA
TCGA-HT-7684-01 0.36 0.78 0.857404868004 0.6209714
TCGA-HT-8012-01 0.79 0.79 0.95071070909 0.6816535
TCGA-DU-7011-01 0.36 0.42 0.771503397817 0.5615762
TCGA-DU-6392-01 0.33 0.58 0.851904586774 0.7424263
TCGA-TM-A84O-01 0.51 NA 0.928459067689 0.6702843
TCGA-DU-5849-01 0.5 0.63 0.947069609372 0.3172834
TCGA-HT-A74K-01 0.65 0.69 0.877386829323 0.6892474
TCGA-DU-7300-01 0.71 NA 0.923052857401 0.5836511
TCGA-TQ-A7RR-01 0.5 NA 0.900835912601 NA
TCGA-HT-7605-01 0.23 0.65 0.953285889686 0.4889053
TCGA-TQ-A7RM-01 0.79 NA NA 0.9473874
TCGA-CS-5390-01 0.81 0.76 0.969456024561 0.6798655
TCGA-DU-6395-01 0.33 0.66 0.907775403401 0.7557657
TCGA-S9-A6WE-01 0.55 NA 0.947705363383 0.8031747
TCGA-S9-A7IQ-01 0.38 NA NA 0.1574821
TCGA-HT-7882-01 0.4 0.4 0.450009435254 0.2564533
TCGA-VM-A8C9-01 0.29 NA 0.73411789887 0.10645295
TCGA-VM-A8CD-01 0.61 NA 0.852735548573 0.6387287
TCGA-HT-7601-01 0.39 0.62 0.719068928638 0.6254438
TCGA-HT-A5R5-01 0.47 0.89 0.832655131518 0.6140575
TCGA-HW-7487-01 0.49 0.59 0.973608175512 0.6179039
TCGA-S9-A7R2-01 0.53 NA 0.791590800534 0.9278865
TCGA-FG-A4MY-01 0.38 0.59 0.929329803197 0.3345669
TCGA-E1-A7YU-01 0.33 NA 0.937983930081 0.7274826
TCGA-FG-7637-01 NA 0.64 0.950154551516 NA
TCGA-DU-A7TJ-01 0.74 NA 0.88535520625 0.8675304
TCGA-HT-7692-01 0.33 0.7 0.944447622521 0.777199
TCGA-VV-A829-01 0.66 NA 0.909181753997 NA
TCGA-DH-5140-01 0.62 0.73 0.93723480077 0.8968885
TCGA-HW-A5KJ-01 0.54 0.76 0.966584918589 0.6716253
TCGA-FG-8188-01 0.36 0.66 0.90185332865 0.9725012
TCGA-QH-A6XC-01 0.46 0.71 0.917358197397 0.6699175
TCGA-HT-7691-01 0.31 0.33 0.800217675035 0.5649141
TCGA-DU-A7T6-01 0.44 NA 0.94569676117 0.6252214
TCGA-QH-A65V-01 0.5 0.63 0.931551412168 0.6506784
TCGA-S9-A7IS-01 0.56 NA 0.950798195746 0.7263847
TCGA-DU-A5TR-01 0.48 0.59 0.715257916768 0.6461265
TCGA-TQ-A7RI-01 0.72 NA 0.942369660682 0.7124515
TCGA-S9-A7J3-01 0.48 NA 0.938612697901 0.6026311
TCGA-HT-7879-01 0.37 0.57 0.901245267479 0.9782645
TCGA-DB-A4XD-01 0.59 0.88 0.941900434656 0.7189829
TCGA-HT-8563-01 0.32 0.46 0.566313124048 0.3487623
TCGA-FG-7634-01 0.52 0.61 0.81408529294 0.8598614
TCGA-DU-7010-01 0.83 0.73 0.923089693398 0.8258057
TCGA-S9-A6WN-01 0.52 NA 0.78844821314 0.4181881
TCGA-HT-7902-01 0.25 0.37 0.934769622676 0.1428448
TCGA-S9-A6U9-01 0.5 0.7 0.801358939278 0.6907443
TCGA-HT-7604-01 0.66 0.85 0.94069430052 0.8554345
TCGA-DU-A6S3-01 0.58 0.72 NA 0.6584906
TCGA-FG-A60L-01 0.31 0.55 0.843272540571 0.538998
TCGA-S9-A6WM-01 0.57 NA 0.905276338907 0.8629513
TCGA-FG-A87Q-01 0.61 NA 0.764246585958 0.4898347
TCGA-HT-A61C-01 0.7 0.76 0.860749264046 0.7353042
TCGA-FG-A710-01 0.55 NA 0.84611728263 0.6959351
TCGA-FG-8182-01 0.3 0.24 0.884610467132 0.8009314
TCGA-S9-A6U6-01 0.51 NA 0.934858386226 0.7987369
TCGA-DU-A76O-01 0.69 0.7 0.845958934821 0.3436981
TCGA-VM-A8CB-01 0.72 NA 0.974242627356 0.8824024
TCGA-HT-8558-01 NA 0.42 0.978267524027 NA
TCGA-HT-7607-01 0.56 0.24 0.938908694033 0.3492029
TCGA-TQ-A7RK-02 NA NA 0.910141506267 NA
TCGA-CS-5395-01 0.59 0.79 0.937306462086 0.7881055
TCGA-RY-A83X-01 0.5 NA 0.971082465548 0.6845611
TCGA-DU-7007-01 0.59 0.68 0.786466301604 0.8438456
TCGA-DU-A76L-01 0.45 0.6 0.755564522822 0.5165305
TCGA-HT-A618-01 0.47 0.54 0.775502138793 0.2591572
TCGA-HT-A614-01 0.54 0.75 0.930220326134 0.9029078
TCGA-DU-8163-01 0.34 0.49 0.845677200635 0.3886126
TCGA-HT-A4DV-01 0.24 0.28 0.932213387192 0.2739337
TCGA-DU-A7T8-01 0.42 NA 0.85509766078 0.9372552
TCGA-HT-A617-01 0.25 0.46 0.789388353376 0.3267964
TCGA-TM-A84B-01 0.84 NA 0.945496383557 0.6749587
TCGA-HT-7687-01 0.57 0.75 0.92898903109 0.7620733
TCGA-S9-A89V-01 0.33 NA 0.896463773105 0.2939732
TCGA-QH-A6CS-01 0.45 0.35 0.875633341624 0.2160241
TCGA-HT-7481-01 0.26 0.57 0.96272156506 0.3567566
TCGA-CS-5397-01 0.43 0.59 0.871980138768 0.5812725
TCGA-HW-7490-01 0.58 0.86 0.888909149247 0.7849107
TCGA-FG-A4MX-01 0.65 0.7 0.934015434167 0.9598575
TCGA-FG-7636-01 0.4 0.72 0.93531445646 0.8139952
TCGA-DU-A7TG-01 0.53 NA 0.929451764599 0.311682
TCGA-DU-A6S7-01 0.47 0.56 0.894242441074 0.2389295
TCGA-DH-A7US-01 0.54 NA 0.95066348154 0.5982762
TCGA-FG-5965-02 NA 0.36 NA NA
TCGA-HT-7468-01 0.7 0.82 0.949312655407 0.8069055
TCGA-HT-A61A-01 NA NA 0.964463255339 NA
TCGA-P5-A5ET-01 0.33 0.77 0.977117064034 0.6572228
TCGA-DU-6403-01 0.44 0.68 0.870968947376 0.6410988
TCGA-DB-A4XA-01 0.49 0.71 0.904425455606 0.4215518
TCGA-S9-A6UA-01 0.31 NA 0.670986963926 0.5180864
TCGA-WY-A859-01 0.63 NA NA 0.7325015
TCGA-HT-8015-01 0.31 0.26 0.892592258111 0.10974444
TCGA-FG-6692-01 0.9 0.76 0.869539832624 0.8043787
TCGA-P5-A5EX-01 0.85 0.49 0.740368580847 0.6398204
TCGA-DU-A76R-01 0.61 0.62 0.940925913668 0.3965129
TCGA-HT-7606-01 0.89 0.71 0.95246707062 0.8082025
TCGA-E1-A7Z2-01 0.55 NA 0.962998048277 0.6981465
TCGA-DB-5278-01 0.52 0.75 0.942558163312 0.6816431
TCGA-TM-A7C5-01 0.52 0.73 0.967247383937 0.6128298
TCGA-TQ-A7RP-01 0.21 NA 0.888649528748 0.1850313
TCGA-FG-6689-01 0.46 0.43 0.889356922693 0.6846957
TCGA-TM-A84M-01 0.66 NA NA 0.9078916
TCGA-FG-6691-01 0.44 0.71 0.800578246129 0.6412654
TCGA-HW-8322-01 0.55 0.61 0.947766428283 0.7764831
TCGA-FG-8186-01 0.44 0.75 0.866303002657 0.6807186
TCGA-E1-5311-01 0.58 0.75 0.973957222563 0.7592106
TCGA-DB-5274-01 0.45 0.79 0.857178890789 0.6577616
TCGA-P5-A731-01 0.48 0.77 0.893089620625 0.7235977
TCGA-VM-A8CE-01 0.28 NA 0.940302970885 0.4856524
TCGA-DH-A66D-01 0.86 0.67 0.871695012322 0.8609542
TCGA-HT-7477-01 0.9 0.69 0.93577951834 0.3697854
TCGA-DU-6394-01 0.69 0.8 0.948067919407 0.8346055
TCGA-R8-A6MO-01 0.71 NA 0.926993717497 0.6772019
TCGA-QH-A6CZ-01 0.7 0.79 0.975004123645 0.8096624
TCGA-S9-A6WG-01 0.3 NA 0.74609681047 0.4688703
TCGA-WY-A85B-01 0.68 NA 0.856467330189 0.8315241
TCGA-DU-8167-01 0.3 0.5 0.836962040441 0.6084165
TCGA-TQ-A7RG-01 0.32 NA 0.926344895568 0.8134977
TCGA-HT-8105-01 0.73 0.75 0.947819375369 0.7595214
TCGA-P5-A5EV-01 0.56 0.64 0.918538501877 0.6606958
TCGA-S9-A6U5-01 0.56 NA 0.889511980485 0.7337454
TCGA-P5-A5EY-01 0.24 0.33 0.918449212073 NA
TCGA-DU-A7TB-01 0.48 NA 0.955315110923 0.604611
TCGA-E1-A7Z4-01 0.69 NA 0.893423700117 0.9231942
TCGA-P5-A5F4-01 0.67 0.5 0.97053143667 0.7483568
TCGA-FG-A4MT-02 0.31 0.47 0.931113877301 NA
TCGA-DU-7299-01 0.81 0.51 0.909993688201 0.673516
TCGA-DU-6401-01 0.61 0.4 0.882863132622 0.8360845
TCGA-HT-7485-01 0.7 0.79 0.910293665426 0.8721991
TCGA-HW-7493-01 0.41 0.79 0.854230888551 0.4386618
TCGA-DB-A75O-01 0.6 0.56 0.857688550882 0.9746759
TCGA-FG-7638-01 0.66 0.77 0.948680177532 0.7736343
TCGA-E1-5319-01 0.61 0.6 0.916870537633 0.5587025
TCGA-FG-A87N-01 0.71 NA 0.949105980454 0.8630487
TCGA-E1-A7YI-01 0.43 NA 0.952765913978 0.8377376
TCGA-E1-A7YK-01 0.39 NA 0.76722903273 0.2593983
TCGA-HT-8018-01 0.25 0.42 0.794463304904 0.2035548
TCGA-HT-7875-01 0.7 0.68 0.977951961397 0.9125056
TCGA-P5-A72X-01 0.3 0.54 0.916443154557 0.8392531
TCGA-HT-A5RC-01 0.56 0.65 0.872732713331 0.6641787
TCGA-S9-A6U1-01 0.47 NA 0.915448083966 0.7143388
TCGA-E1-A7Z3-01 0.26 NA 0.901336282677 0.4864144
TCGA-HT-7856-01 0.36 0.39 0.966512985499 0.258978
TCGA-P5-A736-01 0.38 0.7 0.787875239179 0.5852985
TCGA-HT-7603-01 0.38 0.57 0.968549344364 0.3505146
TCGA-TQ-A7RW-01 0.48 NA 0.831339105992 0.6360619
TCGA-RY-A840-01 0.67 NA 0.970236519965 0.875356
TCGA-DB-A75L-01 0.86 0.6 0.919121196828 0.8131769
TCGA-DH-A669-01 0.8 0.8 0.913927605243 0.8437404
TCGA-DU-A7TD-01 0.66 NA 0.792452830202 0.773114
TCGA-DU-5872-02 0.26 NA 0.511594699984 NA
TCGA-HT-A61B-01 0.7 0.7 0.765544962044 0.8988314
TCGA-FG-A60K-01 0.41 0.8 0.946573818364 0.6838883
TCGA-DU-7018-01 0.57 0.62 0.977783351208 0.8180432
TCGA-CS-4941-01 0.33 0.62 0.806524796405 0.5736448
TCGA-HT-7680-01 0.44 0.32 0.815534621934 0.7167231
TCGA-DU-5870-02 0.62 NA 0.961667435538 NA
TCGA-DU-6396-01 0.51 0.57 0.712062047741 0.7597676
TCGA-HW-A5KM-01 0.58 0.7 0.66066287308 0.6896875
TCGA-HW-8320-01 0.57 0.57 0.904476662201 0.3151758
TCGA-DU-7019-01 0.4 0.7 0.878948694922 0.6187132
TCGA-RY-A847-01 0.36 NA 0.888940910355 0.8095847
TCGA-DU-8161-01 0.41 0.54 0.759379571167 0.4705094
TCGA-HT-7467-01 0.53 0.39 0.949065551475 0.3140982
TCGA-S9-A6TX-01 0.6 0.67 0.945409484186 0.7136535
TCGA-DU-6397-02 0.83 NA 0.928169841122 NA
TCGA-HT-7694-01 0.33 0.47 0.977282554995 0.4067976
TCGA-E1-A7YM-01 0.36 NA 0.936601847908 0.430689
TCGA-DB-A64P-01 0.54 0.65 0.921746910671 0.8467981
TCGA-QH-A65S-01 0.44 0.66 0.895879078026 0.6593377
TCGA-TQ-A7RF-01 0.73 NA 0.93103853966 NA
TCGA-TM-A84S-01 0.32 NA 0.924388747175 0.6352438
TCGA-QH-A6X8-01 0.73 0.69 0.95232842186 0.7860054
TCGA-KT-A7W1-01 0.34 NA 0.935194543833 0.8498372
TCGA-S9-A6WD-01 0.49 NA 0.972851993079 0.5957532
TCGA-S9-A7R8-01 0.71 NA 0.884885854159 0.8616829
TCGA-DU-7009-01 0.51 0.73 NA 0.7668874
TCGA-TQ-A7RQ-01 0.5 NA NA 0.7932667
TCGA-FG-5963-02 0.69 0.73 0.911808193803 NA
TCGA-S9-A6WH-01 0.86 NA 0.968358444739 0.5840064
TCGA-CS-6665-01 0.53 0.53 NA 0.3859789
TCGA-HT-7479-01 0.29 0.53 0.842654770311 0.5171679
TCGA-E1-A7YH-01 0.35 NA 0.920441569434 0.4637696
TCGA-WY-A85D-01 0.27 NA 0.908064136511 0.7942655
TCGA-HT-7855-01 0.63 0.65 0.933050059279 0.7553949
TCGA-HT-A74J-01 0.55 NA 0.929535362728 0.8160509
TCGA-HT-8110-01 0.41 0.37 0.72706603196 0.5763552
TCGA-S9-A6WP-01 0.71 NA 0.901175838684 0.7341254
TCGA-S9-A6U0-01 0.3 0.48 0.722383525959 0.3921407
TCGA-P5-A5F6-01 0.91 0.64 0.908711982907 NA
TCGA-FG-A70Y-01 0.42 NA 0.871225069962 0.5874987
TCGA-TM-A84G-01 0.84 NA NA 0.875479
TCGA-FG-A6J3-01 0.47 0.67 0.748556678389 0.8328763
TCGA-FG-8185-01 0.54 0.79 0.942844408427 0.7665629
TCGA-HT-A5RB-01 0.48 0.7 0.972506244086 0.8766145
TCGA-QH-A6CX-01 0.26 0.24 0.860071133965 0.3356534
TCGA-TQ-A7RV-01 0.39 NA 0.956222000972 0.7167351
TCGA-DU-6406-01 0.48 NA 0.887303981753 0.2100079
TCGA-DH-A66B-01 0.65 0.75 0.826771269284 0.8930884
TCGA-RY-A845-01 0.56 NA 0.939745086918 0.8255456
TCGA-HT-7860-01 0.43 0.69 0.820112583532 0.6760367
TCGA-E1-5307-01 0.4 0.44 0.920865753755 0.5858995
TCGA-E1-5304-01 0.84 0.84 NA NA
TCGA-S9-A6TZ-01 0.45 0.79 0.890187220013 0.6726976
TCGA-DU-7302-01 0.78 0.8 0.977280912773 0.76465
TCGA-P5-A781-01 0.31 0.69 0.951036043476 0.2414301
TCGA-DB-5281-01 0.33 0.53 0.924642802622 0.7947544
TCGA-VM-A8C8-01 0.67 NA 0.900430658702 0.4041609
TCGA-DU-A6S8-01 0.62 0.77 0.968600555208 0.7164173
TCGA-DH-5141-01 0.43 0.61 0.92881884575 0.688328
TCGA-FG-A4MU-01 0.38 0.6 0.800285012349 0.8759329
TCGA-E1-A7YL-01 0.63 NA 0.784598072168 0.6238926
TCGA-FG-5962-01 0.31 0.76 0.955725308603 0.7271654
TCGA-TM-A7CF-02 0.38 0.37 0.97432901511 NA
TCGA-TQ-A7RN-01 0.32 NA 0.967695843207 0.7094807
TCGA-CS-6667-01 0.33 0.52 0.914224678393 0.6554403
TCGA-S9-A7R7-01 0.42 NA 0.736066292824 0.9726395
TCGA-DH-A7UT-01 0.37 NA 0.907702330035 0.664104
TCGA-HT-7609-01 0.29 NA 0.892157045676 0.8370572
TCGA-DU-A5TY-01 0.64 0.51 0.729922326603 0.6651777
TCGA-HT-7475-01 0.75 0.79 0.977527754943 0.7631579
TCGA-CS-5393-01 0.47 0.63 0.878538841616 0.6811094
TCGA-TM-A84R-01 0.24 NA 0.979001740233 0.1540735
TCGA-TM-A84J-01 0.82 NA 0.956817178627 0.4565284
TCGA-CS-6668-01 0.62 0.67 NA 0.8336461
TCGA-FN-7833-01 0.53 0.8 0.745287438896 0.8951174
TCGA-HT-7693-01 0.68 0.86 0.856531106325 0.8009649
TCGA-EZ-7264-01 0.58 0.78 NA 0.8273043
TCGA-HT-7689-01 0.33 0.55 0.910468018139 0.5897496
TCGA-HT-7620-01 0.32 0.43 0.931751698368 0.3291414
TCGA-DU-7008-01 0.57 0.61 0.967172602968 0.7924965
TCGA-DB-A64S-01 0.26 NA 0.813778284798 0.7194426
TCGA-HT-A5R9-01 0.63 0.72 0.965492159077 0.7016166
TCGA-DU-5852-01 0.68 0.59 0.828993494448 0.6712316
TCGA-QH-A6CU-01 0.3 0.7 0.883991736679 0.6399955
TCGA-TM-A7C3-01 0.75 0.71 0.942243477974 0.8212851
TCGA-S9-A6WO-01 0.6 NA 0.889832399507 0.7359727
TCGA-FG-5965-01 0.51 0.49 0.884696943999 0.7162078
TCGA-KT-A74X-01 0.72 0.73 0.947255410368 0.8313052
TCGA-E1-A7YD-01 0.77 NA 0.924600661929 NA
TCGA-DU-6542-01 0.69 0.65 0.857167132118 0.7393907
TCGA-QH-A65Z-01 0.57 0.82 0.965893279927 0.6759573
TCGA-HT-A74L-01 0.82 0.61 0.926911778162 0.7804288
TCGA-HT-7616-01 0.54 0.53 0.794006240089 0.6224155
TCGA-HT-A74H-01 0.43 0.26 0.827061469756 0.4056663
TCGA-HT-7483-01 0.59 0.73 0.928225203955 0.8441256
TCGA-HT-A5RA-01 0.84 0.79 0.860549055566 0.849252
TCGA-P5-A5F1-01 0.48 0.4 0.877132885541 0.7032436
TCGA-E1-A7YS-01 0.84 NA NA 0.9188445
TCGA-F6-A8O4-01 0.3 NA 0.971447891128 0.7469792
TCGA-DU-7013-01 0.77 0.83 0.891552606271 0.8337328
TCGA-HT-A615-01 0.43 0.67 0.868077933253 0.6269092
TCGA-DB-A4XB-01 0.62 0.79 0.947724495967 0.9723856
TCGA-HT-7881-01 0.29 0.44 NA 0.185919
TCGA-HT-8013-01 0.3 0.44 NA 0.8140417
TCGA-P5-A72U-01 0.8 0.3 0.756151490586 0.3400009
TCGA-P5-A5F2-01 0.47 0.53 0.965323233196 0.7351956
TCGA-DU-7301-01 0.73 0.81 0.83793746166 0.8793757
TCGA-S9-A6TW-01 0.5 0.57 0.920986455782 0.6046743
TCGA-P5-A72Z-01 0.87 0.79 NA 0.7999663
TCGA-TQ-A7RO-01 0.54 NA 0.965333380173 0.7025048
TCGA-DU-6399-01 0.29 0.47 0.860719453561 0.3584919
TCGA-VM-A8CA-01 0.79 NA 0.877626624908 0.4994713
TCGA-W9-A837-01 0.3 NA 0.975410019337 0.7347932
TCGA-TQ-A8XE-01 0.7 NA 0.940356965913 0.8082194
TCGA-DB-A64V-01 0.29 0.37 0.820789618588 0.2415896
TCGA-QH-A6X4-01 0.6 0.72 0.969018737802 0.770192
TCGA-DU-6407-02 0.62 NA 0.901997128848 NA
TCGA-TM-A84H-01 0.72 NA 0.962374424419 0.7643489
TCGA-HT-7688-01 0.27 0.53 0.97248995696 0.5739787
TCGA-DH-A7UV-01 0.56 NA 0.909013229589 0.8505722
TCGA-QH-A65X-01 0.67 0.73 0.909299282805 0.7748644
TCGA-TM-A7C4-01 0.37 0.66 0.974580103649 0.6455082
TCGA-DU-6405-01 0.83 0.67 0.90965917638 0.8264466
TCGA-S9-A6U8-01 0.53 NA 0.877795930942 NA
TCGA-HT-7610-01 0.3 0.49 0.961892113901 0.3545746
TCGA-DU-5851-01 0.29 0.43 NA 0.389873
TCGA-DU-8166-01 0.62 0.63 0.910935758654 0.6865127
TCGA-R8-A73M-01 0.65 0.75 0.974578941264 0.7872287
TCGA-FG-6688-01 0.47 0.24 0.813105406492 0.3351032
TCGA-S9-A7QW-01 0.69 NA 0.975888636293 0.895858
TCGA-IK-8125-01 0.52 0.56 0.946608425082 0.7320888
TCGA-HT-7690-01 0.38 0.74 0.80417419359 0.8295845
TCGA-DU-7012-01 0.96 0.56 0.62715744614 0.498155
TCGA-FG-A6J1-01 0.61 0.73 0.897234322153 0.6989298
TCGA-DU-A5TS-01 0.41 0.67 0.92066092852 0.6923155
TCGA-P5-A5F0-01 0.56 0.69 NA 0.6576102
TCGA-QH-A86X-01 0.46 NA 0.961002529405 0.2681127
TCGA-S9-A7J2-01 0.72 NA 0.974627306945 0.9602715
TCGA-DU-8162-01 0.68 0.35 0.931533043692 0.191841
TCGA-DU-A7TI-01 0.45 NA 0.861480722344 0.8436303
TCGA-HT-7880-01 0.27 0.39 0.94610381485 0.1678596
TCGA-E1-A7YW-01 0.56 NA 0.917386770782 0.8532851
TCGA-CS-4942-01 0.94 0.75 0.811019225748 0.7388955
TCGA-DB-A64O-01 0.37 0.53 0.895240387282 0.4976534
TCGA-DB-A75P-01 0.25 0.28 0.907991279394 0.1692714
TCGA-S9-A6WL-01 0.28 NA 0.942254841972 0.6025583
TCGA-F6-A8O3-01 0.3 NA NA 0.8156363
TCGA-WY-A85C-01 0.63 NA 0.92442392023 0.8711893
TCGA-HW-A5KK-01 0.4 0.31 0.777048080091 0.2615693
TCGA-P5-A5EW-01 0.76 0.79 0.905303039797 0.9013706
TCGA-HT-7858-01 0.36 0.54 0.829080496242 0.8132981
TCGA-DU-6410-01 0.86 0.87 NA 0.8749589
TCGA-DU-7304-02 0.79 NA 0.971564476835 NA
TCGA-E1-A7Z6-01 0.68 NA 0.920958649536 0.7503595
TCGA-TQ-A7RK-01 0.72 NA 0.959636278642 0.7814568
TCGA-E1-A7YO-01 0.73 NA 0.972170155401 0.9074335
TCGA-TQ-A7RH-01 0.63 NA 0.870937758149 0.7952114
TCGA-DU-6400-01 0.78 0.89 0.963829629223 0.515213
TCGA-HT-8108-01 0.64 0.57 0.860519966839 0.8199519
TCGA-QH-A6CV-01 0.45 0.55 0.851622988167 0.3835975
TCGA-DU-5874-01 0.93 0.85 0.978890124838 0.8074021
TCGA-DU-7006-01 0.43 0.64 0.777207209988 0.5430345
TCGA-DU-8168-01 0.63 0.83 NA 0.7470636
TCGA-HT-A616-01 0.64 0.44 0.955058794547 0.681349
TCGA-R8-A6ML-01 0.57 0.76 0.973941133632 0.8050199
TCGA-TM-A84I-01 0.62 NA 0.935990833089 0.8881987
TCGA-DU-7304-01 0.35 0.82 NA 0.8413017
TCGA-HT-7611-01 0.57 0.66 0.880053526816 0.9686295
TCGA-HT-7854-01 0.31 0.59 0.807887206961 0.5125301
TCGA-DH-A7UU-01 0.53 NA 0.939477941874 0.6678273
TCGA-FG-8189-01 0.24 0.43 NA NA
TCGA-DU-A5TW-01 0.53 0.51 0.9468280247 0.9130879
TCGA-HT-7469-01 0.5 0.75 0.944892823433 0.6528837
TCGA-DU-8164-01 0.61 0.84 0.979496011936 0.764832
TCGA-CS-5394-01 0.62 0.87 NA 0.8777585
TCGA-DU-5853-01 0.29 0.58 0.846227117022 0.619955
TCGA-HT-7877-01 0.28 0.5 0.962627052335 0.5935638
TCGA-DU-6393-01 0.75 0.84 0.979954408886 0.9542765
TCGA-HW-8321-01 0.48 0.59 0.904448896949 0.6492155
TCGA-HT-8010-01 0.34 0.39 0.928338844501 0.458791
TCGA-HT-7686-01 0.58 0.66 0.76480701752 0.6901635
TCGA-E1-5302-01 0.46 0.66 0.851052153318 0.94951
TCGA-DU-A76K-01 0.37 NA 0.972493478087 0.9671153
TCGA-P5-A77W-01 0.42 0.61 0.977073818644 0.7280545
TCGA-P5-A5EU-01 0.75 0.8 0.819074213269 0.840248
TCGA-DU-5854-01 0.35 0.53 0.804016035358 0.4397738
TCGA-HT-7472-01 0.57 0.77 0.845750924492 0.776058
TCGA-WY-A858-01 0.28 NA 0.773824973482 0.5507628
TCGA-TM-A84F-01 0.37 NA 0.752770313176 0.6758359
TCGA-FG-7641-01 0.35 0.62 NA 0.6760191
TCGA-DU-6402-01 0.33 0.63 0.790121717139 0.5882052
TCGA-QH-A65R-01 0.86 0.78 0.957480238479 0.7432694
TCGA-HT-7695-01 0.57 0.72 0.96849110782 0.5187297
TCGA-DU-A6S6-01 0.64 0.79 NA 0.7979441
TCGA-DU-A5TP-01 0.58 0.63 0.777091803114 0.7939759
TCGA-DB-A75K-01 0.49 0.77 0.879956422522 0.7480433
TCGA-VW-A7QS-01 0.73 NA 0.966879305733 0.7995383
TCGA-S9-A6TS-01 0.34 NA 0.909887488209 0.7515912
TCGA-DH-A7UR-01 0.38 NA 0.967598818343 0.6754461
TCGA-DH-5144-01 0.8 0.89 0.962246509902 0.8200748
TCGA-S9-A7R4-01 0.57 NA 0.83499505762 0.8183544
TCGA-DU-7306-01 0.48 0.76 0.894733691144 0.7767248
TCGA-P5-A735-01 0.32 0.66 0.944567074039 0.8240079
TCGA-FG-8191-01 0.32 0.45 0.870013934124 0.8560129
TCGA-CS-6290-01 0.34 0.67 0.765670409759 0.5764098
TCGA-HT-A5R7-01 0.58 0.47 0.948935658552 0.1694144
TCGA-TQ-A7RS-01 0.49 NA 0.975508472922 0.8737557
TCGA-HT-7476-01 0.33 0.54 0.893118949849 0.6985499
TCGA-HW-7495-01 0.46 0.66 0.968555943584 0.6561336
TCGA-DU-A6S2-01 0.4 0.66 0.974764843144 0.4432603
TCGA-DU-7015-01 0.48 0.71 0.831441493019 0.8680295
TCGA-DB-5279-01 0.9 0.83 0.939694464202 0.8539684
TCGA-S9-A6WI-01 0.26 NA 0.971385971356 0.2027849
TCGA-DH-A66G-01 0.27 0.6 NA 0.6984473
TCGA-HT-8109-01 0.37 0.63 0.936554230452 0.682509
TCGA-QH-A6X3-01 0.62 0.81 0.930794379736 0.8730881
TCGA-CS-5396-01 0.88 0.84 0.921245306708 0.7518482
TCGA-R8-A6MK-01 0.3 0.6 0.952590610714 0.7491489
TCGA-DU-7014-01 0.39 0.6 0.904528716377 0.8574429
TCGA-E1-A7YJ-01 0.63 NA 0.851941191543 0.7506975
TCGA-FG-6690-01 0.35 0.55 0.878167487771 0.9173859
TCGA-HT-7857-01 0.33 0.56 0.52929629801 0.3715621
TCGA-QH-A6CW-01 0.61 0.79 0.893619862943 0.8323785
TCGA-TM-A84L-01 0.48 NA 0.862230446143 0.6670285
TCGA-FG-5964-01 0.54 0.63 0.872371090045 0.5292842
TCGA-HT-7884-01 0.32 0.41 0.962064144707 0.7916404
TCGA-TM-A84Q-01 0.72 NA 0.854100652762 0.7829584
TCGA-FG-A6IZ-01 0.76 0.8 0.938439172851 0.8839061
TCGA-DU-5847-01 0.64 0.73 0.792999005616 NA
TCGA-DU-8165-01 0.47 0.75 0.788935399715 0.3965989
TCGA-VM-A8CF-01 0.71 NA 0.801405737409 0.8383152
TCGA-P5-A5EZ-01 0.37 0.6 0.877163539286 0.6205778
TCGA-S9-A7J1-01 0.61 NA 0.93746350343 0.6121124
TCGA-HT-A4DS-01 0.56 0.68 0.836070264743 NA
TCGA-RY-A843-01 0.45 NA 0.9388520418 0.6613818
TCGA-HT-7473-01 0.48 0.58 0.744405883943 NA
TCGA-S9-A7QY-01 0.35 NA 0.969178085581 0.6342908
TCGA-FG-7643-01 0.27 NA 0.934017062507 0.1614108
TCGA-HT-8011-01 0.75 0.77 0.943044858304 0.8031949
TCGA-E1-A7YY-01 0.27 NA 0.956558788692 0.1549491
TCGA-DH-5142-01 0.45 0.61 0.773708886448 0.5915792
TCGA-DB-A64L-01 0.36 0.67 0.935745539638 0.6961211
TCGA-S9-A7QZ-01 0.41 NA NA 0.4049613
TCGA-FG-8187-01 0.25 0.68 0.92501677001 0.668752
TCGA-S9-A7IX-01 0.48 NA 0.833109489554 0.5803695
TCGA-HT-7470-01 0.39 0.58 0.93559215393 0.9735188
TCGA-DU-5870-01 0.69 0.73 0.913441533442 0.6540496
TCGA-RY-A83Z-01 0.87 NA 0.930756351045 0.849956
TCGA-RY-A83Y-01 0.75 NA 0.921898753622 0.8012448
TCGA-DB-A4X9-01 0.8 0.79 0.948494722841 0.8413324
TCGA-HT-7874-01 0.22 0.4 0.966407851793 0.2184396
TCGA-VV-A86M-01 0.4 NA 0.889586454896 0.9248075
TCGA-E1-5305-01 0.55 0.58 0.912580418581 0.7727145
TCGA-DU-5855-01 0.54 0.58 0.858197493529 0.6637091
TCGA-TM-A84C-01 0.39 NA 0.853496976501 0.7765443
TCGA-HT-8104-01 0.49 0.68 0.903827225809 0.6447011
TCGA-DH-A66F-01 0.47 0.8 0.957062419268 0.6870252
TCGA-CS-4938-01 0.68 0.59 0.90272129351 0.7771299
TCGA-CS-4943-01 0.73 0.84 0.913807305976 0.8989698
TCGA-HW-7491-01 0.79 0.84 0.966059446713 0.8546924
TCGA-DB-A75M-01 0.73 0.73 0.90654951485 0.8574941
TCGA-S9-A6UB-01 0.54 NA NA 0.8448344
TCGA-DB-A4XH-01 0.54 0.63 0.97436697075 0.7645623
TCGA-CS-6186-01 0.61 0.78 0.927338078577 NA
TCGA-E1-5318-01 0.68 0.81 0.929008087931 0.80717
TCGA-HT-8113-01 0.2 0.32 0.97894772745 0.2181507
TCGA-FG-A4MT-01 0.32 0.81 0.942560058915 0.7735396
TCGA-FG-A60J-01 0.35 0.75 0.901202614912 0.7454563
TCGA-VW-A8FI-01 0.74 NA 0.877627475644 0.8107467
TCGA-TQ-A7RU-01 0.58 NA 0.969974600555 0.8159282
TCGA-QH-A870-01 0.41 NA 0.953605971077 0.766726
TCGA-HT-7602-01 0.28 0.27 0.89329366249 0.1711154
TCGA-S9-A89Z-01 0.49 NA 0.807660757716 0.7510616
TCGA-DH-A669-02 0.64 0.76 0.913335780384 NA
TCGA-S9-A7QX-01 0.64 NA 0.906748544023 0.8423241
TCGA-FG-A713-01 0.32 0.43 0.971601954658 0.2967152
TCGA-DU-5872-01 0.78 0.63 0.855008938093 0.7960542
TCGA-S9-A6TY-01 0.38 0.65 NA 0.7811317
TCGA-DU-7298-01 0.32 0.62 0.917093977414 0.6064491
TCGA-HT-7681-01 0.31 0.53 0.924143439531 0.4040832
TCGA-S9-A7J0-01 0.79 NA 0.972064256641 NA
TCGA-DU-6397-01 0.41 0.62 NA 0.5946496
TCGA-S9-A7R3-01 0.57 NA 0.885257753204 0.7271882
TCGA-DH-5143-01 0.33 0.34 0.895514307182 0.3703369
TCGA-DU-6408-01 0.39 0.66 0.903865732127 0.7719415
TCGA-CS-4944-01 0.41 0.72 0.880729526489 0.6896753
TCGA-HT-7471-01 0.8 0.75 0.854616114337 0.8418708
TCGA-FG-A70Z-01 0.49 NA 0.81000919127 0.6467726
TCGA-IK-7675-01 0.52 0.85 0.959532201074 0.8817387
TCGA-DB-5270-01 0.39 0.44 0.877702388783 0.4437213
TCGA-S9-A7IY-01 0.62 NA 0.877996087435 0.7791534
TCGA-HT-8564-01 0.63 0.59 0.907305696964 0.7376389
TCGA-DU-A7TA-01 0.91 NA 0.855038810785 NA
TCGA-HT-7478-01 0.38 0.58 0.724465298391 0.4204597
TCGA-QH-A6X5-01 0.27 0.5 0.947704003172 0.2227159
TCGA-P5-A72W-01 0.59 0.65 0.935551754089 0.7686195
TCGA-HT-8111-01 0.4 0.51 0.862859240894 0.2738979
TCGA-QH-A6X9-01 0.63 0.62 0.954522676909 0.9053643
TCGA-TQ-A7RV-02 0.39 NA 0.880396413528 NA
TCGA-DU-A5TT-01 0.44 0.59 0.890197169164 0.618934
TCGA-DB-5273-01 0.72 0.7 0.823608990233 0.4048447
TCGA-HW-8319-01 0.55 0.72 0.949666020943 0.7874274
TCGA-P5-A730-01 0.38 0.77 0.948898504612 0.726198
TCGA-HT-8019-01 0.27 0.32 0.977425504916 0.2699864
TCGA-P5-A733-01 0.46 0.5 0.950394608492 0.7610543
TCGA-QH-A6CY-01 0.4 0.47 0.960793444739 0.6623126
TCGA-R8-A6YH-01 0.7 0.81 0.939359821763 0.9396334
TCGA-HT-A74O-01 0.38 0.74 0.79798876942 0.7824249
TCGA-CS-6666-01 0.54 0.52 0.886516809451 0.7714569
TCGA-S9-A6WQ-01 0.28 NA NA 0.5699612
TCGA-DB-A64U-01 0.45 0.68 0.954968960854 0.712529
TCGA-S9-A6TV-01 0.76 NA 0.762473875182 0.7896959
TCGA-WY-A85E-01 0.41 NA 0.971155792764 0.6528115
