abscnseq ascat estimate purbayes
TCGA-EA-A5ZD-01 0.36 0.4 0.766269221421 0.3325295
TCGA-EK-A2PG-01 0.63 0.66 0.956986602637 0.4616545
TCGA-EA-A439-01 0.39 0.62 0.835412725278 0.4912348
TCGA-C5-A8XK-01 0.62 NA 0.902442402386 0.6836931
TCGA-Q1-A6DW-01 0.72 0.71 0.879896908769 0.7471014
TCGA-VS-A8EK-01 NA NA 0.920718809781 NA
TCGA-ZJ-AAXJ-01 0.69 NA 0.904441058271 0.6819129
TCGA-ZJ-AAXT-01 0.51 NA 0.894945796274 0.5976515
TCGA-JW-A852-01 0.4 NA 0.887761311919 0.6473428
TCGA-C5-A1M5-01 0.49 0.73 0.812223858332 0.7298156
TCGA-LP-A4AW-01 0.39 0.39 0.807961584689 0.3338607
TCGA-Q1-A5R3-01 0.63 0.69 0.846748120337 0.7487356
TCGA-DS-A0VK-01 0.91 0.58 0.897575637951 0.6083226
TCGA-VS-A954-01 0.66 NA 0.861375312103 0.7026806
TCGA-EK-A2PM-01 0.7 0.58 0.97631752866 0.7647402
TCGA-C5-A1BK-01 0.39 0.45 0.688009542955 0.4032765
TCGA-Q1-A73S-01 0.86 NA 0.957413021325 0.7476382
TCGA-VS-A8Q8-01 0.57 NA 0.795010662613 0.6907627
TCGA-JW-AAVH-01 0.63 NA 0.947454143926 NA
TCGA-EA-A5ZE-01 0.93 0.61 0.71119234761 0.6943652
TCGA-EA-A556-01 0.61 0.56 0.883242824184 0.8011136
TCGA-EK-A2RK-01 0.82 0.74 0.844282330748 0.7435806
TCGA-C5-A8XJ-01 0.65 NA 0.83690355335 0.5377938
TCGA-EA-A5ZF-01 0.65 0.61 0.893838019722 0.6983335
TCGA-Q1-A73O-01 0.35 0.46 0.83620316148 0.5157167
TCGA-Q1-A73Q-01 0.81 0.78 0.928701708917 0.8186189
TCGA-EA-A50E-01 0.53 0.31 0.751060553611 0.487965
TCGA-ZJ-AAXF-01 0.3 NA 0.731522716839 0.2527949
TCGA-VS-A9V4-01 0.35 NA 0.953706981171 0.6080329
TCGA-C5-A7XC-01 0.52 NA 0.784193845923 0.3092714
TCGA-JW-A5VK-01 0.88 0.69 0.945913159549 0.973001
TCGA-FU-A2QG-01 0.7 0.8 0.92977856365 0.7888817
TCGA-VS-A94W-01 0.73 NA 0.745960796345 0.4451455
TCGA-MU-A51Y-01 0.32 0.46 0.694715600168 0.3675623
TCGA-RA-A741-01 0.34 NA 0.76990008137 0.1775874
TCGA-FU-A3TX-01 0.71 0.63 0.863512840503 NA
TCGA-DG-A2KL-01 0.5 0.48 0.720044904834 0.4336844
TCGA-VS-A9U7-01 0.67 NA 0.794954526788 0.7523634
TCGA-VS-A9UL-01 0.52 NA NA 0.9547392
TCGA-EA-A3Y4-01 0.68 0.57 0.695424408727 0.5327099
TCGA-C5-A8ZZ-01 0.6 NA 0.846418302681 0.5983519
TCGA-EK-A2RD-01 0.43 0.57 NA 0.5465196
TCGA-DG-A2KJ-01 0.49 0.6 0.744916063796 0.806914
TCGA-IR-A3LI-01 0.61 0.84 NA 0.8563109
TCGA-C5-A1BI-01 0.35 0.53 0.726458638563 0.2467444
TCGA-EA-A3HT-01 0.39 0.39 0.766983847985 0.4924323
TCGA-FU-A770-01 0.42 NA 0.919804856481 0.6070078
TCGA-EK-A2PI-01 0.65 0.65 0.919914750909 0.750151
TCGA-DS-A0VM-01 0.69 0.72 0.82957074357 0.6402519
TCGA-ZJ-AAXI-01 0.66 NA 0.922570802198 0.8376112
TCGA-C5-A1MJ-01 0.42 NA 0.789561639775 0.7539534
TCGA-DR-A0ZM-01 0.3 0.42 0.706638148166 0.4402283
TCGA-DS-A7WF-01 0.46 NA 0.903133487992 0.7340658
TCGA-JW-A5VG-01 0.75 0.71 0.846410842375 0.7011814
TCGA-DS-A1OC-01 NA NA 0.845030257065 NA
TCGA-VS-A9U5-01 0.59 NA 0.85714939704 0.2800266
TCGA-VS-A8EG-01 0.5 NA 0.939007791936 0.7767643
TCGA-EK-A2R7-01 0.58 0.69 0.834448148578 0.5249304
TCGA-VS-A9UP-01 0.64 NA 0.979669500966 0.5491837
TCGA-WL-A834-01 0.73 NA 0.92323774787 0.7396113
TCGA-ZJ-AAX4-01 0.69 NA 0.740599350165 0.595575
TCGA-EA-A3QD-01 0.55 0.48 0.56433011461 0.4945287
TCGA-ZJ-AB0I-01 0.88 NA 0.879771305315 0.7017085
TCGA-ZJ-A8QR-01 0.61 NA 0.906644293773 0.6649652
TCGA-LP-A4AU-01 0.24 0.23 0.857664259691 0.2414055
TCGA-EK-A2RA-01 0.42 0.51 0.823990715719 0.4830348
TCGA-IR-A3LF-01 0.32 0.26 0.872567136377 0.271971
TCGA-EK-A2GZ-01 0.39 0.31 0.903890723182 0.4216521
TCGA-VS-A8EL-01 0.32 NA 0.69427346818 0.4456456
TCGA-DS-A7WH-01 0.4 NA 0.845143345949 0.6022713
TCGA-DS-A1OA-01 NA NA 0.762680114252 NA
TCGA-JW-A5VH-01 0.59 0.68 0.949270824372 0.7663285
TCGA-C5-A2LY-01 0.6 0.59 0.703619506155 0.5204204
TCGA-C5-A1BJ-01 0.33 0.44 0.789070832139 0.3852772
TCGA-HM-A4S6-01 0.36 0.48 0.732306492817 0.4751118
TCGA-C5-A2M2-01 0.88 0.87 0.960339493786 0.9704846
TCGA-ZJ-A8QQ-01 0.72 NA 0.915487231655 0.6767276
TCGA-DG-A2KK-01 0.81 0.79 0.886737354648 0.7823902
TCGA-C5-A3HD-01 0.77 0.82 0.96922343811 0.8527466
TCGA-VS-A9UQ-01 0.53 NA 0.901065936563 0.4634171
TCGA-EA-A411-01 0.3 0.43 0.784733416549 0.5067705
TCGA-HM-A6W2-01 0.68 NA 0.848762597861 0.7435547
TCGA-EA-A97N-01 0.42 NA 0.854216012205 0.3192216
TCGA-FU-A3EO-01 0.52 0.74 0.834345064946 0.5773337
TCGA-UC-A7PI-01 0.66 NA 0.95031214827 NA
TCGA-C5-A1BN-01 0.76 0.75 0.958587916938 0.6706534
TCGA-BI-A20A-01 0.52 0.63 0.768843203728 0.3878765
TCGA-C5-A1BM-01 0.52 0.42 0.729635399587 0.5343641
TCGA-VS-A8EB-01 0.67 NA 0.853164652331 NA
TCGA-FU-A3YQ-01 0.3 0.22 0.692295559147 0.3147586
TCGA-C5-A2LV-01 0.67 0.67 0.789768315034 0.6415136
TCGA-VS-A950-01 0.5 NA 0.889467429014 0.5050135
TCGA-VS-A9V2-01 0.54 NA 0.794866924527 0.4559708
TCGA-C5-A8YQ-01 0.78 NA 0.890903983789 0.3928593
TCGA-BI-A0VR-01 0.31 0.34 0.758908394559 0.2584253
TCGA-C5-A1MI-01 0.87 0.71 0.85906391414 NA
TCGA-IR-A3L7-01 0.69 0.71 0.947052636084 0.5600819
TCGA-C5-A1MF-01 0.81 0.66 0.781433050009 0.7237602
TCGA-C5-A8XI-01 0.4 NA 0.846870249459 0.3835733
TCGA-HM-A3JK-01 0.46 0.43 0.691688279639 0.4475603
TCGA-FU-A3HY-01 0.53 0.59 0.954580088583 0.4759612
TCGA-VS-A9UI-01 0.35 NA 0.851850500095 0.4811329
TCGA-EA-A3HQ-01 0.62 0.73 0.767161375033 0.8362194
TCGA-C5-A1M7-01 0.42 0.42 0.826556646792 0.2999386
TCGA-C5-A1ME-01 0.45 0.67 0.852714363326 0.2692243
TCGA-EK-A2H0-01 0.71 0.63 0.923300378424 0.6654174
TCGA-EA-A1QS-01 0.25 0.21 0.714327624914 0.2055134
TCGA-C5-A7CL-01 0.48 0.58 0.860379866811 0.6255208
TCGA-VS-A8QC-01 0.61 NA 0.85403625433 0.4550551
TCGA-IR-A3LL-01 0.32 0.32 0.700946679321 0.4882186
TCGA-LP-A7HU-01 0.41 NA 0.799911513795 0.4166968
TCGA-C5-A2LS-01 0.57 0.62 0.975908466171 0.5862233
TCGA-VS-A9V0-01 0.61 NA 0.96735821663 0.7179533
TCGA-4J-AA1J-01 0.58 NA 0.892375900735 0.723838
TCGA-HG-A2PA-01 0.52 0.33 0.828902686522 0.3917509
TCGA-MY-A913-01 0.55 NA 0.834910585177 0.6168926
TCGA-DS-A3LQ-01 0.63 0.67 0.807798775765 0.7216227
TCGA-UC-A7PF-01 0.53 NA 0.706322697549 0.5108953
TCGA-ZJ-AAX8-01 0.41 NA 0.697753009814 0.3233304
TCGA-EA-A44S-01 0.5 0.7 0.811504085937 0.5024423
TCGA-C5-A1M9-01 0.52 0.62 0.923388613886 0.8299458
TCGA-ZJ-A8QO-01 0.56 NA 0.730048627887 0.5347513
TCGA-VS-A8QH-01 0.42 NA 0.940015860637 0.4833216
TCGA-C5-A1MQ-01 NA NA 0.654962082393 NA
TCGA-EK-A3GK-01 0.63 0.76 0.935605090979 0.7775649
TCGA-VS-A9UH-01 0.33 NA 0.594079039578 0.3443339
TCGA-IR-A3LA-01 0.83 0.75 0.883238180562 0.8628177
TCGA-FU-A57G-01 0.43 0.4 0.824750488468 0.5131392
TCGA-MY-A5BD-01 0.83 0.85 0.951915532014 0.8262727
TCGA-C5-A7CO-01 0.57 NA 0.90376499036 NA
TCGA-VS-A9UU-01 0.29 NA 0.936060127243 0.3590757
TCGA-EA-A5O9-01 0.91 0.7 0.892548594459 0.6947264
TCGA-EX-A449-01 0.52 0.65 0.955982386214 0.8043451
TCGA-EA-A78R-01 0.32 0.42 0.777656818109 0.3564066
TCGA-UC-A7PG-01 0.3 NA 0.88637751227 0.3226265
TCGA-LP-A4AV-01 0.57 0.48 0.696442249632 0.6242972
TCGA-EA-A3HR-01 0.69 0.68 0.897003586061 0.6787868
TCGA-VS-A8QF-01 0.41 NA 0.815560324976 0.3492752
TCGA-MA-AA41-01 0.53 NA 0.89890731843 0.5566133
TCGA-C5-A7CK-01 0.44 0.56 0.915954582123 0.4992623
TCGA-VS-A9UZ-01 0.45 NA 0.89761366563 0.6333447
TCGA-Q1-A5R1-01 0.49 0.71 0.921117587067 0.6833847
TCGA-UC-A7PD-01 0.63 NA 0.909884641026 0.4541107
TCGA-VS-A8EI-01 0.38 NA 0.809024068318 0.3575866
TCGA-EK-A2R9-01 0.53 0.76 0.733878454521 0.7347057
TCGA-C5-A0TN-01 0.88 0.79 0.885784258118 0.8392609
TCGA-C5-A7CH-01 0.51 NA 0.903387821988 NA
TCGA-C5-A1BQ-01 0.45 0.65 0.798183760703 0.6297742
TCGA-EK-A2RE-01 0.67 0.8 0.945211765375 0.7975497
TCGA-DG-A2KH-01 0.58 0.64 NA 0.4786408
TCGA-EX-A8YF-01 0.65 NA 0.807507946142 0.4985811
TCGA-VS-A957-01 0.5 NA 0.965022040959 0.38586
TCGA-FU-A3NI-01 0.65 0.62 0.84911927918 0.5509114
TCGA-VS-A8EJ-01 0.86 NA 0.911183920265 0.7704266
TCGA-C5-A7X3-01 0.29 NA 0.763675211946 0.313864
TCGA-C5-A1BF-01 0.83 0.69 0.783333339936 0.5783846
TCGA-JX-A5QV-01 0.47 0.63 0.870730760917 0.9701517
TCGA-MA-AA43-01 0.34 NA 0.860418815402 0.4431088
TCGA-IR-A3LC-01 0.61 0.67 0.87694267304 0.7591361
TCGA-C5-A7CM-01 0.77 NA 0.921627263755 0.7592639
TCGA-DS-A5RQ-01 0.62 0.51 0.83077547377 0.6731286
TCGA-C5-A2LZ-01 0.45 0.51 0.87871647626 0.3617777
TCGA-ZJ-AAXU-01 0.66 NA 0.799329182317 0.4540769
TCGA-DS-A7WI-01 0.7 NA 0.882843369146 0.4583894
TCGA-C5-A7CJ-01 0.46 0.27 0.705986452585 0.3047296
TCGA-C5-A901-01 NA NA 0.855583996884 NA
TCGA-Q1-A73R-01 0.54 NA 0.935399717905 0.7072277
TCGA-VS-A8EH-01 0.72 NA 0.944980980243 0.4715601
TCGA-EA-A1QT-01 0.86 0.72 0.885983176177 0.7871625
TCGA-VS-A9UO-01 0.66 NA 0.976322349258 0.6063118
TCGA-EK-A2R8-01 0.43 0.44 0.881934079503 0.6179999
TCGA-C5-A1MN-01 0.61 0.56 0.919207291092 0.7118634
TCGA-EK-A2RJ-01 0.72 0.32 0.783805171544 0.3349444
TCGA-VS-A9U6-01 0.8 NA 0.832916009122 0.6551037
TCGA-MA-AA3Y-01 0.38 NA 0.737116601391 0.4121661
TCGA-JW-A5VI-01 0.65 0.59 0.805167910077 0.5949066
TCGA-JW-A5VJ-01 0.48 0.6 0.911031291006 0.4629288
TCGA-FU-A40J-01 0.43 0.54 0.843480514467 0.3897858
TCGA-IR-A3LB-01 0.4 0.69 0.811008340154 0.6206842
TCGA-LP-A5U2-01 0.77 0.7 0.907399699415 0.817654
TCGA-EX-A1H6-01 0.36 0.56 0.904588473008 0.4204867
TCGA-LP-A4AX-01 0.45 0.46 0.693252696483 0.4353383
TCGA-VS-A9UY-01 0.76 NA 0.853882925517 0.766495
TCGA-IR-A3LK-01 0.79 0.8 0.869016786171 0.8076712
TCGA-FU-A23K-01 0.46 0.46 0.744808147412 0.633943
TCGA-EA-A3HU-01 NA 0.25 0.685052523053 NA
TCGA-Q1-A73P-01 0.39 0.52 0.867076164044 0.6886668
TCGA-C5-A8YT-01 0.47 NA 0.813857656162 0.8245595
TCGA-C5-A1BE-01 0.61 0.58 0.878347798 0.879724
TCGA-MU-A8JM-01 0.57 NA 0.839373396223 0.5972808
TCGA-DS-A0VL-01 0.59 0.55 0.862015882778 0.3456358
TCGA-VS-A9UM-01 0.5 NA 0.754782562606 0.7815463
TCGA-EK-A2PK-01 0.49 0.46 0.689212862384 0.3630085
TCGA-C5-A1MK-01 0.34 0.32 0.781483750401 0.5013646
TCGA-EA-A4BA-01 0.48 0.75 0.935695349152 0.6700006
TCGA-DS-A0VN-01 0.41 0.52 0.661816008018 0.4802208
TCGA-C5-A8XH-01 0.56 NA 0.830997657497 0.4753602
TCGA-EK-A3GN-01 0.92 0.64 0.974334880577 0.6616272
TCGA-VS-A8QM-01 0.27 NA 0.645302450944 0.2582717
TCGA-C5-A2LT-01 0.38 0.6 0.767861256652 0.5527383
TCGA-EK-A2RB-01 0.6 0.77 0.90460975194 0.7581529
TCGA-VS-A94Z-01 0.34 NA 0.67045544504 0.3390796
TCGA-C5-A902-01 NA NA 0.835495244546 NA
TCGA-C5-A7UI-01 0.44 NA 0.758179923338 0.4759896
TCGA-C5-A1M6-01 0.64 0.51 0.963281277853 NA
TCGA-C5-A7UE-01 0.48 NA 0.919208101994 0.3263681
TCGA-EA-A3QE-01 0.47 0.29 0.705203528688 0.3684363
TCGA-BI-A0VS-01 0.46 0.37 0.820023116709 0.7327289
TCGA-EA-A5FO-01 0.88 0.65 NA 0.9099129
TCGA-PN-A8MA-01 0.49 NA 0.842813782285 0.8074784
TCGA-R2-A69V-01 0.23 0.27 0.52676029021 0.22006
TCGA-Q1-A6DT-01 0.61 0.53 0.922465003518 0.9699713
TCGA-2W-A8YY-01 0.35 NA 0.896405740418 0.7528491
TCGA-VS-A9UR-01 0.87 NA 0.956154861224 0.7568727
TCGA-EX-A1H5-01 0.75 0.75 0.921324890273 0.8083282
TCGA-VS-A9V5-01 0.56 NA 0.940172752587 0.74962
TCGA-JX-A3PZ-01 0.67 0.6 0.751335922807 0.6073484
TCGA-ZJ-AB0H-01 0.35 NA 0.72156423864 0.3155171
TCGA-EA-A410-01 0.33 0.71 0.847178551245 NA
TCGA-C5-A3HF-01 0.54 0.34 0.844683765823 0.3680341
TCGA-FU-A3HZ-01 0.45 0.55 0.899916367406 0.644717
TCGA-HM-A6W2-06 0.59 NA 0.973378637293 NA
TCGA-C5-A7X8-01 0.61 NA 0.771766331086 0.965359
TCGA-C5-A1M8-01 0.82 0.84 0.92399516711 0.8645665
TCGA-VS-A959-01 0.25 NA 0.823357889167 0.230308
TCGA-C5-A2LX-01 0.69 0.58 0.663143674252 0.9739455
TCGA-VS-A9UD-01 0.59 NA 0.724846775569 0.516016
TCGA-ZX-AA5X-01 0.46 NA 0.660960882927 0.2657195
TCGA-MA-AA3X-01 0.51 NA 0.762708317086 0.4811233
TCGA-C5-A1BL-01 0.48 0.59 0.84307930606 0.4784929
TCGA-IR-A3LH-01 0.54 0.4 0.520496043985 0.4467458
TCGA-FU-A23L-01 0.65 0.48 0.803881379286 0.3397183
TCGA-DG-A2KM-01 0.27 NA 0.416390686123 0.2168292
TCGA-C5-A1MH-01 0.2 0.29 0.666829567855 0.1693293
TCGA-VS-A9UA-01 0.44 NA NA 0.4158785
TCGA-C5-A907-01 0.46 NA 0.847925945318 0.5880393
TCGA-VS-A94Y-01 0.63 NA 0.854972331073 0.5748597
TCGA-EK-A2IP-01 0.8 0.73 0.912642902469 0.8084111
TCGA-FU-A3WB-01 0.74 0.78 0.934013252043 0.8705902
TCGA-MU-A5YI-01 0.57 NA 0.731094764995 0.6340315
TCGA-Q1-A6DV-01 0.33 0.76 0.938494415131 0.6946521
TCGA-EK-A2RM-01 0.67 NA 0.864155222036 0.5273909
TCGA-LP-A5U3-01 0.73 0.79 0.861590003721 0.7999206
TCGA-VS-A9UB-01 0.42 NA 0.730360892424 0.6097635
TCGA-JX-A3Q8-01 0.79 0.79 0.860871040128 0.5671254
TCGA-EX-A3L1-01 0.42 0.26 0.801918113892 0.3524013
TCGA-MY-A5BE-01 0.37 0.29 0.516587605736 0.2647684
TCGA-C5-A7CG-01 0.29 0.3 0.63281975098 0.4158385
TCGA-C5-A8YR-01 0.72 NA 0.778983810413 0.6268184
TCGA-EK-A2PL-01 0.77 0.54 0.916296704552 0.7670809
TCGA-VS-A952-01 0.84 NA 0.953321091825 NA
TCGA-JW-A5VL-01 0.58 0.72 0.802227792614 0.824087
TCGA-VS-A958-01 0.34 NA 0.708491912902 0.4828943
TCGA-EK-A2H1-01 0.42 0.43 0.737367269729 0.3009088
TCGA-DS-A1OB-01 NA 0.54 0.845953687063 NA
TCGA-C5-A3HE-01 0.45 0.29 0.76610166109 0.5123892
TCGA-JW-A69B-01 0.76 0.58 0.845009423069 0.815305
TCGA-GH-A9DA-01 0.59 NA 0.828466466581 0.7871695
TCGA-C5-A905-01 NA NA 0.948281248093 NA
TCGA-DS-A1OD-01 NA NA 0.642995582118 NA
TCGA-ZJ-AAXD-01 0.58 NA 0.870676460392 0.5683681
TCGA-C5-A7X5-01 0.88 NA 0.949706917114 0.5757093
TCGA-EA-A43B-01 0.43 0.33 0.76669712312 0.2174432
TCGA-EX-A69M-01 0.51 0.65 0.796257468412 0.6653177
TCGA-UC-A7PG-06 0.39 NA 0.782725126219 NA
TCGA-EA-A6QX-01 0.63 NA 0.823512709545 0.8100029
TCGA-VS-A9UV-01 0.72 NA 0.93038228381 NA
TCGA-VS-A8QA-01 0.75 NA 0.946163914077 0.7682904
TCGA-EK-A2RC-01 0.45 0.61 0.75099836243 0.6021339
TCGA-JX-A3Q0-01 0.33 0.77 0.811071569989 0.643858
TCGA-EK-A2RL-01 0.78 0.86 0.944724211047 0.8444375
TCGA-HM-A3JJ-01 0.5 0.4 0.75017286329 0.358115
TCGA-VS-A9V1-01 0.37 NA 0.925207635483 0.6061386
TCGA-VS-A9UC-01 0.46 NA 0.796622874483 0.6871851
TCGA-ZJ-AAXA-01 0.67 NA 0.906814118253 0.7476052
TCGA-ZJ-AAXN-01 0.46 NA 0.82996527806 0.7537665
TCGA-VS-A9UJ-01 0.46 NA 0.978043783349 0.725445
TCGA-VS-A9UT-01 0.54 NA 0.584080936946 0.3063516
TCGA-EK-A2RO-01 0.57 0.69 0.837539339677 0.6376104
TCGA-C5-A2M1-01 0.95 0.68 0.837485071587 0.607954
TCGA-VS-A953-01 0.71 NA 0.921381601145 0.7985825
TCGA-FU-A5XV-01 0.53 0.65 0.900003756667 0.7064267
TCGA-VS-A94X-01 0.56 NA 0.918480312122 0.5414301
TCGA-MA-AA3W-01 0.31 NA 0.72080853806 0.3108943
TCGA-ZJ-AAXB-01 0.67 NA 0.909491492998 0.4970556
TCGA-EX-A69L-01 0.37 0.35 0.684040617308 0.516583
TCGA-C5-A1MP-01 0.44 0.35 0.638782008825 0.5763625
TCGA-EK-A3GJ-01 0.6 0.6 0.800186911855 0.8402632
TCGA-Q1-A5R2-01 0.84 NA 0.751870361777 0.2332694
TCGA-HG-A9SC-01 0.49 NA NA 0.6416841
TCGA-MY-A5BF-01 0.88 0.71 0.820251161379 0.6920596
TCGA-C5-A1ML-01 0.75 0.67 0.87777073566 0.8571217
TCGA-VS-A8EC-01 0.86 NA NA NA
TCGA-EK-A3GM-01 0.69 0.64 0.96660445081 0.5038894
TCGA-VS-AA62-01 0.42 NA 0.711167822325 0.3114261
TCGA-FU-A3TQ-01 0.41 0.61 0.839533352337 0.5855
TCGA-DR-A0ZL-01 0.36 0.55 0.949445594837 0.4423251
TCGA-MA-AA3Z-01 0.52 NA 0.868733242018 0.6785711
TCGA-C5-A7UC-01 0.51 NA 0.952513017435 0.7758376
TCGA-C5-A3HL-01 0.73 0.6 0.910795649184 0.5636764
TCGA-EA-A3HS-01 0.74 0.79 0.854818641114 0.817252
TCGA-VS-A9V3-01 0.52 NA 0.837544608078 0.7604671
TCGA-C5-A7UH-01 0.59 NA 0.859550816602 0.75124
TCGA-MA-AA42-01 0.48 NA 0.608295189435 0.3970729
TCGA-EK-A2RN-01 0.65 0.57 0.809189667146 0.4590787
TCGA-XS-A8TJ-01 0.34 NA 0.832112781733 0.2050299
TCGA-VS-A8Q9-01 0.69 NA 0.931052173077 0.6722421
