abscnseq ascat estimate purbayes
TCGA-E7-A5KF-01 0.95 0.71 NA 0.9530955
TCGA-FD-A3SJ-01 0.51 0.4 0.866601079444 0.4969162
TCGA-HQ-A2OE-01 0.71 0.66 0.968307644717 0.4543892
TCGA-YC-A89H-01 0.42 NA 0.866360625706 0.645427
TCGA-GD-A3OQ-01 0.47 0.61 0.924324841199 0.8354744
TCGA-FD-A6TI-01 0.42 0.38 0.902259176994 0.4666873
TCGA-2F-A9KP-01 0.55 NA 0.975600204397 0.8381369
TCGA-FD-A43U-01 0.38 0.35 0.51606621969 0.2074859
TCGA-XF-A9SJ-01 0.4 NA 0.709458207227 0.2740587
TCGA-XF-A9SU-01 0.25 NA 0.729956823666 0.222626
TCGA-GU-A764-01 0.46 NA 0.704854033866 0.2052049
TCGA-ZF-A9RE-01 0.65 NA 0.972876321475 0.7647284
TCGA-XF-A8HC-01 0.93 NA NA 0.661993
TCGA-4Z-AA81-01 0.5 NA 0.875776833294 0.8752091
TCGA-GU-A767-01 0.41 0.33 0.885300932099 0.2636308
TCGA-FJ-A3Z9-01 0.39 0.91 NA 0.7933565
TCGA-BT-A42C-01 0.61 0.53 0.968182059567 0.8190919
TCGA-ZF-AA58-01 0.3 NA 0.533933966496 0.2956289
TCGA-DK-A2I1-01 0.62 0.54 0.672858936759 0.5099314
TCGA-E7-A677-01 0.63 0.85 0.907815012202 0.8419883
TCGA-DK-A3IT-01 0.45 0.45 0.819138932593 0.4856722
TCGA-G2-A3IE-01 0.61 0.66 0.93594543794 0.6296666
TCGA-KQ-A41R-01 0.6 NA 0.948767579904 0.873888
TCGA-4Z-AA7O-01 0.63 NA 0.846117032443 0.7647968
TCGA-XF-A9T4-01 0.71 NA 0.8533963585 0.7525634
TCGA-UY-A78K-01 0.59 NA 0.734689563686 0.6839256
TCGA-CF-A1HR-01 0.34 0.42 0.879344296674 0.5992993
TCGA-S5-A6DX-01 0.38 0.39 0.63984385772 0.6253545
TCGA-GC-A3RD-01 0.61 0.49 0.928417444938 0.5246208
TCGA-G2-A2EC-01 NA 0.52 0.743516406836 NA
TCGA-G2-A2ES-01 0.53 0.52 0.783591653601 NA
TCGA-FJ-A3ZE-01 0.88 0.8 NA 0.8976114
TCGA-ZF-A9R9-01 0.79 NA 0.748268337879 0.8682995
TCGA-K4-A6FZ-01 0.5 0.36 0.848206559808 0.4037071
TCGA-DK-A6B6-01 0.5 0.47 0.888052712139 0.6590492
TCGA-XF-A9T3-01 0.43 NA 0.718171466112 0.4686782
TCGA-DK-AA6X-01 0.25 NA 0.830237343655 0.4392422
TCGA-CU-A0YR-01 0.48 0.41 0.728924518416 NA
TCGA-DK-A1AA-01 0.78 0.82 0.9320931762 0.8560785
TCGA-G2-AA3F-01 0.52 NA 0.946209532414 0.5065491
TCGA-DK-AA75-01 0.62 NA NA NA
TCGA-E7-A3Y1-01 0.56 0.64 0.931194142206 0.7884586
TCGA-ZF-A9RN-01 0.7 NA 0.852616790102 0.6514258
TCGA-XF-A9SZ-01 0.44 NA 0.725467413657 0.4142861
TCGA-DK-A3IS-01 0.78 0.78 0.961145242881 0.8715909
TCGA-BT-A0S7-01 0.4 0.55 0.880209225002 0.7007934
TCGA-GD-A3OP-01 0.2 0.62 0.823644444104 0.1440244
TCGA-DK-AA6T-01 0.52 NA 0.657042183726 0.7741612
TCGA-ZF-A9RM-01 0.66 NA NA 0.7622488
TCGA-DK-A3X1-01 0.41 0.41 0.877645804458 0.4230515
TCGA-UY-A9PE-01 0.5 NA 0.901576387509 0.4935743
TCGA-XF-AAN3-01 0.41 NA 0.768274645212 0.5263634
TCGA-G2-A2EK-01 0.33 0.49 0.886881353644 0.515017
TCGA-KQ-A41N-01 0.57 NA 0.962686588424 0.7365987
TCGA-CF-A47X-01 0.89 0.75 0.973922779423 0.960291
TCGA-G2-A3VY-01 NA 0.72 NA NA
TCGA-CU-A3QU-01 0.86 0.74 0.976247007541 0.8592504
TCGA-DK-A3WW-01 0.28 0.5 0.711042106353 0.9781833
TCGA-4Z-AA7Y-01 0.79 NA 0.968748284731 0.8096631
TCGA-4Z-AA84-01 0.48 NA 0.932268033381 0.6142139
TCGA-BT-A3PK-01 0.23 0.29 0.746599886611 0.2064475
TCGA-DK-A3IV-01 0.53 0.55 0.863600380089 0.5355778
TCGA-XF-AAN5-01 0.34 NA 0.774123779427 0.4290328
TCGA-BT-A20T-01 0.57 0.56 0.794507477816 0.6291598
TCGA-ZF-AA4T-01 NA NA 0.966302246862 0.890412
TCGA-CF-A27C-01 0.89 0.74 0.979741977987 0.9312883
TCGA-BL-A13I-01 0.32 0.37 0.516083732537 0.3364946
TCGA-CU-A0YN-01 0.5 0.5 0.788374114487 0.465771
TCGA-K4-A54R-01 0.83 0.6 0.704167109689 0.5741666
TCGA-DK-A3IQ-01 0.24 0.36 0.646444015097 0.277009
TCGA-XF-AAN1-01 0.76 NA 0.941478011054 0.8875888
TCGA-DK-AA6U-01 0.92 NA 0.970957134443 NA
TCGA-ZF-AA4X-01 0.44 NA NA 0.8779652
TCGA-E5-A4U1-01 0.89 0.78 NA NA
TCGA-FD-A3NA-01 0.4 0.41 0.824223242406 0.4931057
TCGA-BL-A3JM-01 0.57 0.67 0.897433973025 NA
TCGA-FD-A5C1-01 0.33 NA 0.618743435528 0.6949921
TCGA-XF-AAMZ-01 0.42 NA 0.895294647334 0.2029273
TCGA-DK-A6AV-01 0.49 0.46 0.892457789719 0.4949915
TCGA-FD-A6TG-01 0.38 0.27 0.740305160717 0.242952
TCGA-KQ-A41O-01 0.95 NA NA NA
TCGA-BT-A20O-01 0.26 0.23 0.408792411603 0.1787994
TCGA-E7-A4XJ-01 0.36 0.7 0.952035618416 0.6756406
TCGA-YF-AA3L-01 0.77 NA 0.932993694145 0.951413
TCGA-CF-A3MI-01 0.77 0.78 0.89456972067 NA
TCGA-GC-A4ZW-01 NA NA 0.968080243245 0.8854546
TCGA-XF-A8HD-01 0.45 NA 0.747604280819 0.4466366
TCGA-GD-A6C6-01 0.88 0.78 0.901464039022 NA
TCGA-GD-A3OS-01 0.65 0.65 0.881555597623 0.6804441
TCGA-E7-A3X6-01 0.65 0.39 0.811518301744 0.6237967
TCGA-K4-A4AB-01 0.51 0.57 0.793584246141 0.7315174
TCGA-DK-A2I2-01 0.45 0.3 0.688594802145 0.247355
TCGA-SY-A9G5-01 0.46 NA 0.619918203065 0.437971
TCGA-FD-A5BS-01 0.24 NA 0.321279419728 0.174923
TCGA-E7-A519-01 0.37 0.43 0.80792130135 0.7020703
TCGA-UY-A78P-01 0.3 NA 0.657031839087 0.2713711
TCGA-HQ-A5NE-01 0.36 0.24 0.855611462306 0.7474084
TCGA-FD-A62N-01 0.32 0.31 0.380996614279 0.2465593
TCGA-ZF-A9R2-01 0.66 NA NA NA
TCGA-XF-AAMR-01 0.27 NA 0.759434685938 0.3722372
TCGA-XF-AAN4-01 0.32 NA 0.473731587904 NA
TCGA-XF-AAMQ-01 0.66 NA 0.813424139033 NA
TCGA-ZF-AA4V-01 0.59 NA 0.812470711537 NA
TCGA-ZF-AA4N-01 0.55 NA 0.846085883165 0.7956168
TCGA-GV-A3JZ-01 0.82 0.75 0.871183674332 NA
TCGA-K4-A3WU-01 0.41 NA 0.699987625159 0.2247563
TCGA-DK-A1AF-01 0.23 NA 0.571344811734 0.1264121
TCGA-XF-AAME-01 0.2 NA 0.44476564141 0.11452254
TCGA-XF-A9SH-01 0.67 NA 0.898815167529 0.7035116
TCGA-BT-A20X-01 0.45 0.33 0.835545196346 0.66413
TCGA-CF-A1HS-01 NA 0.52 0.844607447559 0.9132941
TCGA-GV-A3QG-01 0.45 0.45 0.416975810968 0.4483994
TCGA-XF-A9T5-01 0.46 NA 0.646830513944 0.8988243
TCGA-XF-A8HF-01 0.79 NA 0.827760594699 0.4362107
TCGA-ZF-A9R7-01 0.62 NA 0.755404446754 0.5860446
TCGA-DK-AA6P-01 NA NA 0.977270157356 NA
TCGA-HQ-A2OF-01 0.79 0.78 NA 0.564441
TCGA-GU-A42P-01 0.52 0.51 NA 0.4883176
TCGA-FD-A43P-01 0.55 0.35 0.704091913305 0.3745092
TCGA-FD-A3N6-01 0.74 0.81 0.900012132737 0.7288343
TCGA-E7-A6MF-01 0.35 0.29 0.964838546464 0.9481436
TCGA-FD-A3B8-01 0.24 NA 0.385284369923 NA
TCGA-CF-A3MH-01 0.75 0.81 0.963755729963 0.8818072
TCGA-FD-A3SS-01 0.49 0.71 0.933690906216 0.687345
TCGA-ZF-A9RF-01 0.57 NA 0.753287303066 0.8193888
TCGA-ZF-A9R4-01 0.92 NA 0.934951721841 NA
TCGA-DK-A6B2-01 0.48 0.4 0.678232954891 0.889571
TCGA-GU-A762-01 0.31 NA 0.576969589101 0.3928452
TCGA-DK-AA76-01 0.75 NA NA 0.9083963
TCGA-E7-A678-01 0.58 NA 0.951427117945 0.870374
TCGA-S5-AA26-01 0.85 NA 0.975719635937 0.9228734
TCGA-XF-A9SM-01 0.32 NA 0.5491300666 0.2639481
TCGA-DK-A2HX-01 0.72 0.47 0.740462600205 0.2676676
TCGA-GV-A3JX-01 0.76 0.81 0.898502065796 0.8701254
TCGA-YC-A9TC-01 0.56 NA 0.915468064712 0.798871
TCGA-2F-A9KT-01 0.54 NA 0.916289438575 0.5437675
TCGA-GU-AATP-01 0.59 NA 0.74476491107 0.866194
TCGA-DK-A1A7-01 0.81 0.66 0.914738856162 NA
TCGA-DK-A3IL-01 0.93 0.71 0.919109195839 NA
TCGA-FD-A3SO-01 0.36 0.52 0.727647783594 0.5070832
TCGA-FD-A3SQ-01 0.29 0.29 0.705504460925 0.4512145
TCGA-FD-A3N5-01 0.64 0.66 0.888230431419 0.9583846
TCGA-E7-A85H-01 0.72 NA 0.842915445326 NA
TCGA-E7-A4IJ-01 0.68 0.64 0.902306727954 NA
TCGA-UY-A9PB-01 0.37 NA 0.598423808839 0.3332107
TCGA-LT-A8JT-01 0.81 NA 0.927788461671 0.8135912
TCGA-DK-A3WX-01 0.2 0.41 0.712355520727 0.3186179
TCGA-GC-A3I6-01 0.48 0.49 0.825261257256 NA
TCGA-DK-AA6R-01 0.61 NA 0.900460364905 0.5158966
TCGA-G2-A2EL-01 0.94 0.85 NA 0.9144756
TCGA-GU-A42R-01 0.56 0.67 0.969676892017 0.731848
TCGA-DK-A1AD-01 0.71 0.63 0.850326611967 NA
TCGA-BL-A0C8-01 0.46 0.63 0.895965220263 0.9360059
TCGA-GD-A2C5-01 0.48 0.49 0.86891856224 0.4389378
TCGA-XF-A9SV-01 0.56 NA 0.841476062547 0.5544112
TCGA-E7-A97P-01 0.29 NA 0.683911863521 0.4270765
TCGA-UY-A8OB-01 0.67 NA 0.894090591312 0.7201842
TCGA-UY-A9PF-01 0.38 NA 0.851272542819 0.4833041
TCGA-BT-A2LD-01 0.53 NA 0.875647355733 0.3871486
TCGA-DK-AA77-01 0.78 NA 0.909462817147 0.8337534
TCGA-DK-A6AW-01 0.9 0.88 0.934570523533 0.9082742
TCGA-XF-AAMF-01 0.7 NA NA 0.721693
TCGA-GV-A3JW-01 0.79 0.66 NA 0.6733877
TCGA-DK-AA74-01 0.25 NA 0.461778812889 0.2226634
TCGA-E5-A2PC-01 NA 0.69 0.913797797021 0.7293655
TCGA-FD-A5BY-01 0.55 0.64 0.829687986212 0.6686943
TCGA-DK-AA71-01 0.68 NA 0.936617439934 NA
TCGA-BT-A42B-01 0.65 0.72 NA 0.738743
TCGA-GU-AATQ-01 NA NA 0.905426927574 0.7104385
TCGA-ZF-A9R5-01 0.62 NA 0.952961099966 0.9448037
TCGA-BT-A3PH-01 0.77 0.71 0.933346361929 NA
TCGA-FD-A6TH-01 NA 0.64 0.836568483494 0.6673377
TCGA-BT-A20Q-01 0.61 0.63 0.727740382226 0.6136834
TCGA-C4-A0F0-01 0.49 NA 0.792532975283 NA
TCGA-4Z-AA7N-01 0.2 NA 0.513409109197 0.1262755
TCGA-4Z-AA7Q-01 0.35 NA 0.739577682014 0.3276704
TCGA-FD-A3B3-01 0.36 0.28 0.596252091868 0.1906438
TCGA-XF-A8HE-01 0.24 NA 0.761230929148 0.3306583
TCGA-DK-A3WY-01 0.36 0.4 0.432970351125 0.8714426
TCGA-DK-AA6W-01 0.76 NA 0.92558001208 NA
TCGA-UY-A8OD-01 0.51 NA 0.724569104346 0.7433925
TCGA-BT-A20R-01 0.41 0.52 0.725212029805 0.4077411
TCGA-CF-A47V-01 0.74 0.82 0.878327154567 0.8551338
TCGA-XF-AAN8-01 0.27 NA 0.378948549215 0.1468095
TCGA-FD-A43Y-01 0.52 0.47 0.775693002631 0.3395671
TCGA-K4-A3WS-01 0.29 0.26 0.636644203535 0.3562474
TCGA-BT-A2LA-01 0.93 0.78 NA NA
TCGA-K4-A83P-01 0.26 NA 0.479626916814 0.1319854
TCGA-K4-A5RJ-01 0.44 0.46 0.507964252062 0.4514314
TCGA-XF-AAMY-01 0.54 NA 0.820139440677 0.4696872
TCGA-DK-A1A6-01 0.7 0.73 0.806920492231 NA
TCGA-K4-A5RI-01 0.94 0.44 0.867880877656 0.772413
TCGA-CF-A9FH-01 0.92 NA 0.969432361245 0.9630219
TCGA-XF-A8HI-01 0.67 NA 0.939088018992 0.8716628
TCGA-E7-A6ME-01 0.75 0.71 0.935028703202 0.878498
TCGA-UY-A8OC-01 0.52 NA 0.794281760826 0.6338788
TCGA-DK-A6B1-01 0.78 0.79 0.944335924102 NA
TCGA-E7-A8O8-01 NA NA 0.945227367534 NA
TCGA-4Z-AA87-01 0.6 NA 0.851265559477 0.574432
TCGA-GV-A3JV-01 0.45 0.7 0.813750616402 0.5367168
TCGA-FD-A5BT-01 0.33 NA 0.440790550481 0.2447503
TCGA-CU-A3KJ-01 0.7 0.76 0.885510036705 NA
TCGA-GD-A76B-01 0.25 0.26 0.80118095081 0.3220842
TCGA-CF-A3MF-01 0.82 0.75 0.942994699813 NA
TCGA-FD-A3B6-01 0.44 0.39 0.716298810398 0.3854287
TCGA-BL-A13J-01 NA NA 0.865241222119 NA
TCGA-UY-A78L-01 0.49 NA 0.854495171617 0.9408874
TCGA-GC-A6I3-01 0.37 0.37 0.724199689634 0.3147583
TCGA-ZF-AA4R-01 0.62 NA 0.847194002953 0.8910296
TCGA-BT-A20W-01 0.6 0.62 0.853859630824 0.1583095
TCGA-CF-A47S-01 0.37 0.48 0.925808006633 0.4357654
TCGA-XF-A9SX-01 0.48 NA 0.571355384098 0.4281084
TCGA-FD-A3SL-01 0.49 0.5 0.6899924993 NA
TCGA-UY-A78O-01 0.4 NA 0.910954877669 0.4401956
TCGA-DK-A6B5-01 0.73 0.75 0.858162726438 0.689259
TCGA-ZF-A9R0-01 0.49 NA 0.86727769722 0.5980174
TCGA-GC-A3WC-01 0.24 0.36 0.715397334719 0.3472903
TCGA-FD-A3B5-01 0.51 0.6 0.914808643526 NA
TCGA-LT-A5Z6-01 0.64 0.77 0.947979281659 0.7920843
TCGA-CF-A9FM-01 0.33 NA 0.930136673528 0.8831583
TCGA-XF-A9SP-01 0.46 NA 0.695330378434 0.3394711
TCGA-BT-A20P-01 0.8 0.85 0.951973409535 0.8446434
TCGA-CF-A47T-01 0.93 0.68 0.955244319382 0.8456609
TCGA-H4-A2HQ-01 0.66 0.67 0.9637389909 NA
TCGA-XF-AAML-01 0.51 NA 0.951125801007 0.4235876
TCGA-UY-A9PA-01 0.2 NA 0.903876353522 0.1422116
TCGA-XF-AAMW-01 0.57 NA 0.820978688886 0.5554389
TCGA-XF-A9T0-01 0.77 NA 0.812437891678 0.8672126
TCGA-DK-AA6M-01 0.61 NA 0.712445203634 0.5649974
TCGA-XF-AAN7-01 0.75 NA 0.855548802688 NA
TCGA-FD-A5BZ-01 0.39 0.39 0.752342270226 0.540441
TCGA-UY-A9PH-01 0.42 NA 0.650373899453 0.5025554
TCGA-ZF-AA5H-01 0.58 NA 0.762411858586 0.4978188
TCGA-FD-A6TK-01 0.25 NA 0.631566393969 0.305898
TCGA-DK-A1A5-01 0.57 0.56 0.793320612712 NA
TCGA-FD-A5BU-01 0.29 0.23 0.690579427222 0.3408152
TCGA-KQ-A41Q-01 0.48 NA 0.955396283669 0.4500031
TCGA-XF-A8HH-01 0.5 NA 0.812029967784 0.459977
TCGA-GU-A766-01 0.31 0.35 0.600090913353 0.4361398
TCGA-XF-A9SI-01 0.2 NA 0.494530040775 0.1704583
TCGA-FJ-A3ZF-01 0.8 0.64 NA NA
TCGA-CF-A7I0-01 0.88 NA 0.87924154875 0.6430464
TCGA-YF-AA3M-01 0.55 NA 0.942762325356 NA
TCGA-FD-A5BV-01 0.73 0.74 0.941247055075 0.6173082
TCGA-C4-A0F7-01 NA 0.6 0.938261641647 NA
TCGA-E7-A8O7-01 0.31 NA 0.894372341267 0.7888777
TCGA-FD-A3B7-01 0.37 0.31 0.497342899488 0.2618573
TCGA-BT-A20V-01 0.53 0.59 0.914775961953 0.9274508
TCGA-DK-A6B0-01 0.65 0.91 0.957767068153 NA
TCGA-C4-A0F6-01 0.53 0.5 0.86875349777 NA
TCGA-CU-A72E-01 0.57 NA 0.841184913112 0.6981602
TCGA-XF-A9ST-01 0.85 NA 0.977034813209 NA
TCGA-FT-A61P-01 0.32 0.29 0.683348483233 0.28139
TCGA-FD-A6TB-01 0.34 NA 0.617094946826 0.2396779
TCGA-CF-A9FL-01 0.6 NA 0.873578024382 0.8202439
TCGA-CF-A8HX-01 0.87 NA 0.959828438336 0.9185898
TCGA-4Z-AA89-01 0.4 NA 0.969079584633 0.7352791
TCGA-ZF-AA4W-01 0.39 NA 0.929953623122 0.280822
TCGA-BL-A5ZZ-01 0.29 0.24 0.653605386741 0.4679161
TCGA-G2-AA3D-01 0.37 NA 0.975099635889 0.1803345
TCGA-KQ-A41S-01 0.44 NA 0.802314120386 0.3416853
TCGA-5N-A9KI-01 0.55 NA 0.792192174274 NA
TCGA-ZF-A9RL-01 0.71 NA NA 0.8759963
TCGA-K4-AAQO-01 0.36 NA 0.747534636526 0.3926432
TCGA-DK-AA6L-01 0.64 NA 0.855035191795 NA
TCGA-GV-A3QH-01 0.61 0.57 NA NA
TCGA-UY-A9PD-01 0.51 NA 0.870129783719 NA
TCGA-GV-A3QK-01 0.49 0.64 0.871910024415 0.9792992
TCGA-E7-A7PW-01 0.78 NA 0.962883863244 NA
TCGA-GC-A3YS-01 0.57 0.41 0.728237819309 NA
TCGA-GV-A40G-01 0.71 0.66 0.978504942415 0.5138416
TCGA-BT-A3PJ-01 0.47 0.48 0.812196848059 NA
TCGA-DK-A2I4-01 0.3 0.26 0.42982115764 0.2686657
TCGA-G2-A2EJ-01 0.45 0.6 0.906802808613 NA
TCGA-CU-A5W6-01 0.45 0.39 0.901683149438 0.5494384
TCGA-ZF-AA4U-01 0.81 NA 0.978689983709 0.8868819
TCGA-ZF-A9RG-01 0.25 NA NA 0.3116816
TCGA-GU-A763-01 0.64 0.86 0.960345969707 0.9130692
TCGA-XF-A9SL-01 0.21 NA 0.542459214942 0.117439
TCGA-G2-AA3B-01 0.76 NA 0.937109475032 0.9336795
TCGA-CF-A8HY-01 0.9 NA 0.946799883086 NA
TCGA-FD-A6TA-01 0.43 NA 0.699993658325 0.5891972
TCGA-XF-A9T8-01 0.4 NA 0.638303679204 0.389917
TCGA-2F-A9KQ-01 0.83 NA 0.954498205668 0.8452101
TCGA-FD-A62S-01 0.38 0.39 0.602791526994 0.3420702
TCGA-2F-A9KR-01 0.69 NA 0.946149769838 0.8246174
TCGA-R3-A69X-01 0.36 0.35 0.699430113086 0.2680181
TCGA-G2-A2EO-01 0.46 0.35 0.686037678652 0.4339638
TCGA-XF-A8HB-01 0.85 NA 0.971960388616 0.8990748
TCGA-DK-A1AE-01 0.61 0.83 0.942974987189 0.7536692
TCGA-FD-A6TE-01 0.79 NA 0.960858070484 0.8414548
TCGA-XF-AAN0-01 0.49 NA 0.815062554458 NA
TCGA-DK-A3X2-01 0.97 0.71 NA NA
TCGA-G2-A3IB-01 0.86 0.83 0.945071323463 0.8089256
TCGA-FD-A62O-01 0.82 0.71 0.930824185141 NA
TCGA-FD-A43S-01 0.2 0.3 0.541730513341 0.1398183
TCGA-FT-A3EE-01 0.59 0.55 0.926887929004 NA
TCGA-DK-A3IM-01 0.79 0.55 0.976978387035 NA
TCGA-CF-A5UA-01 0.89 0.81 0.948991592803 0.8342127
TCGA-K4-A6MB-01 0.8 0.74 0.890793310693 NA
TCGA-FD-A5C0-01 0.51 0.53 0.865731285801 0.8839988
TCGA-FD-A6TF-01 0.4 0.28 0.775890166733 0.3329944
TCGA-BT-A2LB-01 0.49 0.45 0.747785694429 0.5335967
TCGA-BT-A20N-01 0.57 0.46 0.950864114026 0.9505264
TCGA-FD-A5BR-01 0.39 0.55 0.781475537176 0.4693414
TCGA-GU-AATO-01 0.47 NA 0.75618747301 0.4344906
TCGA-DK-A1AC-01 0.57 0.63 0.772142485917 NA
TCGA-ZF-AA5N-01 0.4 NA 0.944022642528 0.748955
TCGA-KQ-A41P-01 0.72 NA 0.818076921864 NA
TCGA-4Z-AA7M-01 0.57 NA 0.92377122292 0.5999753
TCGA-G2-AA3C-01 0.55 NA 0.658518670201 NA
TCGA-BT-A20J-01 0.43 0.38 0.71544588451 0.3872557
TCGA-C4-A0EZ-01 0.85 0.94 0.974700752676 0.6450823
TCGA-ZF-AA51-01 0.43 NA 0.726335131014 0.446193
TCGA-E7-A7XN-01 0.21 NA 0.758467347829 0.3176603
TCGA-FD-A6TC-01 0.55 NA 0.817858989452 0.9446616
TCGA-DK-A1AG-01 0.66 0.72 0.943898452831 0.8539783
TCGA-GV-A3QF-01 0.6 0.42 0.968068372337 0.5798247
TCGA-XF-A8HG-01 0.62 NA 0.965850312425 0.9304562
TCGA-HQ-A5ND-01 0.64 0.55 0.951267048671 0.5672551
TCGA-CF-A47Y-01 0.35 0.81 0.960937321423 NA
TCGA-FJ-A3Z7-01 0.58 0.4 0.808024925167 0.815219
TCGA-FD-A43N-01 0.61 NA 0.830811667984 0.7080169
TCGA-FD-A6TD-01 0.39 NA 0.688647451836 0.411502
TCGA-GU-A42Q-01 0.43 0.33 0.955963623312 0.5100382
TCGA-XF-A9SK-01 0.43 NA 0.677344104449 0.4519591
TCGA-XF-AAMX-01 NA NA 0.893468031352 0.8662384
TCGA-XF-AAMH-01 0.72 NA 0.93666726329 0.8632867
TCGA-XF-AAMG-01 0.79 NA 0.871659090225 NA
TCGA-XF-AAN2-01 0.56 NA 0.842221675926 0.6955794
TCGA-BT-A42E-01 0.49 0.44 0.746537265273 0.630372
TCGA-E7-A7DV-01 0.45 NA 0.596811860102 0.4746395
TCGA-ZF-A9R3-01 0.72 NA 0.908796675539 0.7329849
TCGA-E7-A7DU-01 0.76 0.61 0.948735032502 0.9262673
TCGA-BT-A42F-01 0.22 NA 0.684089777938 0.2255608
TCGA-4Z-AA7R-01 0.87 NA 0.947017104974 NA
TCGA-GC-A3OO-01 0.38 0.3 0.824819758231 0.2155576
TCGA-K4-A5RH-01 0.39 0.33 0.493106967561 NA
TCGA-XF-A9SW-01 0.44 NA 0.595982321275 0.3247826
TCGA-BT-A20U-01 0.28 0.45 0.853894625686 0.446763
TCGA-PQ-A6FN-01 0.24 0.39 0.834378750066 0.3485733
TCGA-DK-A3IN-01 0.52 0.38 0.730961221942 0.4333909
TCGA-SY-A9G0-01 0.23 NA 0.689487848852 0.2202394
TCGA-DK-A1AB-01 0.46 0.56 0.684874763395 0.4965901
TCGA-G2-A2EF-01 0.6 0.56 0.757618576952 NA
TCGA-E7-A6MD-01 0.49 NA 0.761846171509 0.7744689
TCGA-E7-A541-01 0.41 NA 0.811971169969 0.2134486
TCGA-GC-A3RB-01 0.61 0.77 0.940731107551 0.5093573
TCGA-FD-A3SR-01 0.46 0.49 0.741936788586 0.4192945
TCGA-DK-A2I6-01 0.66 0.46 0.918253763414 0.587531
TCGA-MV-A51V-01 NA NA 0.956965269227 0.7253145
TCGA-E7-A5KE-01 0.9 0.74 NA NA
TCGA-GV-A6ZA-01 0.6 NA 0.91372614349 0.8839797
TCGA-GC-A6I1-01 0.32 0.34 0.641227160459 0.4359275
TCGA-UY-A78M-01 0.55 NA 0.887989205647 0.7371261
TCGA-BT-A0YX-01 0.28 0.48 0.816339016125 0.4434327
TCGA-FD-A3SM-01 0.64 0.44 0.841277109974 0.6684525
TCGA-FD-A3SN-01 0.63 0.63 0.845837349398 NA
TCGA-H4-A2HO-01 0.35 NA 0.866788897137 0.5657958
TCGA-ZF-AA54-01 0.44 NA 0.595798101137 0.5480133
TCGA-DK-A1A6-06 0.48 NA NA NA
TCGA-K4-A4AC-01 0.42 0.31 0.808299770432 0.3485359
TCGA-PQ-A6FI-01 0.72 0.7 0.894771667544 NA
TCGA-DK-AA6S-01 0.47 NA 0.674723228375 0.5828109
TCGA-FD-A5BX-01 0.69 0.54 0.596538857436 0.5453967
TCGA-K4-A3WV-01 0.71 0.59 0.971655551135 0.9115508
TCGA-DK-A3IU-01 0.3 0.33 0.471501646907 0.2034083
TCGA-CU-A3YL-01 0.49 0.64 0.918200666706 NA
TCGA-FJ-A871-01 0.42 NA 0.93252869551 0.7698883
TCGA-E7-A97Q-01 0.62 NA 0.841450454236 0.6372804
TCGA-DK-A1A3-01 0.43 0.45 0.779341055018 NA
TCGA-LC-A66R-01 0.45 0.38 0.747506072912 0.2583009
TCGA-4Z-AA82-01 0.53 NA 0.835569271517 NA
TCGA-ZF-AA5P-01 0.25 NA 0.707331125441 0.1523498
TCGA-FD-A3SP-01 0.34 0.34 0.484553373277 0.2976384
TCGA-GC-A3RC-01 0.61 0.51 0.758408270735 NA
TCGA-XF-AAMJ-01 0.34 NA 0.689527948385 0.2470073
TCGA-ZF-AA52-01 0.41 NA 0.686310793871 0.2641534
TCGA-4Z-AA7S-01 0.89 NA 0.962958414603 NA
TCGA-CU-A0YO-01 0.2 0.34 0.816449318787 0.2567001
TCGA-XF-AAMT-01 0.46 NA 0.688802370803 0.459574
TCGA-4Z-AA86-01 0.41 NA 0.620313294542 0.3220839
TCGA-ZF-AA56-01 0.32 NA 0.78212108903 0.3810232
TCGA-FD-A43X-01 0.89 0.7 0.971816706544 0.9680356
TCGA-CF-A5U8-01 0.68 0.66 0.96809257314 0.9251219
TCGA-2F-A9KW-01 0.64 NA 0.823016628412 0.6415102
TCGA-CF-A47W-01 0.32 NA 0.95978802311 0.9183299
TCGA-DK-A3IK-01 0.52 0.48 0.884883475706 0.8757845
TCGA-YC-A8S6-01 0.21 NA 0.684795923585 0.2189369
TCGA-GC-A3BM-01 0.82 0.68 0.940201522213 NA
TCGA-2F-A9KO-01 0.39 NA 0.743137133456 0.3506676
TCGA-FD-A62P-01 0.29 0.21 0.740086129156 0.2590867
TCGA-4Z-AA83-01 0.63 NA 0.872863085162 0.7512998
TCGA-DK-AA6Q-01 0.6 NA 0.872086047522 0.6006371
TCGA-C4-A0F1-01 0.43 0.59 0.856907718747 NA
TCGA-UY-A78N-01 0.81 NA 0.963797845771 NA
TCGA-XF-A9SY-01 0.28 NA 0.595018137592 0.2250525
TCGA-XF-A9SG-01 0.49 NA NA 0.5110824
TCGA-4Z-AA80-01 0.5 NA 0.970704191145 0.4326326
TCGA-GV-A3QI-01 0.9 0.83 NA NA
TCGA-ZF-A9RD-01 0.49 NA NA 0.4519325
TCGA-FD-A3B4-01 0.6 0.61 0.719524151162 0.5279384
TCGA-XF-A9T6-01 0.78 NA 0.907192302301 0.8083876
TCGA-4Z-AA7W-01 0.36 NA 0.62107919976 0.6916227
TCGA-CF-A3MG-01 0.65 0.72 NA 0.6248723
TCGA-5N-A9KM-01 0.65 NA 0.788076566006 0.6756909
TCGA-ZF-AA53-01 0.43 NA 0.636734299834 0.3029259
TCGA-ZF-A9RC-01 0.41 NA 0.865596941154 0.3379856
TCGA-GV-A40E-01 0.6 0.43 0.859628938736 0.6727316
TCGA-ZF-A9R1-01 0.45 NA 0.932910919962 0.6338287
TCGA-CF-A9FF-01 0.65 NA 0.865563843088 0.6809592
TCGA-E5-A4TZ-01 0.7 NA 0.968150013641 NA
TCGA-XF-A9T2-01 0.51 NA 0.861482492045 0.8684614
