abscnseq ascat estimate purbayes
TCGA-L5-A893-01 0.32 NA 0.812280083165 0.3950068
TCGA-LN-A49P-01 0.52 0.37 0.651894983328 0.4725636
TCGA-L5-A8NF-01 0.62 NA 0.935095936124 0.6465697
TCGA-L5-A8NI-01 0.5 NA 0.852298284927 0.6312717
TCGA-L5-A4OO-01 0.36 0.42 0.653475417313 0.3490186
TCGA-VR-A8Q7-01 0.46 NA 0.852970348853 0.5536519
TCGA-2H-A9GO-01 0.41 NA 0.965061320803 NA
TCGA-VR-A8EY-01 0.74 NA 0.928535809939 0.7872382
TCGA-L5-A4OH-01 0.61 0.58 0.954498052926 0.4702767
TCGA-R6-A6KZ-01 0.4 0.29 0.841595577284 0.5214757
TCGA-JY-A93C-01 0.65 NA 0.863847855997 0.5991824
TCGA-X8-AAAR-01 0.98 NA 0.815290188061 NA
TCGA-JY-A6FG-01 0.46 NA 0.926031304844 0.7288186
TCGA-VR-A8EZ-01 0.65 NA NA 0.9703293
TCGA-S8-A6BW-01 0.52 0.52 0.819443672136 0.4775865
TCGA-2H-A9GH-01 0.61 NA 0.852576645555 0.708604
TCGA-R6-A6XQ-01 0.71 NA NA 0.4792106
TCGA-IG-A3QL-01 0.73 0.72 0.93494639375 NA
TCGA-IG-A3I8-01 0.5 0.64 0.944718611865 0.4167778
TCGA-L5-A4OW-01 0.43 0.5 0.862322010643 0.3961341
TCGA-IG-A4P3-01 0.55 0.33 0.764140063521 0.3643267
TCGA-L5-A43C-01 0.37 0.35 0.518921880278 0.3175388
TCGA-2H-A9GM-01 0.96 NA 0.867268928846 NA
TCGA-LN-A9FO-01 0.76 NA 0.832685125303 0.72646
TCGA-L5-A4OJ-01 0.74 0.59 0.925870534752 0.7308895
TCGA-2H-A9GJ-01 0.72 NA 0.971056166308 0.914701
TCGA-R6-A6L4-01 0.79 0.44 0.977438495439 0.8146774
TCGA-JY-A6FD-01 0.33 NA 0.876428126487 0.4540156
TCGA-LN-A9FP-01 0.41 NA 0.669236330771 0.1635908
TCGA-L5-A88Z-01 0.63 NA 0.905800951843 0.8013907
TCGA-VR-A8EX-01 0.5 NA 0.929236258609 0.3035729
TCGA-VR-A8EW-01 0.58 NA 0.939279429908 0.351356
TCGA-IG-A3YA-01 0.38 0.26 0.646055530774 0.2307205
TCGA-R6-A8WG-01 0.53 NA 0.863104947513 0.5643949
TCGA-LN-A7HX-01 0.51 NA 0.849124878194 0.4560578
TCGA-L5-A43M-01 0.5 0.57 0.858469528783 0.4625124
TCGA-L5-A8NS-01 0.31 NA 0.730024247142 0.3481108
TCGA-IC-A6RF-01 0.36 NA 0.879938935242 0.5602727
TCGA-JY-A6FB-01 0.61 NA 0.910113179798 NA
TCGA-LN-A49W-01 0.51 0.34 0.539168394558 0.4005338
TCGA-LN-A8I1-01 0.67 NA 0.837280178741 NA
TCGA-Z6-A8JE-01 0.61 NA 0.843067456062 NA
TCGA-ZR-A9CJ-01 0.48 NA 0.788098396104 0.3859679
TCGA-JY-A939-01 0.38 NA 0.679360925139 0.1965053
TCGA-L5-A4OQ-01 0.71 0.53 0.816282355254 0.5338673
TCGA-JY-A93D-01 0.54 NA 0.474760437971 0.3371516
TCGA-LN-A49K-01 0.54 0.46 0.842435206656 0.92294
TCGA-LN-A7HW-01 0.66 NA 0.845120300125 0.602112
TCGA-LN-A4A3-01 0.43 NA 0.918384020658 0.419424
TCGA-LN-A49U-01 0.73 0.7 NA 0.7860061
TCGA-IG-A3YC-01 0.48 0.29 0.608693400358 0.4470029
TCGA-JY-A6FA-01 0.77 NA 0.970213833911 0.8885587
TCGA-XP-A8T7-01 0.66 NA NA 0.7159696
TCGA-KH-A6WC-01 0.41 NA 0.921043145083 0.1506044
TCGA-Q9-A6FW-01 0.38 0.42 0.843331248037 0.2992092
TCGA-L7-A56G-01 0.52 0.5 0.913110411178 0.9389823
TCGA-VR-A8EQ-01 0.44 NA 0.845434383398 0.4493374
TCGA-R6-A8W8-01 0.68 NA 0.893053226826 0.6158222
TCGA-JY-A93F-01 0.52 NA 0.947634069865 0.6732137
TCGA-R6-A6Y0-01 0.4 NA 0.892816077088 0.3093053
TCGA-L5-A891-01 0.59 NA 0.913530869811 0.5273435
TCGA-IG-A50L-01 0.43 0.39 0.822856135415 0.5220697
TCGA-XP-A8T8-01 0.65 NA 0.947142333149 0.6326084
TCGA-R6-A6XG-01 0.69 NA 0.973655156115 NA
TCGA-L5-A8NW-01 0.6 NA 0.799195458479 0.660988
TCGA-V5-A7RE-01 0.6 NA 0.971003630006 NA
TCGA-L5-A8NG-01 0.48 NA 0.800929263453 0.4342419
TCGA-L5-A8NM-01 0.36 NA 0.808921756011 0.3859619
TCGA-IG-A8O2-01 0.64 NA 0.896611519514 NA
TCGA-L5-A43I-01 0.66 0.6 0.954579385087 0.5664314
TCGA-JY-A938-01 0.5 NA 0.755467805971 0.3857103
TCGA-L5-A8NU-01 0.38 NA 0.471196307275 0.2609555
TCGA-L5-A8NE-01 0.65 NA 0.945120704746 0.822998
TCGA-VR-AA7D-01 0.55 NA 0.768470212181 0.6720702
TCGA-IG-A7DP-01 0.34 NA 0.23766989761 NA
TCGA-LN-A49Y-01 0.89 0.84 0.906132237264 0.9173067
TCGA-LN-A49O-01 0.68 0.55 0.789860598177 0.7242059
TCGA-L5-A4ON-01 0.68 0.63 0.906469383948 NA
TCGA-IC-A6RE-01 0.43 NA 0.810409669046 0.3636211
TCGA-L5-A4OF-01 0.42 0.5 0.935521164392 0.33514
TCGA-L5-A4OI-01 0.49 0.78 0.933627469569 0.7755545
TCGA-2H-A9GK-01 0.43 NA 0.686735339873 0.4774424
TCGA-LN-A49M-01 0.57 0.69 0.900303453104 0.6238254
TCGA-IG-A3Y9-01 0.43 0.27 0.757176704192 0.2309065
TCGA-V5-A7RC-01 0.59 NA 0.928498378588 0.4922355
TCGA-L5-A8NJ-01 0.79 NA 0.97093957409 NA
TCGA-LN-A4A5-01 0.41 0.32 0.738190803054 0.2681441
TCGA-LN-A5U5-01 0.7 0.64 0.892408847921 0.8176542
TCGA-V5-AASW-01 0.71 NA 0.956324739569 NA
TCGA-L5-A4OX-01 0.55 0.61 0.908826191824 0.5394039
TCGA-L5-A4OM-01 NA 0.67 0.954498335421 NA
TCGA-LN-A49R-01 0.78 0.66 0.712053250611 0.7657985
TCGA-IG-A97I-01 0.62 NA 0.868091964516 0.9771386
TCGA-LN-A49X-01 0.43 0.28 0.769241409595 0.2949441
TCGA-IG-A6QS-01 0.67 NA 0.79704155213 0.721028
TCGA-S8-A6BV-01 0.4 0.42 0.803530332642 0.3380752
TCGA-JY-A6FE-01 0.7 NA 0.736298531571 NA
TCGA-LN-A5U7-01 0.8 0.7 0.913563489087 0.7852923
TCGA-IG-A51D-01 0.43 0.37 0.803704237391 0.3440274
TCGA-L5-A43J-01 0.65 0.63 0.842585679379 NA
TCGA-Z6-A9VB-01 0.85 NA 0.941215179349 0.5502936
TCGA-L5-A8NK-01 0.35 NA 0.894905153178 0.402986
TCGA-L5-A8NV-01 0.43 NA 0.754514831244 0.5129196
TCGA-LN-A4A8-01 0.68 0.68 NA 0.5435157
TCGA-2H-A9GQ-01 0.75 NA 0.961497277292 NA
TCGA-2H-A9GI-01 0.56 NA 0.898827425695 0.5233776
TCGA-R6-A6DN-01 0.81 0.7 0.876198543626 0.6379832
TCGA-R6-A6DQ-01 0.4 0.4 0.786561369686 0.523035
TCGA-LN-A49N-01 0.65 0.48 0.701404948871 0.4212707
TCGA-IG-A3YB-01 0.52 0.48 0.772478417125 NA
TCGA-LN-A49S-01 0.35 0.39 0.89912212303 0.2640139
TCGA-R6-A8W5-01 0.4 NA 0.790107933266 0.3802085
TCGA-LN-A4A6-01 0.47 0.43 0.896918158572 0.6611243
TCGA-LN-A8HZ-01 0.5 NA 0.955639410112 0.3538979
TCGA-VR-A8ET-01 0.63 NA 0.925428971675 0.2263667
TCGA-LN-A5U6-01 0.73 0.67 0.842156755106 0.9797947
TCGA-LN-A4A9-01 0.69 0.62 0.66924096981 NA
TCGA-L5-A8NN-01 0.67 NA 0.905682965626 0.5225694
TCGA-VR-AA7B-01 0.52 NA 0.88409814867 0.4990778
TCGA-L5-A88Y-01 0.53 NA 0.690520401819 0.4668165
TCGA-LN-A7HY-01 0.58 NA 0.762704837056 NA
TCGA-LN-A7HV-01 0.45 NA 0.918143144147 0.6415281
TCGA-JY-A6FH-01 0.71 NA 0.974791106849 0.7766354
TCGA-L5-A8NR-01 0.65 NA 0.867240047332 NA
TCGA-L5-A8NL-01 0.44 NA 0.650489744277 0.377915
TCGA-V5-AASX-01 0.34 NA 0.849573913408 0.2077075
TCGA-LN-A49V-01 0.72 0.65 0.932233521474 NA
TCGA-IG-A5B8-01 0.4 0.34 0.893650199339 0.3966824
TCGA-VR-A8EU-01 0.47 NA 0.806980887451 0.506556
TCGA-LN-A4MR-01 0.51 0.36 0.734420184206 0.5556008
TCGA-IG-A625-01 0.65 0.51 0.881549989295 0.7193473
TCGA-JY-A93E-01 0.47 NA 0.675957487109 0.6238468
TCGA-LN-A8I0-01 0.6 NA 0.88180563751 0.4975527
TCGA-L5-A4OS-01 0.35 0.33 0.675093187562 0.2835367
TCGA-Z6-A8JD-01 0.36 NA 0.815580412421 0.2609249
TCGA-L5-A4OP-01 NA 0.69 0.887775950202 0.614415
TCGA-L5-A88T-01 0.72 NA 0.840161127139 0.1222459
TCGA-VR-AA4D-01 0.61 NA NA 0.5846954
TCGA-LN-A7HZ-01 0.67 NA 0.716179589974 0.9723041
TCGA-LN-A4A2-01 0.51 0.53 0.881071376724 0.4047228
TCGA-L5-A4OE-01 0.41 0.58 0.819953912874 0.53883
TCGA-VR-AA4G-01 0.47 NA 0.788664812043 0.3879977
TCGA-R6-A6L6-01 0.35 NA 0.825338796712 0.2997121
TCGA-R6-A8WC-01 0.87 NA 0.979468570002 0.7378375
TCGA-2H-A9GF-01 0.68 NA 0.869655504496 0.5875734
TCGA-L5-A4OU-01 0.37 0.31 0.672468975249 0.3652117
TCGA-XP-A8T6-01 0.46 NA 0.896127443019 0.4674177
TCGA-LN-A9FQ-01 0.69 NA 0.842725392593 0.4500403
TCGA-VR-A8EP-01 0.56 NA 0.975208144654 0.7603621
TCGA-Q9-A6FU-01 0.86 0.64 0.861202669508 0.4898312
TCGA-L5-A4OR-01 NA 0.59 0.899877746178 0.5970147
TCGA-L5-A43E-01 0.65 0.57 0.920345298031 0.6468004
TCGA-RE-A7BO-01 0.55 NA 0.840742422165 0.541684
TCGA-R6-A6Y2-01 0.5 NA 0.644888855685 0.5308682
TCGA-VR-A8ER-01 0.66 NA 0.82670130311 0.5402196
TCGA-L5-A8NQ-01 0.37 NA 0.793354994663 0.2179254
TCGA-V5-A7RC-06 0.49 NA 0.916936126564 NA
TCGA-M9-A5M8-01 0.45 0.6 0.899469078051 0.5998506
TCGA-2H-A9GN-01 0.67 NA 0.885428903677 0.7225654
TCGA-LN-A4MQ-01 0.53 0.45 0.975321738859 NA
TCGA-IG-A4QT-01 0.49 0.42 0.3830747444 0.1835162
TCGA-VR-AA7I-01 0.51 NA 0.702750119551 0.5201858
TCGA-L5-A4OT-01 0.55 0.43 0.71467237102 0.4639492
TCGA-LN-A4A1-01 0.58 0.48 0.840024617733 0.7368776
TCGA-L5-A88W-01 0.48 NA 0.894131015353 0.6569095
TCGA-IG-A97H-01 0.59 NA 0.805949194563 0.604465
TCGA-L5-A8NT-01 0.55 NA 0.684591137988 0.9396359
TCGA-L7-A6VZ-01 0.68 NA 0.934019123129 0.6898202
TCGA-L5-A88S-01 0.53 NA 0.662990892596 0.3463529
TCGA-L5-A43H-01 0.35 0.31 0.871154423426 0.3603824
TCGA-LN-A49L-01 0.61 0.54 0.83915932704 0.7808107
TCGA-LN-A9FR-01 0.49 NA 0.747290394982 0.4851717
TCGA-IG-A4QS-01 0.71 0.64 0.863474217402 0.4146478
TCGA-2H-A9GL-01 0.66 NA 0.780529736172 NA
TCGA-IG-A5S3-01 0.51 0.45 0.908375109277 0.399418
TCGA-L5-A8NH-01 0.6 NA 0.86556847812 NA
TCGA-L5-A4OG-01 0.47 0.38 0.817539038685 0.4474419
TCGA-Z6-AAPN-01 0.46 NA 0.808544231306 0.4074276
TCGA-LN-A4A4-01 0.67 0.59 0.888621548892 0.7086407
TCGA-VR-A8EO-01 0.59 NA 0.881654434069 0.6262578
TCGA-2H-A9GR-01 0.42 NA 0.828964541132 0.2769562
TCGA-JY-A6F8-01 0.6 NA 0.942070968543 0.6624166
TCGA-L5-A88V-01 0.81 NA 0.923709863781 0.6170479
TCGA-V5-A7RB-01 0.49 NA 0.923769761383 0.595071
TCGA-V5-AASV-01 0.72 NA 0.827361562682 0.7155915
