abscnseq ascat estimate purbayes
TCGA-D7-5577-01 0.42 0.58 0.653506048014 NA
TCGA-CD-8528-01 0.51 0.43 0.816065115112 0.5091676
TCGA-CD-8529-01 0.21 0.2 0.533075454926 0.1996783
TCGA-BR-6457-01 0.36 0.35 0.549692289092 0.1738379
TCGA-HU-A4HD-01 0.55 0.51 0.868748186434 NA
TCGA-R5-A7ZR-01 0.56 NA 0.901888927933 0.7235316
TCGA-BR-8682-01 0.42 0.27 0.680108827367 0.4000929
TCGA-BR-8297-01 0.38 0.32 0.745324130774 0.6180369
TCGA-CD-5803-01 0.33 0.31 0.406388541994 0.2126912
TCGA-BR-7722-01 0.37 0.65 0.782623131048 0.7702816
TCGA-KB-A6F7-01 0.43 NA 0.800916179511 0.6454826
TCGA-RD-A7BT-01 0.42 NA 0.89911485195 0.5000112
TCGA-BR-A4J9-01 0.2 0.36 0.68802244008 0.1929445
TCGA-BR-4253-01 0.66 0.4 0.510776243928 0.4219259
TCGA-IN-A7NU-01 0.63 NA 0.724026461294 0.5097705
TCGA-CG-4442-01 0.31 0.78 0.844073214181 NA
TCGA-D7-8570-01 0.37 0.31 0.49843080902 0.2953895
TCGA-IP-7968-01 0.69 0.69 0.752568863007 NA
TCGA-VQ-A923-01 0.35 NA 0.648016908653 0.4256685
TCGA-BR-7196-01 0.22 NA 0.544620973217 0.1977376
TCGA-HU-8610-01 0.33 0.32 0.641868867061 0.2562246
TCGA-CG-4474-01 0.23 0.25 0.593580532987 0.4016992
TCGA-D7-A4YY-01 0.71 0.67 0.697210788998 0.6974151
TCGA-BR-8590-01 0.32 0.27 0.597617137552 0.2042035
TCGA-HU-8238-01 0.57 0.49 0.777676059235 0.5248661
TCGA-VQ-A8DZ-01 0.66 NA 0.863472544177 0.9730078
TCGA-VQ-AA6B-01 0.51 NA 0.925367391676 0.9751298
TCGA-HU-A4GX-01 0.31 0.47 0.761895956028 NA
TCGA-VQ-A8PP-01 0.3 NA 0.787465524908 NA
TCGA-BR-6802-01 0.29 0.2 0.705301743711 NA
TCGA-FP-7735-01 0.82 0.48 0.754509398464 0.8873546
TCGA-D7-A6F0-01 0.68 0.54 0.833186876662 NA
TCGA-F1-A448-01 0.2 NA 0.630205139631 0.2098262
TCGA-HU-A4H3-01 0.48 0.48 0.858742585268 NA
TCGA-BR-8677-01 0.33 0.32 0.584537381329 0.2041635
TCGA-HU-A4G8-01 0.3 0.5 0.803577296219 NA
TCGA-BR-4279-01 0.66 0.21 0.413735090248 0.3488194
TCGA-BR-A4J2-01 0.45 0.23 0.503198024587 0.1833478
TCGA-BR-6709-01 0.49 0.34 0.476297614876 NA
TCGA-VQ-A8PJ-01 0.49 NA 0.930850332176 NA
TCGA-BR-A4QM-01 0.33 0.43 0.69949611437 0.4489867
TCGA-VQ-A92D-01 0.6 NA 0.916917615674 0.6456186
TCGA-F1-6177-01 0.64 0.83 0.885637629665 NA
TCGA-BR-6455-01 0.44 0.63 0.719812686633 NA
TCGA-VQ-A91Q-01 0.62 NA 0.856543650352 0.595326
TCGA-BR-4255-01 0.49 NA 0.576057400958 0.3853067
TCGA-CD-5799-01 0.57 0.48 0.84382465755 0.9381427
TCGA-BR-A4IU-01 0.2 NA 0.576059034254 0.2275536
TCGA-D7-6526-01 0.55 0.57 0.890345392921 0.3862553
TCGA-BR-8291-01 0.42 0.21 0.501182836698 0.3241087
TCGA-BR-8683-01 0.39 0.3 0.747211950713 0.2968783
TCGA-BR-4188-01 0.68 0.35 NA 0.3773841
TCGA-VQ-A8P2-01 0.36 NA 0.94309620695 NA
TCGA-BR-8364-01 0.27 NA 0.542515069181 0.2538806
TCGA-BR-A4CQ-01 0.7 0.66 NA NA
TCGA-B7-A5TJ-01 0.8 0.61 0.880448469218 0.6139105
TCGA-VQ-A8PQ-01 0.27 NA 0.459617825518 0.1435906
TCGA-BR-8060-01 0.65 0.49 0.666080114145 NA
TCGA-CD-8533-01 0.54 0.64 0.933516657282 0.517164
TCGA-BR-6565-01 0.44 0.45 0.681988455914 0.261241
TCGA-3M-AB47-01 0.27 NA 0.645328847863 0.3807968
TCGA-BR-8368-01 0.63 0.5 0.871493699483 NA
TCGA-HU-A4GC-01 0.42 0.31 0.822738800296 0.2865736
TCGA-BR-8372-01 0.34 0.45 0.700775301269 NA
TCGA-B7-5818-01 0.69 0.7 0.714366716001 0.6586288
TCGA-HU-A4H2-01 0.4 0.42 0.829149252985 0.4041923
TCGA-IN-A6RL-01 0.41 0.41 0.867042606166 0.7073925
TCGA-D7-A6F2-01 0.59 0.59 0.745713200692 0.7657117
TCGA-CG-4460-01 0.77 0.58 0.847479600055 NA
TCGA-BR-8686-01 0.53 NA 0.594771048286 0.2640191
TCGA-ZQ-A9CR-01 0.4 NA 0.63854641634 0.3550679
TCGA-CG-5720-01 0.41 0.64 0.665605196487 0.6058105
TCGA-R5-A7ZF-01 0.37 NA 0.945020027557 0.2712363
TCGA-VQ-A8E7-01 0.87 NA 0.885616498023 0.7012627
TCGA-D7-6528-01 0.91 0.55 0.916132531583 0.8099271
TCGA-D7-6527-01 0.51 0.41 0.81751774227 0.5089222
TCGA-FP-8209-01 0.26 0.39 0.397228793375 0.291417
TCGA-BR-7704-01 0.47 0.43 0.652259507146 0.7103917
TCGA-BR-4366-01 0.69 0.59 0.802640191258 0.7996432
TCGA-RD-A8N1-01 0.51 NA 0.573185369248 0.3177586
TCGA-IN-A6RI-01 0.66 0.67 0.941763174229 0.724093
TCGA-VQ-A8PO-01 0.35 NA 0.72184962419 NA
TCGA-VQ-A8P3-01 0.29 NA 0.814250078891 0.5385049
TCGA-BR-6452-01 0.24 0.3 0.747018079259 NA
TCGA-IN-A7NR-01 0.32 NA 0.812900755899 0.183411
TCGA-KB-A93H-01 0.72 NA 0.928948102496 NA
TCGA-BR-6801-01 0.63 0.58 0.814047270615 NA
TCGA-B7-A5TI-01 0.44 0.58 0.764899071391 NA
TCGA-CG-5716-01 0.28 NA 0.774747094239 NA
TCGA-IN-A6RP-01 0.47 NA NA 0.2976722
TCGA-D7-A6EY-01 0.22 0.25 0.639732512143 NA
TCGA-BR-4361-01 0.4 0.63 0.609947873316 NA
TCGA-BR-8381-01 0.2 0.41 0.533260070014 0.220355
TCGA-HU-A4GU-01 0.66 0.64 0.896771311597 0.5322967
TCGA-VQ-A94U-01 0.62 NA 0.83249009744 0.9253089
TCGA-D7-6519-01 0.67 0.65 0.851605375151 0.7907762
TCGA-D7-A4YU-01 0.31 0.46 0.607540558772 0.4168157
TCGA-CD-5813-01 NA NA 0.406027111414 NA
TCGA-CG-5726-01 0.54 NA 0.926846937978 NA
TCGA-ZA-A8F6-01 0.51 NA 0.65599857361 0.3131905
TCGA-VQ-A91A-01 0.42 NA 0.646561037729 0.3970377
TCGA-IN-A6RR-01 0.84 0.7 0.882895936149 NA
TCGA-VQ-A8PS-01 0.8 NA NA 0.5677926
TCGA-CG-4438-01 0.59 0.61 0.707263929262 0.9533848
TCGA-HU-A4H6-01 0.27 0.23 0.744122318001 0.2159553
TCGA-HU-8249-01 0.6 0.63 0.834937471701 NA
TCGA-VQ-A8PZ-01 0.35 NA NA 0.2336111
TCGA-CD-A489-01 0.38 0.47 0.666935012507 0.9270822
TCGA-R5-A805-01 0.45 NA 0.599743077164 0.8778797
TCGA-IN-7806-01 0.45 0.6 0.901258299386 0.6077233
TCGA-VQ-A8DU-01 0.72 NA 0.842025506692 0.6013492
TCGA-RD-A7BS-01 0.45 0.27 0.70777103304 0.219503
TCGA-BR-6705-01 0.49 NA 0.580021713861 0.1514374
TCGA-BR-8080-01 0.32 NA 0.54638264925 0.2224335
TCGA-BR-A44T-01 0.65 NA 0.465535247452 0.1200038
TCGA-BR-8678-01 0.67 0.61 0.875573298392 0.8767398
TCGA-CG-5734-01 0.43 0.34 0.608994825931 0.1556163
TCGA-BR-4292-01 0.58 0.66 0.766290579377 NA
TCGA-CD-A4MI-01 0.21 0.45 0.454951696802 NA
TCGA-BR-4363-01 0.48 0.62 0.620822473841 NA
TCGA-BR-8362-01 0.51 0.43 0.67028491156 0.4540817
TCGA-HU-A4G2-01 0.37 0.46 0.777930004816 0.9730126
TCGA-D7-8575-01 0.87 0.58 0.755669462563 0.5943004
TCGA-CG-4437-01 0.35 0.35 0.648818527676 0.9418706
TCGA-CG-5719-01 0.25 0.44 0.620680895678 0.3587135
TCGA-BR-6710-01 0.3 0.3 0.84714810105 0.7786416
TCGA-BR-A4IY-01 0.37 0.35 0.598030995071 0.2733992
TCGA-HU-8608-01 0.4 0.38 0.561272642689 0.3701995
TCGA-VQ-A8PX-01 0.36 NA 0.901107505924 0.3397711
TCGA-RD-A8N4-01 0.31 NA 0.683976369825 NA
TCGA-CG-4301-01 0.38 0.41 0.670148151682 0.2938865
TCGA-HU-A4GJ-01 0.75 0.29 0.494411429603 NA
TCGA-BR-A4QI-01 0.54 0.5 0.841460886159 0.8147553
TCGA-CG-5723-01 0.33 0.5 0.655809953646 NA
TCGA-HU-8243-01 0.54 0.42 0.883918797381 0.4208692
TCGA-D7-6521-01 0.38 0.37 0.571331280951 0.2021119
TCGA-BR-4371-01 0.33 0.53 0.858441045085 0.8171284
TCGA-VQ-A8E0-01 0.53 NA 0.861667048349 0.4109448
TCGA-BR-8363-01 0.39 0.33 0.603429562042 NA
TCGA-CD-8526-01 0.39 0.27 0.788597474566 0.2600568
TCGA-CG-5724-01 0.65 0.58 0.767384944628 0.9299651
TCGA-BR-8486-01 0.63 0.57 0.721173844544 0.9158923
TCGA-HU-8244-01 0.54 0.89 0.955674728968 0.852136
TCGA-BR-A4J7-01 0.29 NA 0.517506210172 0.7896408
TCGA-BR-6852-01 0.2 0.35 0.552310145543 NA
TCGA-HF-7132-01 0.3 0.4 0.652229364363 NA
TCGA-BR-8296-01 0.28 0.27 0.674964849725 0.2518475
TCGA-VQ-A925-01 0.57 NA 0.909123140113 0.5850943
TCGA-BR-4187-01 0.52 0.2 0.39445308674 0.2088592
TCGA-BR-8485-01 0.34 0.5 0.73431845695 0.5238955
TCGA-IN-8462-01 0.62 0.5 0.792349581765 0.4747756
TCGA-VQ-A8PT-01 0.36 NA NA NA
TCGA-SW-A7EA-01 0.31 NA 0.794019624945 0.619161
TCGA-R5-A7O7-01 0.46 NA 0.788527297272 0.3603922
TCGA-BR-A4J4-01 0.26 0.42 0.756207776003 0.4465214
TCGA-F1-6874-01 0.32 0.38 0.708538017004 NA
TCGA-CD-8536-01 0.28 0.34 0.730829058042 NA
TCGA-CD-8535-01 0.75 0.73 0.929184867522 NA
TCGA-VQ-A8DV-01 0.54 NA 0.9513837011 0.6348019
TCGA-HU-A4G3-01 0.24 0.38 0.864572817058 0.3001079
TCGA-CG-4443-01 0.81 0.82 0.888426807527 0.7979802
TCGA-D7-A4Z0-01 0.37 0.29 0.654481499399 0.2889355
TCGA-VQ-A94R-01 0.81 NA 0.754892355657 NA
TCGA-CG-4436-01 NA 0.58 0.816519198259 0.6307367
TCGA-IN-A6RO-01 0.7 NA 0.934903132981 NA
TCGA-VQ-AA6G-01 0.83 NA 0.899573233606 0.5761159
TCGA-HU-8604-01 0.34 0.25 0.56782344284 0.3126394
TCGA-VQ-A8E2-01 0.32 NA 0.819407582339 0.3700778
TCGA-BR-4369-01 0.55 0.35 0.739337662297 0.6050939
TCGA-D7-5579-01 0.39 0.27 NA 0.2557239
TCGA-CG-4469-01 0.65 0.78 0.778112055712 0.7603416
TCGA-VQ-A8PD-01 0.34 NA 0.592671208345 0.1643905
TCGA-KB-A93G-01 0.69 NA 0.540973451976 0.1397537
TCGA-HU-A4H8-01 0.36 0.66 0.923034538167 NA
TCGA-BR-A4J1-01 0.9 0.63 0.949012882465 0.8016944
TCGA-BR-8371-01 0.36 0.34 0.663499048038 0.1340302
TCGA-VQ-AA6K-01 0.49 NA 0.805348397264 0.7919953
TCGA-BR-4294-01 0.89 0.71 0.909858334845 0.8777652
TCGA-BR-8487-01 0.38 0.71 0.78298953418 NA
TCGA-EQ-5647-01 0.81 0.53 NA 0.9169458
TCGA-BR-6454-01 0.46 0.34 0.687497117924 0.4139293
TCGA-BR-A4J6-01 0.57 0.57 0.824208141274 0.5787724
TCGA-CD-5800-01 0.43 0.42 0.881889778502 0.2758445
TCGA-BR-4257-01 0.37 0.54 0.614857836521 0.6104781
TCGA-CG-4444-01 0.63 0.45 0.698156293738 0.4485864
TCGA-D7-A74B-01 0.41 NA NA 0.10380178
TCGA-RD-A8MW-01 0.41 NA 0.567451485324 0.2537458
TCGA-RD-A8N9-01 0.4 NA 0.564969667607 0.3754717
TCGA-VQ-A94P-01 0.2 NA 0.599565425652 0.132417
TCGA-B7-A5TN-01 0.52 0.51 0.758253679983 0.424869
TCGA-BR-A452-01 0.48 0.38 0.921965169355 0.564941
TCGA-VQ-A8PB-01 0.36 NA 0.841778681249 NA
TCGA-CG-4477-01 0.34 0.31 0.626701701075 0.3965275
TCGA-CD-8530-01 0.55 0.37 0.649647448627 0.3559097
TCGA-BR-8360-01 0.43 0.54 NA NA
TCGA-D7-A74A-01 0.8 0.79 0.889029976391 0.5213009
TCGA-VQ-A91U-01 0.55 NA 0.795244505452 0.9723448
TCGA-VQ-A91V-01 0.7 NA 0.939308157557 0.8076111
TCGA-CD-8524-01 0.37 0.32 0.723804138006 0.376954
TCGA-BR-4368-01 0.25 0.61 0.652441872135 NA
TCGA-BR-8369-01 0.47 0.25 0.838190435449 0.2170741
TCGA-BR-7197-01 0.57 0.6 0.900469179973 0.5526716
TCGA-FP-A4BE-01 0.35 0.53 0.715652026584 NA
TCGA-CG-5730-01 0.7 0.7 NA NA
TCGA-VQ-A8PE-01 0.41 NA 0.829819369391 0.7012645
TCGA-BR-6456-01 0.33 0.45 0.648066768499 0.4232884
TCGA-FP-7998-01 0.3 0.29 0.417616878142 0.2022558
TCGA-BR-8058-01 0.31 0.32 0.491346141771 0.230401
TCGA-VQ-A91K-01 0.44 NA 0.764793046688 NA
TCGA-CG-5717-01 0.22 NA 0.753005395202 NA
TCGA-CD-A486-01 0.6 0.54 0.783205598753 0.7691719
TCGA-SW-A7EB-01 0.37 NA 0.830426129483 0.2394486
TCGA-BR-7723-01 0.48 0.51 0.783526624265 0.3858715
TCGA-BR-7715-01 0.59 0.95 0.837344727127 NA
TCGA-VQ-A94O-01 0.52 NA 0.867604068612 0.9774112
TCGA-3M-AB46-01 0.69 NA 0.859331765538 0.6871573
TCGA-BR-A4CS-01 0.41 0.42 0.768747836447 0.3293855
TCGA-CD-5798-01 0.22 0.26 0.636446136135 0.2008796
TCGA-D7-A6ET-01 0.61 NA NA 0.8511687
TCGA-VQ-AA64-01 0.42 NA 0.820902470671 0.5310185
TCGA-HU-A4H5-01 0.58 0.53 0.879848141354 0.5246674
TCGA-CD-A4MG-01 0.34 0.57 0.716042310146 NA
TCGA-MX-A666-01 0.41 0.45 0.881707368864 0.5267842
TCGA-RD-A8N6-01 0.48 NA 0.864611172797 0.9583821
TCGA-R5-A7ZE-01 0.45 NA 0.959134584008 0.2009603
TCGA-VQ-A922-01 0.58 NA 0.847873127125 0.663867
TCGA-CG-5721-01 0.29 NA 0.543333203479 NA
TCGA-CG-4440-01 0.63 0.48 0.854052496458 0.8993747
TCGA-VQ-AA69-01 0.62 NA 0.876304806961 0.8473249
TCGA-CG-5727-01 0.42 0.47 NA 0.7421376
TCGA-BR-8286-01 0.61 0.41 0.759379566563 0.823565
TCGA-BR-A4IZ-01 0.24 0.37 0.46784054451 0.1319005
TCGA-BR-8077-01 0.94 0.42 0.705696148349 0.4046201
TCGA-IN-A7NT-01 0.53 NA 0.861715678573 0.4878286
TCGA-HU-A4GY-01 0.22 0.26 0.326748801477 0.1886412
TCGA-VQ-A8PC-01 0.36 NA 0.713748110294 0.2097123
TCGA-IN-8663-01 0.75 0.66 0.91212536696 NA
TCGA-CG-4306-01 0.58 0.48 0.688927152258 NA
TCGA-BR-A4J8-01 0.43 0.49 0.770199081658 0.4109584
TCGA-MX-A5UG-01 0.25 NA 0.443272254089 0.1144407
TCGA-VQ-A91D-01 0.36 NA 0.783525684334 NA
TCGA-HU-A4G9-01 0.51 0.77 0.967448772601 NA
TCGA-VQ-A91N-01 0.97 NA 0.917174440682 0.9396859
TCGA-VQ-AA6I-01 0.53 NA 0.854214296005 0.5700753
TCGA-F1-A72C-01 0.43 NA 0.728340416325 0.2429687
TCGA-IN-7808-01 0.38 0.31 0.55642659656 0.3814531
TCGA-CD-8525-01 0.31 0.24 0.711916331257 0.3350757
TCGA-BR-6564-01 0.52 0.28 0.6027027714 0.1586797
TCGA-FP-A8CX-01 0.28 NA 0.847085661053 0.27686
TCGA-BR-6803-01 0.37 0.27 0.593660994625 0.1715596
TCGA-BR-8059-01 0.33 0.31 0.784568340382 0.3177846
TCGA-BR-8676-01 0.32 NA 0.761215094465 0.5522917
TCGA-VQ-A91X-01 0.53 NA 0.972861409461 0.4358958
TCGA-RD-A7C1-01 0.49 0.31 0.660160820145 NA
TCGA-HF-7131-01 0.4 0.4 0.787683430047 0.3946421
TCGA-D7-5578-01 0.46 0.55 0.697239685871 NA
TCGA-HJ-7597-01 0.34 0.55 0.847946610497 0.5296625
TCGA-HU-A4GP-01 0.45 0.67 0.871081398194 0.7626415
TCGA-VQ-A8PH-01 0.51 NA 0.8900233658 0.9279001
TCGA-VQ-AA6J-01 0.41 NA 0.698877629739 0.3339708
TCGA-RD-A7BW-01 0.29 NA 0.452553485551 0.1460923
TCGA-HU-A4GN-01 0.25 0.47 0.864374382421 NA
TCGA-VQ-A8P5-01 0.51 NA 0.78714222781 0.3618151
TCGA-VQ-A91Y-01 0.43 NA 0.608492712486 0.4130789
TCGA-CG-4441-01 0.28 0.6 0.727113923691 NA
TCGA-BR-8367-01 0.28 0.39 0.729770049056 0.2793407
TCGA-VQ-A8PM-01 0.32 NA 0.697993199362 0.2101413
TCGA-MX-A663-01 0.29 0.36 0.733679620915 0.2279055
TCGA-BR-8365-01 0.33 0.28 0.592504587698 0.2646082
TCGA-D7-6818-01 0.28 0.39 0.607523721466 0.9286874
TCGA-FP-8631-01 0.45 0.48 0.864747347629 0.9541407
TCGA-HF-A5NB-01 0.73 0.89 0.886400967567 NA
TCGA-VQ-A91E-01 0.36 NA 0.870897063405 0.3216682
TCGA-D7-8574-01 0.2 0.41 0.38583308835 0.1473057
TCGA-FP-7829-01 0.7 0.67 0.81531217981 NA
TCGA-D7-6524-01 0.3 0.3 0.587460273059 0.2563252
TCGA-HF-7134-01 0.71 0.74 0.834102804997 0.7062366
TCGA-CG-4462-01 0.3 0.22 0.37739720016 0.1781271
TCGA-D7-A4YT-01 0.51 0.59 0.900835347763 0.7521285
TCGA-BR-A4PD-01 0.5 0.36 0.76195440278 0.4462106
TCGA-BR-8370-01 0.33 0.35 NA 0.4868948
TCGA-CG-5722-01 0.26 0.34 0.568684144277 0.194964
TCGA-D7-8573-01 0.39 0.55 0.893561678782 0.8308859
TCGA-BR-4280-01 0.53 0.68 0.789763322318 NA
TCGA-BR-8382-01 0.2 0.23 0.685352483551 NA
TCGA-BR-8690-01 0.37 0.44 0.617198700068 0.654766
TCGA-BR-4183-01 0.6 0.29 NA 0.2652699
TCGA-RD-A8MV-01 0.4 NA 0.630969366223 0.2974432
TCGA-BR-4357-01 0.47 0.46 0.614917049784 0.9593728
TCGA-CD-8532-01 0.29 0.46 0.644185646298 0.3556209
TCGA-BR-8078-01 0.42 0.74 0.645598980622 NA
TCGA-BR-8373-01 0.55 0.64 0.781678133633 0.4709401
TCGA-D7-8572-01 0.29 0.4 0.669100733043 0.3479159
TCGA-FP-8099-01 0.56 0.48 0.810799540341 NA
TCGA-HU-A4H0-01 0.35 0.31 0.778091979036 0.3254727
TCGA-MX-A5UJ-01 0.25 NA 0.775249026376 NA
TCGA-BR-8687-01 0.53 NA 0.851318186736 0.8034941
TCGA-EQ-8122-01 0.69 0.37 0.829966260572 0.4175087
TCGA-BR-8295-01 0.6 0.5 0.975087338737 0.5401727
TCGA-BR-8384-01 0.33 0.51 0.571404471602 0.1512882
TCGA-RD-A8NB-01 0.3 NA 0.659008797566 NA
TCGA-RD-A8N2-01 0.29 NA 0.665497840058 NA
TCGA-EQ-A4SO-01 0.73 0.73 0.938111295494 0.7940661
TCGA-BR-8284-01 0.26 0.27 0.567104440817 0.2299834
TCGA-BR-7901-01 0.35 NA 0.66510020001 0.1966795
TCGA-HU-8602-01 0.24 0.47 0.707532560775 NA
TCGA-HU-A4HB-01 0.43 0.43 0.647409332042 NA
TCGA-VQ-A928-01 0.35 NA 0.816499133975 0.3698226
TCGA-BR-A4IV-01 0.44 NA 0.631196649986 0.11904
TCGA-IN-AB1V-01 0.39 NA 0.931213929279 0.3240908
TCGA-D7-8576-01 0.55 0.58 0.814634955908 0.5413533
TCGA-VQ-A8PY-01 0.51 NA NA 0.2580534
TCGA-BR-6566-01 0.2 0.28 0.634621500591 NA
TCGA-BR-7717-01 0.48 0.31 0.795443328462 NA
TCGA-BR-8591-01 0.31 0.47 0.761259567552 NA
TCGA-CG-4449-01 0.75 0.59 0.659379836734 0.5312884
TCGA-BR-4191-01 0.54 0.52 0.530462798831 0.5234606
TCGA-R5-A804-01 0.24 NA NA 0.2659443
TCGA-BR-8380-01 0.28 0.27 0.715939749247 0.2307107
TCGA-KB-A93J-01 0.89 NA 0.735959561078 0.6175451
TCGA-D7-6525-01 0.46 0.45 0.789150378781 0.5750758
TCGA-HU-A4GQ-01 0.29 NA 0.77397269521 NA
TCGA-VQ-AA6A-01 0.65 NA 0.926289593021 0.8996701
TCGA-D7-6820-01 0.49 0.47 0.86687765476 0.6321082
TCGA-BR-8361-01 0.43 0.58 0.7992490276 NA
TCGA-BR-A4CR-01 0.75 0.62 0.954819576824 NA
TCGA-CG-4466-01 NA 0.72 0.91658054657 0.8885665
TCGA-BR-4201-01 0.49 0.33 0.544288878953 NA
TCGA-BR-7716-01 0.35 0.28 0.664262163133 0.2663492
TCGA-HU-A4H4-01 0.24 0.37 0.720914405849 0.2416818
TCGA-D7-6518-01 0.41 0.33 0.563750594938 0.2050151
TCGA-CG-4465-01 0.37 0.68 0.667802750757 NA
TCGA-VQ-A8P8-01 0.24 NA 0.753532383659 0.177383
TCGA-BR-8483-01 0.69 0.64 0.919540787984 0.4891486
TCGA-CD-A48A-01 0.68 0.54 0.837569271677 NA
TCGA-HU-A4GT-01 0.49 0.77 0.865310725419 NA
TCGA-D7-A4YV-01 0.3 0.33 0.668163458047 NA
TCGA-BR-6563-01 0.28 0.23 0.432066486532 0.1773704
TCGA-CD-8534-01 0.58 0.56 0.785077129621 0.5791772
TCGA-VQ-A8PU-01 0.66 NA 0.925085593622 0.9706966
TCGA-HF-7136-01 0.72 0.66 0.866465817983 0.6516765
TCGA-HU-8245-01 0.6 0.5 NA 0.9714254
TCGA-BR-A4QL-01 0.55 0.7 0.868036033761 NA
TCGA-RD-A8N0-01 0.63 NA 0.502519518637 NA
TCGA-BR-A4PF-01 0.64 0.42 0.740405047412 0.4032631
TCGA-D7-A747-01 0.25 NA 0.609262414823 0.2018183
TCGA-D7-8579-01 0.26 0.31 0.628042853605 0.2529418
TCGA-FP-A4BF-01 0.43 0.24 0.467694130682 0.3875941
TCGA-IN-A6RN-01 0.56 NA NA 0.5048486
TCGA-HU-A4GH-01 0.45 0.55 0.930454927522 0.3375628
TCGA-D7-A6EX-01 0.72 0.74 0.902694119223 NA
TCGA-BR-8589-01 0.3 0.48 0.713637069734 NA
TCGA-R5-A7ZI-01 0.41 NA 0.663469710363 0.3603735
TCGA-HU-A4GD-01 0.62 0.56 0.950261453874 0.9636146
TCGA-BR-4256-01 0.44 0.26 0.409970515023 NA
TCGA-BR-6458-01 0.41 0.42 0.621547455826 0.3350264
TCGA-BR-8081-01 0.23 0.36 0.532295529517 NA
TCGA-BR-6707-01 0.27 0.48 0.667019927859 0.8920894
TCGA-D7-6822-01 0.54 0.62 0.862398502802 0.6980699
TCGA-F1-6875-01 0.78 0.72 0.948048977669 0.8472413
TCGA-BR-8366-01 0.24 0.39 0.475072757653 0.2820794
TCGA-BR-A44U-01 0.8 0.56 0.840741774025 0.5845863
TCGA-IN-A6RS-01 0.52 NA 0.804036020961 0.5019553
TCGA-CD-A48C-01 0.63 0.52 0.774980077192 0.8809305
TCGA-VQ-A8PK-01 0.62 NA 0.855063169064 NA
TCGA-FP-8210-01 0.3 0.42 0.420359201808 0.178173
TCGA-CG-4455-01 0.39 0.36 NA 0.7382718
TCGA-CD-A4MH-01 0.56 0.46 0.832931012897 0.4308268
TCGA-D7-6520-01 0.5 0.5 0.777381798869 0.5403512
TCGA-IN-A6RJ-01 0.32 NA 0.919814914633 0.2381902
TCGA-CG-5718-01 0.64 0.53 0.735680554278 0.4508372
TCGA-CD-A487-01 0.33 0.35 NA 0.3307828
TCGA-BR-4184-01 0.35 0.36 NA NA
TCGA-BR-8285-01 0.2 0.35 NA 0.2625727
TCGA-VQ-AA6D-01 0.69 NA 0.951405165788 0.6319173
TCGA-CD-A4MJ-01 0.26 0.64 0.832634905774 NA
TCGA-BR-8592-01 0.38 0.26 0.580364579276 0.1892013
TCGA-BR-7703-01 0.32 0.62 0.840657611511 NA
TCGA-FP-A9TM-01 0.37 NA 0.807239321739 0.2358405
TCGA-KB-A6F5-01 0.44 NA NA 0.4672215
TCGA-D7-6522-01 0.27 NA 0.311700223214 0.10741036
TCGA-CG-4300-01 0.45 NA NA 0.9249136
TCGA-D7-A4YX-01 0.35 0.55 0.777153603508 0.571161
TCGA-HF-7133-01 0.73 0.57 0.693423240201 0.5126539
TCGA-B7-A5TK-01 0.37 0.29 0.49663394898 0.1737126
TCGA-D7-8578-01 0.37 0.2 0.705859298899 0.3416855
TCGA-BR-6453-01 0.28 0.44 0.476459699623 0.240502
TCGA-HU-A4GF-01 0.62 0.61 0.854635809493 0.5618439
TCGA-BR-A4PE-01 0.44 0.46 0.720634701131 0.4464931
TCGA-VQ-A91W-01 0.3 NA 0.793689969231 0.563958
TCGA-BR-8484-01 0.38 0.3 0.640452882286 0.8168001
TCGA-VQ-A94T-01 0.63 NA 0.924153556489 0.5197593
TCGA-BR-8588-01 0.25 0.25 0.604748638482 0.2634759
TCGA-CG-5725-01 NA 0.85 0.937764599805 0.7686547
TCGA-BR-A4J5-01 0.26 0.25 0.620850070416 0.1972147
TCGA-FP-7916-01 0.38 0.27 0.539087438169 0.287329
TCGA-VQ-A927-01 0.2 NA 0.82527056435 0.1179187
TCGA-VQ-A924-01 0.3 NA 0.784507655809 NA
TCGA-VQ-A8E3-01 0.55 NA 0.795829544139 0.5915418
TCGA-CG-4305-01 0.37 0.24 0.5956725898 NA
TCGA-BR-4267-01 0.56 0.69 0.79486830149 0.7404654
TCGA-VQ-AA6F-01 0.36 NA 0.815655751213 0.2815195
TCGA-D7-A6EV-01 0.58 0.55 0.918412396287 NA
TCGA-CD-8527-01 0.66 0.64 0.840928591353 0.4583177
TCGA-D7-6815-01 0.62 0.56 0.825870198751 0.5746885
TCGA-BR-7959-01 0.47 0.34 0.689015616024 0.3634233
TCGA-VQ-A8DT-01 0.36 NA 0.913226089886 0.2745993
TCGA-D7-6817-01 0.42 0.44 0.832422478905 0.3406498
TCGA-RD-A8N5-01 0.26 NA 0.562781999421 0.1956144
TCGA-FP-8211-01 0.53 0.65 0.849731692575 0.9712715
TCGA-BR-8289-01 0.52 0.36 0.804883405729 0.5398045
TCGA-BR-4362-01 0.24 0.55 0.709823564983 NA
TCGA-BR-8680-01 0.46 0.6 0.955013447577 NA
TCGA-CG-5733-01 0.28 0.62 NA NA
TCGA-VQ-A8PF-01 0.2 NA 0.543606804297 0.2208927
TCGA-CD-8531-01 0.62 0.66 0.59718182408 NA
TCGA-BR-8679-01 0.52 0.43 0.8301125808 NA
TCGA-CD-5802-01 0.29 0.28 NA 0.3886114
TCGA-CG-5728-01 0.23 0.27 NA NA
TCGA-BR-6706-01 0.27 0.4 0.486710893356 0.1876804
TCGA-BR-7707-01 0.27 0.56 0.787813717272 NA
TCGA-B7-5816-01 0.26 0.32 0.536425011972 NA
TCGA-CD-5801-01 0.31 0.36 0.637273297026 0.2517237
TCGA-BR-7958-01 0.31 0.37 0.538717425956 0.4353267
TCGA-BR-7957-01 0.27 0.23 0.67000019447 0.187529
TCGA-D7-A748-01 0.6 NA 0.434132843517 0.151062
TCGA-CG-4304-01 NA 0.55 0.633152201514 0.5291593
TCGA-CG-4475-01 0.51 0.41 0.722123821098 0.7172176
TCGA-D7-A6EZ-01 0.48 0.64 0.66952933125 NA
TCGA-IN-AB1X-01 0.33 NA 0.78837667756 0.3756386
TCGA-BR-4370-01 0.21 0.24 0.560508870555 NA
TCGA-HU-A4G6-01 0.52 0.69 0.945231439561 0.6114352
TCGA-VQ-A8DL-01 0.34 NA NA 0.4332826
TCGA-VQ-A91Z-01 0.74 NA 0.977862493072 NA
TCGA-CG-5732-01 0.49 0.55 0.781866326729 0.5421875
TCGA-BR-A453-01 0.2 0.25 0.608477577123 0.1161539
TCGA-VQ-A91S-01 0.53 NA 0.814274187168 0.5483189
TCGA-CG-4476-01 0.3 0.27 0.568903600713 0.586171
TCGA-CD-5804-01 0.47 0.39 0.662533081419 0.8610545
TCGA-BR-7851-01 0.34 0.59 0.752331817835 NA
TCGA-VQ-AA68-01 0.52 NA 0.87553983592 0.5327616
