abscnseq ascat estimate purbayes
TCGA-DD-AACA-02 0.92 NA 0.958644041945 NA
TCGA-BC-A10Q-01 0.64 0.64 0.877383003922 0.5197639
TCGA-5R-AAAM-01 0.37 NA 0.71659958505 0.4010065
TCGA-DD-A1EF-01 0.45 0.57 0.850405567578 0.7411667
TCGA-BD-A2L6-01 0.6 0.78 0.861832071132 0.8035511
TCGA-ZP-A9D2-01 0.66 NA 0.869178429782 0.684525
TCGA-DD-AADL-01 0.61 NA 0.940266389599 0.775502
TCGA-CC-A8HT-01 0.34 NA 0.861043133692 0.4805178
TCGA-2Y-A9GV-01 0.58 NA 0.786807399952 0.5888699
TCGA-DD-A39Y-01 0.46 0.72 0.917364194317 NA
TCGA-ED-A627-01 0.49 0.42 0.59844440891 NA
TCGA-NI-A8LF-01 0.58 NA 0.871374571797 0.5139326
TCGA-DD-A4NP-01 0.62 NA 0.875076229512 0.6139824
TCGA-RC-A6M4-01 0.89 0.77 0.955603051785 0.8882397
TCGA-G3-A3CJ-01 0.68 0.76 0.877538337248 NA
TCGA-DD-A11C-01 0.69 0.67 0.816198302937 0.8672747
TCGA-FV-A4ZQ-01 0.78 0.58 0.774713324988 NA
TCGA-G3-A7M5-01 0.66 NA 0.882665556071 0.7680206
TCGA-DD-AADO-01 0.55 NA 0.785941535671 0.8358863
TCGA-2Y-A9H2-01 0.49 NA 0.869896456646 0.8254388
TCGA-CC-5258-01 0.92 0.5 0.843507219124 0.701246
TCGA-DD-AACV-01 0.96 NA 0.962687427438 0.9140109
TCGA-DD-AAEH-01 0.42 NA 0.732050436623 0.6398829
TCGA-BD-A3EP-01 0.37 0.5 0.707167685452 0.507288
TCGA-KR-A7K8-01 0.32 NA 0.716605792559 0.2034155
TCGA-DD-AACE-01 0.73 NA 0.894885199794 NA
TCGA-5R-AA1D-01 0.29 NA 0.647079720607 0.139995
TCGA-DD-A114-01 0.6 0.34 0.665276742052 0.3221015
TCGA-WX-AA44-01 0.37 NA 0.881390881307 0.5919957
TCGA-DD-AAC9-01 0.45 NA 0.735987728476 NA
TCGA-XR-A8TC-01 NA NA 0.912514202046 NA
TCGA-5C-A9VH-01 0.72 NA 0.862974124373 0.7733235
TCGA-FV-A496-01 0.78 0.75 0.956399878863 0.9193471
TCGA-ZP-A9D4-01 0.83 NA 0.9233140538 0.7820487
TCGA-DD-AADJ-01 0.72 NA 0.880160636596 0.8075005
TCGA-BC-A217-01 0.68 0.69 0.872696563367 0.853627
TCGA-DD-AACF-01 0.82 NA 0.864102695688 0.8563368
TCGA-DD-A4NB-01 0.25 0.29 0.679276624896 0.5099577
TCGA-DD-AACS-01 0.87 NA 0.942025690599 0.8686876
TCGA-DD-AAE4-01 0.57 NA 0.675532741271 0.7426271
TCGA-DD-A1EK-01 0.6 0.75 0.811492745283 0.7629686
TCGA-RC-A6M6-01 0.73 0.72 0.929991302619 0.8029681
TCGA-DD-A73A-01 0.51 0.66 0.850893523627 0.6495107
TCGA-CC-A3MA-01 0.76 0.77 0.884206147794 0.7625355
TCGA-ED-A7PZ-01 0.82 NA 0.960307017013 NA
TCGA-KR-A7K0-01 0.32 NA 0.861822285568 0.571043
TCGA-DD-AADM-01 0.44 NA 0.845989548108 0.6238639
TCGA-UB-A7MC-01 0.84 NA 0.953173100412 NA
TCGA-DD-A73C-01 0.51 NA 0.844753742134 0.644507
TCGA-FV-A4ZP-01 0.55 0.58 0.801452228329 0.7780348
TCGA-BC-A69H-01 0.82 0.61 0.832150351422 0.5143718
TCGA-DD-AACT-01 0.73 NA 0.79610681891 0.5455459
TCGA-DD-AACQ-01 0.78 NA 0.962013209704 0.860626
TCGA-4R-AA8I-01 0.76 NA 0.886266386994 NA
TCGA-MI-A75I-01 0.52 0.64 0.908314731582 0.7393434
TCGA-DD-AA3A-01 0.65 NA 0.935094653367 0.4094359
TCGA-ED-A66X-01 0.49 0.46 0.742325303277 0.3147688
TCGA-DD-AACC-01 0.22 NA 0.576419389265 0.2939217
TCGA-MI-A75C-01 0.5 0.72 0.898455293328 0.7484044
TCGA-DD-AAW3-01 0.59 NA 0.922623355132 0.8739333
TCGA-5C-A9VG-01 0.39 NA 0.894621590715 0.665867
TCGA-BC-A8YO-01 0.83 NA 0.824334861479 0.8557122
TCGA-FV-A495-01 0.35 0.49 0.720813170367 0.5033986
TCGA-CC-A9FU-01 0.85 NA 0.943366499545 NA
TCGA-DD-AACD-01 0.68 NA NA 0.7920237
TCGA-DD-A11A-01 0.51 0.79 0.927382341423 0.9350916
TCGA-DD-AADU-01 0.69 NA 0.92280156983 0.7221007
TCGA-CC-A7IF-01 0.76 NA 0.930869610598 0.8574067
TCGA-CC-A8HU-01 0.86 NA 0.931625927504 0.8479856
TCGA-DD-A3A3-01 0.75 0.71 0.913504961858 0.7376462
TCGA-DD-A1EJ-01 0.5 0.48 0.895871966899 0.7212929
TCGA-DD-A1EE-01 0.42 0.8 0.927371360913 0.728606
TCGA-DD-AAE6-01 0.76 NA 0.973369756981 0.9437791
TCGA-G3-A25T-01 0.58 0.43 0.849287792657 0.7953354
TCGA-5R-AA1C-01 0.68 NA 0.878638719767 0.7580363
TCGA-5C-AAPD-01 0.41 NA 0.72227816359 0.5389522
TCGA-DD-A4NG-01 NA 0.48 0.871853437992 NA
TCGA-G3-A5SM-01 0.47 0.39 0.759562481703 0.8028822
TCGA-DD-AADK-01 0.3 NA 0.795118558547 0.8869529
TCGA-G3-AAV4-01 0.79 NA 0.911338989852 0.8827831
TCGA-G3-AAV7-01 0.59 NA 0.834521970824 0.5878149
TCGA-DD-A1EI-01 0.69 0.5 0.809648111446 0.5024912
TCGA-DD-A113-01 0.53 0.62 0.8643625649 0.8569773
TCGA-DD-A39W-01 0.31 0.8 0.910709665397 0.6405188
TCGA-CC-A8HS-01 NA NA 0.940453350841 NA
TCGA-2Y-A9GX-01 0.38 NA 0.634022699098 0.3380589
TCGA-2Y-A9H8-01 0.61 NA 0.838630776285 0.5916059
TCGA-DD-A73D-01 0.88 0.86 0.964957116475 0.8553919
TCGA-MI-A75H-01 0.44 0.67 0.801582043139 0.7150059
TCGA-G3-A6UC-01 0.86 NA 0.934057073431 0.8723266
TCGA-DD-AACB-01 0.57 NA 0.781930460483 NA
TCGA-CC-A7II-01 0.72 NA 0.917669824822 NA
TCGA-EP-A12J-01 0.49 0.8 0.903495220101 0.8369005
TCGA-DD-A4NI-01 0.32 0.71 0.776380604935 0.6337991
TCGA-ED-A7XP-01 0.93 NA 0.839208994081 0.6679987
TCGA-DD-AADC-01 0.68 NA 0.919796892266 0.68333
TCGA-CC-A9FS-01 0.72 NA 0.904202891319 0.7515992
TCGA-T1-A6J8-01 0.64 0.59 0.869572654828 0.755243
TCGA-RC-A6M5-01 0.22 0.4 0.800969504321 0.1284956
TCGA-CC-A123-01 NA 0.74 0.868974187886 NA
TCGA-UB-AA0V-01 0.21 NA 0.789792612742 0.1584526
TCGA-ZS-A9CF-01 0.92 NA 0.879420453492 0.8871454
TCGA-XR-A8TG-01 0.61 NA 0.863662293014 0.8024788
TCGA-DD-A73B-01 0.84 0.75 0.938347894503 0.8649847
TCGA-DD-A115-01 0.69 0.61 0.835720588601 0.7606658
TCGA-ZP-A9D0-01 0.56 NA 0.908495410346 0.6975483
TCGA-DD-A1EH-01 0.7 0.8 0.886242033371 NA
TCGA-DD-A3A6-01 0.25 NA 0.659787557956 0.10728279
TCGA-DD-AACI-01 0.4 NA 0.689725364518 0.7345463
TCGA-DD-A1EA-01 0.44 0.73 0.863913459234 0.7157717
TCGA-DD-A73F-01 0.32 0.64 0.703700984522 0.6360771
TCGA-DD-AACJ-01 0.83 NA 0.924817493326 0.7806463
TCGA-EP-A2KC-01 0.47 0.89 0.887962242962 0.6321986
TCGA-2Y-A9H5-01 0.75 NA 0.851583973262 0.6376409
TCGA-K7-AAU7-01 0.53 NA 0.82157349322 0.518084
TCGA-2Y-A9GY-01 0.52 NA 0.777278886144 0.5874592
TCGA-DD-AACU-01 0.65 NA 0.867269117243 0.7031431
TCGA-BC-A10X-01 0.67 0.55 0.745496402187 0.7819916
TCGA-ES-A2HS-01 0.61 0.56 0.873916965576 0.853512
TCGA-DD-AAEG-01 0.8 NA 0.92432725239 0.7017109
TCGA-RG-A7D4-01 0.5 NA 0.806919972716 0.5578869
TCGA-NI-A4U2-01 0.5 0.62 0.86305204627 0.6710252
TCGA-DD-AACN-01 0.57 NA 0.839400885166 0.6827292
TCGA-FV-A3R2-01 0.62 0.75 0.907939727428 0.7727896
TCGA-CC-A7IH-01 0.83 NA 0.93117882387 0.835
TCGA-2Y-A9H7-01 0.94 NA 0.898098515952 0.7650512
TCGA-RC-A7SH-01 0.77 NA 0.942248714465 0.8057611
TCGA-DD-A3A0-01 0.38 0.68 NA NA
TCGA-DD-AAVW-01 0.71 NA 0.762344376187 0.5193546
TCGA-QA-A7B7-01 0.75 0.79 0.929999179046 0.8255816
TCGA-2Y-A9H1-01 0.76 NA 0.814760664276 0.6572745
TCGA-LG-A9QD-01 0.76 NA 0.86112495945 0.5538402
TCGA-ED-A8O5-01 0.86 NA 0.906636109733 0.821485
TCGA-DD-AAEK-01 0.44 NA 0.734971214827 0.4158998
TCGA-DD-AAE9-01 0.71 NA 0.927047736687 NA
TCGA-DD-A3A4-01 0.36 0.71 0.929570314832 0.7679711
TCGA-LG-A9QC-01 0.67 NA 0.929580032402 0.7839666
TCGA-DD-AADP-01 0.6 NA 0.85721653033 0.7228559
TCGA-ZS-A9CD-01 0.66 NA 0.815228924108 0.4924272
TCGA-DD-AADS-01 0.51 NA 0.78551209565 0.674159
TCGA-BC-A69I-01 0.34 0.74 0.826903180614 0.6404199
TCGA-2Y-A9H4-01 0.58 NA 0.857948842646 0.7654573
TCGA-KR-A7K7-01 0.57 NA 0.832490962842 0.9309246
TCGA-G3-AAV3-01 0.28 NA 0.756574915593 0.4321296
TCGA-G3-A5SJ-01 0.91 0.57 0.794561675167 0.6524975
TCGA-XR-A8TE-01 0.31 NA 0.881800277897 0.6991361
TCGA-DD-A4NN-01 0.85 0.63 0.923649005631 0.7528177
TCGA-DD-AAD0-01 0.87 NA 0.942862912504 0.8964362
TCGA-CC-A9FW-01 0.64 NA 0.919608698184 NA
TCGA-DD-AAD3-01 0.48 NA 0.792841602279 0.6287632
TCGA-DD-AADW-01 0.71 NA 0.903873439646 0.8028787
TCGA-DD-AAEE-01 0.74 NA 0.922292170765 0.8137331
TCGA-RC-A7SF-01 0.74 NA 0.888676959727 0.7018244
TCGA-EP-A2KA-01 0.56 0.6 0.788074806661 0.5931642
TCGA-UB-AA0U-01 0.45 NA 0.783129709525 0.6984383
TCGA-UB-A7MD-01 0.41 NA 0.799031002346 0.6277251
TCGA-HP-A5MZ-01 0.31 NA 0.656111585668 0.2762047
TCGA-DD-AACZ-01 0.7 NA 0.706210651096 0.8499706
TCGA-DD-AACY-01 0.51 NA 0.877116214673 0.7712375
TCGA-FV-A3R3-01 0.3 0.34 0.740940165583 0.2144816
TCGA-DD-A4NL-01 0.64 0.26 0.8312949505 0.697077
TCGA-BW-A5NQ-01 0.32 0.65 0.800348635029 0.7490589
TCGA-UB-A7MA-01 0.69 NA 0.903211047578 0.6923999
TCGA-DD-AADD-01 0.8 NA 0.940178372788 NA
TCGA-DD-A3A1-01 0.41 0.71 0.854560396006 NA
TCGA-G3-A7M6-01 0.56 NA 0.8733508494 0.6773622
TCGA-DD-AAE8-01 0.33 NA NA 0.5525438
TCGA-CC-5262-01 0.67 0.25 0.723567373058 0.389999
TCGA-EP-A26S-01 0.75 0.84 0.91512267201 0.8856833
TCGA-GJ-A6C0-01 0.39 0.73 0.799064307172 0.6993964
TCGA-DD-AAE1-01 0.73 NA 0.895118821394 0.8389296
TCGA-DD-AAVZ-01 0.63 NA 0.891402810939 0.7926168
TCGA-DD-AAVY-01 0.94 NA 0.935446080943 0.8900927
TCGA-DD-A1EB-01 0.6 0.79 0.875766653495 0.7887367
TCGA-BC-4073-01 0.46 0.53 0.686893610058 0.5246121
TCGA-GJ-A9DB-01 0.68 NA 0.842191261192 0.6224974
TCGA-ED-A8O6-01 NA NA 0.906376978433 0.6683826
TCGA-FV-A23B-01 0.73 0.72 0.855973730884 0.7792706
TCGA-CC-A3MC-01 0.49 0.59 0.860755713835 0.6262077
TCGA-G3-A3CK-01 0.29 0.58 0.844329578523 0.6676426
TCGA-ED-A7XO-01 0.51 NA 0.795689579497 0.3134318
TCGA-DD-AACM-01 0.86 NA NA 0.5770357
TCGA-G3-A7M9-01 0.48 NA 0.947832845302 0.8364651
TCGA-BC-A10U-01 0.66 0.74 0.920555060508 0.7904036
TCGA-BC-A3KF-01 0.77 0.75 0.904129717572 0.8037815
TCGA-ZP-A9CZ-01 0.63 NA 0.774838693154 NA
TCGA-DD-AACA-01 0.76 NA 0.925088497596 0.8609586
TCGA-RC-A7SK-01 0.56 NA 0.936270025819 0.5444252
TCGA-ED-A82E-01 0.42 NA 0.853526832805 NA
TCGA-G3-A25W-01 0.56 0.29 NA 0.2991026
TCGA-RC-A7SB-01 0.64 NA 0.910074777919 0.7716151
TCGA-FV-A2QQ-01 0.44 0.58 0.812246059449 0.5648683
TCGA-DD-AADF-01 0.81 NA 0.895824497416 NA
TCGA-DD-AAEB-01 0.36 NA 0.864542528022 0.763186
TCGA-DD-A1EG-01 NA 0.4 0.732607385408 NA
TCGA-ES-A2HT-01 0.34 0.54 0.79954318067 0.53816
TCGA-DD-AAVU-01 0.86 NA 0.917990018133 0.8872811
TCGA-ED-A66Y-01 0.8 0.82 0.960253682144 0.8378608
TCGA-EP-A3JL-01 0.37 0.34 0.73306527094 0.4996384
TCGA-G3-AAV1-01 0.7 NA 0.901894168517 0.7768026
TCGA-YA-A8S7-01 0.35 NA 0.671766739081 0.3363328
TCGA-DD-A4NQ-01 0.33 0.39 0.863187716075 0.316656
TCGA-DD-A1E9-01 0.7 0.51 NA 0.6549085
TCGA-G3-A7M8-01 0.32 NA 0.844995559796 0.6536906
TCGA-DD-AACO-01 0.7 NA 0.802711092344 0.7303022
TCGA-DD-AADN-01 0.62 NA 0.766736093112 0.6028064
TCGA-2Y-A9H3-01 0.36 NA 0.703242463487 0.4960775
TCGA-CC-A3M9-01 0.3 0.2 0.454753000065 0.3252735
TCGA-G3-AAV2-01 0.74 NA 0.891251341646 0.7830176
TCGA-DD-AACW-01 0.76 NA 0.90490197732 0.8244002
TCGA-BC-A5W4-01 0.91 0.75 0.960924014428 0.9250425
TCGA-2Y-A9GW-01 0.4 NA 0.719181223442 0.4376531
TCGA-2Y-A9GT-01 0.51 NA 0.727858421925 0.5218649
TCGA-HP-A5N0-01 0.57 0.59 0.787078897969 0.5358198
TCGA-ED-A5KG-01 0.2 0.48 0.455086250417 0.10151811
TCGA-K7-A5RG-01 0.48 0.44 0.620482831865 0.2999924
TCGA-BC-A216-01 0.47 0.72 0.848871359357 0.7637487
TCGA-DD-AAE2-01 0.63 NA 0.790757438605 0.7515424
TCGA-DD-A118-01 0.66 0.55 0.868284114648 0.5128531
TCGA-2Y-A9GS-01 0.5 NA 0.842590246243 0.6767941
TCGA-CC-5261-01 0.56 0.42 0.751230212163 NA
TCGA-CC-5259-01 NA 0.6 0.888117168305 NA
TCGA-DD-AACG-01 0.75 NA 0.872482471547 0.9481292
TCGA-MI-A75G-01 0.63 0.63 0.931904517947 0.8327897
TCGA-DD-AAD5-01 0.57 NA 0.852196959984 0.6048551
TCGA-ZP-A9CY-01 0.4 NA 0.807425711662 0.6888223
TCGA-DD-A11B-01 0.81 0.79 0.920180345375 0.7983765
TCGA-UB-A7MB-01 0.81 NA 0.947467743093 0.9035241
TCGA-DD-AADA-01 0.47 NA 0.77833368931 0.632741
TCGA-MR-A520-01 0.47 0.26 0.879128012296 0.6634196
TCGA-KR-A7K2-01 0.54 NA 0.825393455837 0.9704155
TCGA-G3-A25Z-01 0.53 0.52 0.846193729935 0.7058789
TCGA-G3-A25Y-01 0.49 0.66 0.808967943731 0.6013398
TCGA-DD-AAEA-01 0.47 NA 0.863045275015 0.6477556
TCGA-GJ-A3OU-01 0.34 NA 0.494820223678 0.2055927
TCGA-ED-A4XI-01 0.33 0.31 0.734358895131 0.171052
TCGA-ED-A97K-01 0.52 NA 0.830243598021 0.4445336
TCGA-DD-A4ND-01 0.46 0.26 0.688411110652 0.3574545
TCGA-DD-AAW1-01 0.65 NA 0.916239484109 0.80603
TCGA-DD-AAE7-01 0.32 NA 0.79154201255 0.5583453
TCGA-ED-A7PY-01 0.74 NA 0.93555029463 0.5513537
TCGA-DD-AACH-01 0.77 NA 0.875749956839 0.8214759
TCGA-DD-AADR-01 0.5 NA 0.862955077587 0.7260204
TCGA-2Y-A9HA-01 0.74 NA 0.915141106777 0.734878
TCGA-DD-AAW2-01 0.88 NA 0.913701473134 0.4929197
TCGA-BC-A10Z-01 0.74 0.86 0.967888623 0.9024579
TCGA-CC-A8HV-01 0.7 NA 0.93753868973 0.8289746
TCGA-DD-AAD8-01 0.83 NA 0.898479563196 0.8183587
TCGA-G3-AAV6-01 0.57 NA 0.927952883608 0.3456888
TCGA-DD-A4NR-01 0.48 0.23 NA 0.3198367
TCGA-ZS-A9CE-01 0.69 NA 0.94374313712 NA
TCGA-CC-A7IG-01 0.78 NA 0.875322193355 NA
TCGA-2Y-A9HB-01 0.53 NA 0.788203829965 0.6382296
TCGA-LG-A6GG-01 0.79 0.79 0.91829889723 NA
TCGA-DD-A3A2-01 0.29 0.75 0.867845947706 0.7308223
TCGA-XR-A8TD-01 0.28 NA 0.634207914737 0.4177719
TCGA-MI-A75E-01 0.25 0.22 0.783058610782 0.2925747
TCGA-G3-A25U-01 0.79 0.83 0.924324165509 0.9776889
TCGA-2Y-A9H9-01 0.62 NA 0.86835416331 0.8330319
TCGA-DD-A4NK-01 0.55 0.7 0.897289883262 0.777929
TCGA-CC-A1HT-01 0.61 0.22 0.637604331225 0.3700675
TCGA-G3-A5SL-01 0.78 0.75 0.89375267639 0.530103
TCGA-DD-A4NV-01 0.27 0.45 0.844360803302 0.5357865
TCGA-DD-A4NF-01 0.45 0.7 0.924974781976 0.7596219
TCGA-CC-A7IK-01 0.57 NA 0.95596028746 0.7026585
TCGA-DD-A39V-01 0.65 0.68 0.756736426293 0.6637124
TCGA-DD-AADQ-01 0.79 NA 0.885676225275 NA
TCGA-2Y-A9GZ-01 0.79 NA 0.933064945154 0.9773226
TCGA-DD-AAC8-01 0.76 NA 0.879532675728 NA
TCGA-FV-A3I0-01 0.7 0.61 0.849350748782 NA
TCGA-DD-AADB-01 0.39 NA 0.815521540815 0.5960312
TCGA-DD-AAED-01 0.81 NA 0.924284523646 0.8292288
TCGA-DD-AAW0-01 0.35 NA 0.764562006639 0.4750917
TCGA-BC-A10R-01 0.59 0.57 0.853129437653 0.4468153
TCGA-BC-A110-01 0.67 NA 0.647560434816 0.7369701
TCGA-DD-AAD6-01 0.84 NA 0.92834168837 0.8466342
TCGA-DD-AAVR-01 0.35 NA 0.662901786619 0.913627
TCGA-BW-A5NO-01 0.74 0.7 0.855971765879 0.7274858
TCGA-K7-A5RF-01 0.31 0.41 0.707396649226 0.1277468
TCGA-ZS-A9CG-01 0.68 NA 0.886379196806 0.7375661
TCGA-RC-A7S9-01 0.78 NA 0.887528445042 0.8754043
TCGA-BW-A5NP-01 0.9 0.75 0.951374084279 0.9664494
TCGA-G3-A3CG-01 0.44 0.45 0.842317290167 0.6328954
TCGA-XR-A8TF-01 0.84 NA 0.921272016202 NA
TCGA-DD-AACX-01 0.85 NA 0.915960598314 0.8316054
TCGA-DD-AAVV-01 0.31 NA 0.717156918542 0.2433203
TCGA-2Y-A9H6-01 0.48 NA 0.759712743865 0.616213
TCGA-DD-AACK-01 0.41 NA 0.907267266563 0.7354917
TCGA-CC-5263-01 0.58 0.74 0.860294481964 NA
TCGA-CC-5260-01 0.59 0.57 0.790159970295 0.557249
TCGA-G3-AAUZ-01 0.64 NA 0.786420500015 0.6514482
TCGA-O8-A75V-01 0.52 0.52 0.770451751091 0.4941864
TCGA-ZS-A9CF-02 0.93 NA 0.895480645149 NA
TCGA-DD-AADI-01 0.61 NA 0.719436167242 0.6911129
TCGA-DD-AADY-01 0.86 NA 0.916614549314 0.8339701
TCGA-DD-A4NS-01 0.2 NA 0.685623497687 0.1317153
TCGA-DD-AADV-01 0.73 NA 0.863312059335 0.7362921
TCGA-K7-A6G5-01 0.75 0.62 0.802740915559 0.4717607
TCGA-CC-A7IE-01 0.4 NA 0.799429603428 0.9709402
TCGA-CC-A7IJ-01 0.5 NA 0.581920508555 0.5553904
TCGA-EP-A2KB-01 0.74 0.78 0.91662769411 NA
TCGA-ZP-A9D1-01 0.6 NA 0.813162251186 0.5602413
TCGA-BC-A10Y-01 0.5 0.84 0.868362865378 NA
TCGA-CC-A3MB-01 0.69 0.68 0.9046787618 NA
TCGA-PD-A5DF-01 0.68 0.67 0.761262191449 0.6867165
TCGA-CC-A9FV-01 0.39 NA 0.504171758423 0.1254463
TCGA-DD-AAVS-01 0.63 NA 0.875759141332 0.6066068
TCGA-ED-A7PX-01 0.68 NA 0.820538810368 0.7894622
TCGA-DD-A1EC-01 0.53 0.43 0.632595331093 0.3765479
TCGA-CC-A5UE-01 0.72 0.67 0.935206296629 0.849971
TCGA-DD-A73G-01 0.54 0.59 0.842880316659 0.964884
TCGA-G3-AAV5-01 0.75 NA 0.911261551495 0.7332774
TCGA-DD-AACP-01 0.62 NA 0.952711401752 NA
TCGA-BC-A112-01 0.41 0.59 0.837427840894 NA
TCGA-DD-AAVP-01 0.67 NA 0.879424885005 0.7307781
TCGA-DD-AADG-01 0.58 NA 0.934482875155 0.7297289
TCGA-DD-A4NE-01 NA 0.64 0.907251212999 NA
TCGA-ZP-A9CV-01 0.47 NA 0.786584142249 0.6046917
TCGA-DD-A4NJ-01 0.49 0.47 0.799438286686 0.6835055
TCGA-DD-AAD2-01 0.43 NA 0.741589814116 0.321258
TCGA-G3-A3CH-01 0.46 0.62 0.829638147944 0.6489139
TCGA-DD-A3A5-01 0.82 0.81 0.875667010957 0.8077492
TCGA-DD-A4NO-01 0.38 0.5 0.861273438885 0.8679348
TCGA-3K-AAZ8-01 0.67 NA 0.882057475344 0.9452652
TCGA-G3-A5SK-01 NA 0.48 0.789066942875 NA
TCGA-EP-A3RK-01 0.65 0.45 0.700426660454 NA
TCGA-2Y-A9H0-01 0.76 NA 0.866279217602 0.8180903
TCGA-CC-A5UC-01 0.3 0.27 0.830539294347 0.3611013
TCGA-FV-A3I1-01 0.48 0.5 0.807416728304 0.6692243
TCGA-DD-A3A9-01 0.42 0.47 0.772600287772 NA
TCGA-DD-A1EL-01 0.59 0.65 0.917080920855 0.8250326
TCGA-RC-A6M3-01 0.5 0.4 0.917515403782 0.9687429
TCGA-DD-A73E-01 0.74 0.8 0.956286457116 0.9252292
TCGA-G3-A25S-01 NA 0.67 0.865947583159 0.8811065
TCGA-G3-AAV0-01 0.67 NA 0.880786793736 0.800372
TCGA-UB-A7MF-01 0.6 NA 0.741506822341 0.6236824
TCGA-UB-A7ME-01 0.6 NA 0.788400397912 0.5166891
TCGA-CC-A5UD-01 0.81 0.68 0.929367777873 NA
TCGA-DD-AADE-01 0.7 NA NA 0.694516
TCGA-WQ-A9G7-01 0.48 NA 0.93595091457 NA
TCGA-DD-AAVQ-01 0.31 NA 0.689125741206 0.5113291
TCGA-G3-A7M7-01 0.81 NA 0.902743082694 0.403548
TCGA-CC-A7IL-01 0.85 NA 0.960715235176 NA
TCGA-DD-AAVX-01 0.51 NA 0.812207606291 0.7195938
TCGA-WX-AA47-01 0.47 NA 0.951681185393 0.821295
TCGA-DD-A39Z-01 0.64 0.73 0.937765607955 0.8238328
TCGA-2Y-A9GU-01 0.53 NA 0.922019977774 0.7913904
TCGA-WJ-A86L-01 0.79 NA 0.939270836829 0.8645793
TCGA-BC-A10S-01 0.49 0.52 0.744790329894 NA
TCGA-DD-A11D-01 0.51 0.72 0.889445002079 0.7446713
TCGA-G3-A3CI-01 0.26 0.46 0.800080709462 0.2297807
TCGA-DD-AAE3-01 0.54 NA 0.828805540099 0.8215861
TCGA-DD-AAE0-01 0.9 NA 0.884491442974 0.8977885
TCGA-CC-5264-01 0.7 0.72 0.906331764764 NA
TCGA-G3-A25V-01 0.64 NA 0.741757272266 0.2650974
TCGA-DD-AACL-01 0.33 NA 0.733534410747 0.4505679
TCGA-DD-A39X-01 0.39 0.4 0.836685606017 0.5391881
TCGA-DD-A3A7-01 0.72 0.74 0.892863542262 0.7914159
TCGA-DD-A3A8-01 0.45 0.7 0.923423630519 0.6986014
TCGA-FV-A2QR-01 0.74 0.76 0.842886439774 0.7234997
TCGA-DD-A4NH-01 0.54 0.22 0.817652767165 0.3730626
TCGA-G3-A5SI-01 0.79 0.75 0.937968952903 0.7948724
TCGA-BC-A10W-01 0.69 0.68 0.858761092162 0.687337
TCGA-MR-A8JO-01 0.28 NA 0.646612772456 0.2097647
TCGA-WQ-AB4B-01 0.42 NA 0.812374985639 0.5860418
TCGA-DD-A4NA-01 0.8 0.55 0.831721667331 0.7399697
TCGA-DD-A1ED-01 0.66 0.21 0.764101173341 0.2161975
TCGA-BD-A3ER-01 0.72 0.54 0.790710284539 0.522106
TCGA-2V-A95S-01 0.28 NA 0.686630256019 0.4461725
TCGA-BC-A10T-01 0.54 0.68 0.819570365882 0.7085895
TCGA-DD-A116-01 0.58 0.56 0.851936671792 NA
TCGA-WX-AA46-01 0.26 NA 0.83578405373 0.460672
TCGA-DD-A119-01 0.55 0.43 0.841034465669 0.6909178
TCGA-BC-A3KG-01 0.47 0.74 0.930185433109 NA
TCGA-ED-A459-01 0.43 0.68 0.863427269645 0.6479891
TCGA-DD-AAD1-01 0.39 NA 0.712422414151 0.3975609
TCGA-DD-AAEI-01 0.72 NA 0.839588593219 NA
