abscnseq ascat estimate purbayes
TCGA-32-1986-01 0.4 0.52 NA 0.5199349
TCGA-06-2566-01 0.58 0.5 NA 0.9189675
TCGA-02-0047-01 0.37 0.68 0.759964070042 0.6223894
TCGA-06-0174-01 0.78 0.88 0.900734569343 NA
TCGA-06-A5U1-01 0.63 NA NA 0.61559
TCGA-74-6577-01 0.43 0.55 NA NA
TCGA-32-1976-01 0.5 0.66 NA 0.7996867
TCGA-12-1602-01 0.72 0.69 NA 0.9181233
TCGA-06-2562-01 0.62 0.7 0.780166807931 0.7238574
TCGA-41-2571-01 0.56 0.7 0.900294811767 0.6732769
TCGA-12-1088-01 0.54 0.49 NA 0.8007691
TCGA-28-1752-01 0.68 0.52 NA 0.2986348
TCGA-19-5950-01 0.66 0.74 NA 0.7764962
TCGA-06-0168-01 0.5 0.61 0.704482876747 0.6231664
TCGA-06-0646-01 0.63 0.75 0.748727968872 0.7786722
TCGA-76-6662-01 0.38 0.55 NA 0.4863808
TCGA-14-0790-01 0.77 0.83 0.929401337192 0.8715258
TCGA-02-0055-01 0.42 0.49 0.562113187357 0.6425278
TCGA-06-0240-01 0.35 0.67 NA 0.7499643
TCGA-28-5208-01 0.81 0.77 0.800161716222 0.8699273
TCGA-06-0213-01 0.36 0.58 NA 0.5925495
TCGA-12-0670-01 0.37 0.82 NA 0.8201194
TCGA-76-6286-01 0.83 0.84 NA 0.8601989
TCGA-32-2638-01 0.56 0.78 NA 0.7491088
TCGA-14-1037-01 0.44 0.51 NA 0.7251363
TCGA-14-0787-01 0.71 0.8 0.830717574105 0.82764
TCGA-32-2632-01 0.55 0.71 0.712520534002 0.6169691
TCGA-14-1794-01 0.66 0.47 NA NA
TCGA-14-1795-01 0.65 0.64 NA NA
TCGA-74-6575-01 0.39 0.61 NA 0.594728
TCGA-14-0813-01 0.5 0.72 NA NA
TCGA-06-5412-01 0.34 NA 0.593749728455 0.1976981
TCGA-12-0827-01 0.41 NA NA 0.4770026
TCGA-06-1800-01 0.53 0.62 NA NA
TCGA-76-6664-01 0.51 0.68 NA 0.6550164
TCGA-19-1790-01 NA 0.52 NA NA
TCGA-19-1389-02 0.43 0.6 0.616045644106 NA
TCGA-14-3476-01 NA 0.7 NA NA
TCGA-14-0781-01 0.27 0.4 0.700982297375 0.2469205
TCGA-14-1451-01 0.53 0.74 NA 0.75834
TCGA-19-2620-01 0.4 0.64 0.844650628461 0.5528204
TCGA-14-1821-01 0.9 0.9 NA NA
TCGA-06-6693-01 0.89 0.8 NA 0.8670466
TCGA-26-5136-01 0.95 0.75 0.751396126425 0.7147591
TCGA-4W-AA9R-01 0.71 NA NA 0.7778517
TCGA-06-0879-01 0.45 0.72 NA 0.7171811
TCGA-76-6660-01 0.56 0.65 NA 0.9219958
TCGA-14-1034-02 0.9 0.85 0.960699651738 NA
TCGA-28-2509-01 NA 0.81 0.842131524986 NA
TCGA-27-1832-01 0.79 0.59 0.701694240569 0.4834071
TCGA-28-2499-01 NA NA 0.849593141583 NA
TCGA-19-1388-01 0.58 0.59 NA 0.5195929
TCGA-06-5858-01 0.61 0.69 0.796490830315 NA
TCGA-14-1396-01 0.97 0.72 NA NA
TCGA-28-2506-01 0.61 0.51 NA NA
TCGA-06-6697-01 0.3 0.29 NA 0.4495988
TCGA-12-0819-01 0.53 0.65 NA 0.72402
TCGA-06-0139-01 NA NA 0.419070794917 NA
TCGA-14-4157-01 0.68 0.84 NA 0.8846657
TCGA-06-A7TK-01 0.42 NA NA 0.6768425
TCGA-19-1788-01 NA 0.46 NA NA
TCGA-26-1439-01 0.78 0.61 NA 0.7315165
TCGA-32-4213-01 0.37 0.65 0.655302276585 0.6409455
TCGA-12-0829-01 0.65 0.42 NA NA
TCGA-06-6694-01 0.61 0.58 NA 0.7950189
TCGA-28-1751-01 0.63 0.38 NA 0.8656253
TCGA-12-0826-01 NA 0.5 NA 0.5627848
TCGA-06-0209-01 0.53 0.57 NA 0.4449542
TCGA-14-1823-01 0.65 0.48 0.706980177929 0.66975
TCGA-06-0214-01 0.3 0.6 NA 0.6218735
TCGA-06-0650-01 0.3 NA NA 0.2296997
TCGA-19-5956-01 0.56 0.79 NA 0.9117251
TCGA-12-0662-01 0.63 0.68 NA NA
TCGA-02-2483-01 0.55 0.57 0.821937009647 0.7322786
TCGA-19-2621-01 0.75 0.72 NA NA
TCGA-OX-A56R-01 0.85 NA NA 0.829996
TCGA-12-1093-01 0.3 0.4 NA 0.7923325
TCGA-14-2554-01 0.53 0.75 0.757829024505 0.624954
TCGA-12-3649-01 0.53 0.72 NA 0.7547606
TCGA-06-0152-01 0.75 0.49 NA 0.7667811
TCGA-06-0648-01 0.82 0.75 NA 0.8332849
TCGA-14-0871-01 0.75 NA 0.938598735036 NA
TCGA-41-3392-01 0.8 0.81 NA 0.7924961
TCGA-14-3477-01 0.63 0.81 NA 0.4656268
TCGA-28-5204-01 0.73 0.82 0.851916994019 0.8091888
TCGA-16-1045-01 0.34 0.36 0.622175197762 0.6015963
TCGA-27-1833-01 0.79 0.86 NA 0.798304
TCGA-76-4935-01 0.68 0.83 NA 0.8288797
TCGA-14-1455-01 0.62 0.81 NA 0.8653307
TCGA-19-1387-01 0.75 0.74 NA NA
TCGA-28-5207-01 0.67 0.73 0.813532574493 0.7396081
TCGA-06-2557-01 0.67 0.39 0.681671727357 0.6855915
TCGA-19-4065-01 0.46 0.38 0.67728469807 0.9482771
TCGA-26-5134-01 0.9 0.67 0.881488617638 0.8540732
TCGA-06-1084-01 0.33 0.5 NA 0.5730491
TCGA-19-5954-01 0.65 0.6 NA 0.7543176
TCGA-06-0171-01 0.45 0.59 NA 0.5819989
TCGA-19-2619-01 0.83 0.72 0.885500613747 0.7694806
TCGA-06-0130-01 0.31 0.3 0.453474461963 0.3718268
TCGA-26-6174-01 0.29 0.3 NA 0.4609393
TCGA-12-1089-01 0.63 0.73 NA NA
TCGA-14-0736-01 0.55 0.54 NA 0.6301022
TCGA-28-5219-01 0.58 0.72 NA 0.6816619
TCGA-19-5960-01 0.86 0.83 0.961875561752 0.8566906
TCGA-15-1444-01 0.44 0.54 0.778655359981 0.4476903
TCGA-27-2523-01 0.77 0.84 0.908120814043 0.894493
TCGA-06-A6S0-01 0.64 NA NA 0.8070336
TCGA-28-2513-01 0.21 0.2 0.643461293439 0.3478354
TCGA-41-4097-01 0.33 0.6 0.715277037396 0.4710136
TCGA-19-2624-01 0.6 0.84 0.961284146288 0.8554969
TCGA-32-1979-01 0.6 0.42 NA 0.6343325
TCGA-06-0644-01 0.47 0.46 0.663893833667 NA
TCGA-06-6389-01 0.55 0.62 NA 0.7733882
TCGA-32-5222-01 0.7 0.67 0.7561175843 0.7270627
TCGA-26-6173-01 0.4 0.54 NA 0.534714
TCGA-06-0154-01 0.55 0.68 NA 0.63668
TCGA-14-1829-01 0.49 0.52 0.708920513402 0.62783
TCGA-12-0615-01 0.73 0.8 NA 0.817899
TCGA-14-0740-01 0.88 0.78 NA NA
TCGA-16-0849-01 0.47 0.81 NA 0.8098399
TCGA-76-4934-01 0.71 0.66 NA 0.8317107
TCGA-06-5414-01 0.52 0.49 0.766408790537 0.6752261
TCGA-06-A7TL-01 0.84 NA NA 0.6753563
TCGA-14-0812-01 0.52 0.46 NA 0.6948423
TCGA-16-0848-01 0.68 0.56 NA NA
TCGA-27-1830-01 0.63 0.61 0.748512263687 NA
TCGA-06-0195-01 0.64 0.62 NA NA
TCGA-15-1446-01 0.28 0.63 NA 0.7087441
TCGA-06-0744-01 0.81 0.82 0.87666093658 0.8441659
TCGA-06-0125-02 0.46 0.59 0.794855874324 NA
TCGA-28-2501-01 0.3 0.34 NA 0.2740862
TCGA-06-0745-01 0.9 0.75 0.77912683658 NA
TCGA-12-0773-01 0.47 0.8 NA 0.7843708
TCGA-32-1980-01 0.24 0.31 0.694997372154 0.1342175
TCGA-32-1977-01 0.32 0.5 NA 0.4176532
TCGA-06-0749-01 0.72 0.57 0.779951965434 NA
TCGA-76-6192-01 0.34 0.57 NA 0.4977291
TCGA-28-5215-01 0.52 0.77 0.738770240495 0.6850606
TCGA-06-0743-01 0.6 0.78 0.830422172798 0.7679122
TCGA-06-0241-01 0.86 0.81 NA 0.8575091
TCGA-76-4932-01 NA 0.78 0.871319923774 NA
TCGA-28-1746-01 0.8 0.78 NA 0.760203
TCGA-06-2564-01 0.43 0.68 0.798860788486 0.70938
TCGA-12-0821-01 0.67 0.83 0.889174222997 0.9179592
TCGA-06-1805-01 0.66 0.64 NA NA
TCGA-06-6388-01 0.73 0.71 NA 0.721845
TCGA-06-0141-01 0.2 0.45 0.627897880347 0.1269811
TCGA-14-1456-01 0.62 0.59 NA NA
TCGA-12-3646-01 0.92 0.75 NA 0.9611046
TCGA-32-4209-01 NA 0.62 NA NA
TCGA-06-0122-01 0.52 0.59 NA 0.6767353
TCGA-02-0003-01 0.8 0.8 NA 0.8442938
TCGA-32-1991-01 0.39 0.65 NA 0.8114206
TCGA-06-0137-01 0.44 0.83 NA 0.8160912
TCGA-06-0142-01 0.52 0.3 NA NA
TCGA-19-4068-01 NA 0.79 NA NA
TCGA-32-2616-01 NA 0.72 0.843403040172 0.7204554
TCGA-19-2629-01 0.52 0.56 0.795100941551 0.7057249
TCGA-26-1442-01 0.6 0.53 0.89938072712 0.7340527
TCGA-06-0221-02 0.71 0.75 0.944439775315 NA
TCGA-06-6390-01 0.57 0.63 NA 0.5288872
TCGA-19-1390-01 0.72 0.68 0.938131539945 0.9092555
TCGA-06-0190-02 0.23 0.49 0.520587484171 NA
TCGA-76-4931-01 0.83 0.86 0.923027888857 0.843115
TCGA-12-1597-01 NA 0.69 0.855268180582 NA
TCGA-19-5958-01 0.66 0.68 NA 0.7133077
TCGA-12-0657-01 0.63 0.78 NA 0.8763151
TCGA-06-0875-01 0.5 0.66 NA 0.7703541
TCGA-06-0939-01 0.83 0.58 NA 0.5772227
TCGA-06-2563-01 0.37 0.78 0.847382791657 0.7595708
TCGA-06-0166-01 0.34 0.46 NA 0.5021228
TCGA-12-0616-01 0.67 0.71 0.832482824848 0.7348086
TCGA-06-0185-01 0.58 0.78 NA 0.763813
TCGA-26-5133-01 0.84 0.83 0.924198337092 0.9007157
TCGA-27-2524-01 0.81 0.72 0.775989927583 0.6914625
TCGA-76-6657-01 0.59 0.58 NA 0.694397
TCGA-19-0957-02 0.35 0.54 0.802304335552 NA
TCGA-14-1453-01 0.67 0.78 NA 0.8736202
TCGA-06-0192-01 0.57 0.55 NA 0.5828714
TCGA-41-6646-01 0.46 0.64 NA 0.7011843
TCGA-06-0140-01 0.41 0.34 NA 0.4238818
TCGA-RR-A6KA-01 0.38 NA NA 0.5407652
TCGA-06-0189-01 0.22 0.23 NA 0.1531495
TCGA-14-1043-01 0.32 0.53 NA 0.4637405
TCGA-76-6191-01 NA 0.76 NA 0.8319417
TCGA-27-2528-01 0.67 0.72 0.888072965803 0.6741644
TCGA-06-1802-01 0.78 0.68 NA NA
TCGA-06-2567-01 0.47 0.73 0.755072928391 0.7266382
TCGA-06-0158-01 0.49 0.72 0.807115061217 0.768657
TCGA-06-0132-01 0.37 0.31 0.622678503947 0.181025
TCGA-41-5651-01 0.86 0.82 0.940124962826 0.7711869
TCGA-32-4210-01 0.91 NA NA 0.831792
TCGA-12-3650-01 0.75 0.8 0.869571382344 0.8218156
TCGA-06-6698-01 0.6 0.67 NA NA
TCGA-28-5211-01 0.31 0.3 NA 0.3505007
TCGA-76-4929-01 0.74 NA 0.855776883282 0.7897357
TCGA-19-5953-01 0.33 0.53 NA 0.498297
TCGA-06-0211-02 0.38 0.44 0.699461280469 NA
TCGA-76-6283-01 0.75 0.77 NA 0.8205533
TCGA-28-2514-01 0.5 0.79 0.888200323203 0.8175351
TCGA-14-1825-01 0.89 0.82 0.917296164637 0.9110805
TCGA-19-5959-01 0.76 0.8 NA 0.8323905
TCGA-06-5411-01 0.53 0.6 0.825545571939 0.5377217
TCGA-06-6701-01 0.63 0.74 NA 0.7973874
TCGA-12-1600-01 0.86 0.84 NA 0.8860965
TCGA-RR-A6KC-01 0.51 NA NA 0.7345184
TCGA-32-2491-01 0.48 0.5 NA 0.5324566
TCGA-06-0876-01 0.57 0.74 NA 0.7641011
TCGA-28-2510-01 0.34 0.35 0.855064589403 0.3365914
TCGA-06-0187-01 0.66 0.82 0.799229299355 0.7821463
TCGA-16-0850-01 0.63 0.82 NA NA
TCGA-16-0861-01 0.78 0.76 NA 0.7624579
TCGA-27-2526-01 0.81 0.77 0.815035483896 0.7658329
TCGA-4W-AA9S-01 0.62 NA NA 0.7226637
TCGA-41-2573-01 0.8 0.58 NA NA
TCGA-28-5209-01 0.77 0.76 0.890515503976 0.8691457
TCGA-81-5911-01 0.72 0.73 NA 0.6937459
TCGA-12-1598-01 0.74 0.85 NA 0.7925163
TCGA-06-A5U0-01 0.79 NA NA 0.8931454
TCGA-19-1787-01 0.92 0.53 0.808886246935 NA
TCGA-06-0165-01 0.32 0.74 NA NA
TCGA-74-6573-01 0.6 0.72 NA 0.7561041
TCGA-06-5418-01 0.71 0.76 0.789562528084 0.6998574
TCGA-76-6282-01 0.4 0.57 NA 0.5559794
TCGA-28-5220-01 NA 0.82 0.822349087233 0.8183312
TCGA-06-2558-01 0.68 0.75 0.816551622435 NA
TCGA-32-4211-01 0.6 0.59 NA 0.5747173
TCGA-06-1806-01 0.25 0.32 NA 0.4698841
TCGA-12-0692-01 0.53 0.78 NA NA
TCGA-26-5139-01 0.33 0.75 0.819393127714 0.7363544
TCGA-19-5952-01 0.44 0.44 NA 0.6394485
TCGA-06-0184-01 0.77 0.53 0.685297878898 0.5151123
TCGA-06-0169-01 0.71 0.52 NA 0.498523
TCGA-74-6581-01 0.72 0.82 NA 0.8567161
TCGA-06-6700-01 0.29 0.51 NA 0.3584952
TCGA-87-5896-01 0.7 0.77 NA 0.7610829
TCGA-06-1801-01 0.62 0.52 NA NA
TCGA-19-1791-01 0.88 0.86 NA 0.89495
TCGA-28-6450-01 0.57 0.72 NA 0.682214
TCGA-26-1799-01 0.74 0.78 NA 0.6293372
TCGA-28-5216-01 0.66 0.84 0.813704977252 NA
TCGA-19-A6J5-01 0.92 NA NA NA
TCGA-06-0219-01 0.41 0.62 0.799567458453 0.6047557
TCGA-12-1599-01 0.37 0.68 NA 0.6520265
TCGA-06-5410-01 0.2 NA 0.494810059637 0.11234631
TCGA-06-0173-01 0.45 0.87 NA 0.7596404
TCGA-32-2634-01 0.74 0.83 0.90685231112 0.9057322
TCGA-74-6584-01 0.59 0.66 NA 0.610646
TCGA-12-5295-01 0.77 0.68 0.76721042615 0.713136
TCGA-27-2518-01 0.48 0.64 NA 0.5761648
TCGA-74-6578-01 0.51 0.68 NA 0.7087815
TCGA-12-0818-01 0.45 0.68 NA 0.9119145
TCGA-26-5135-01 0.93 0.77 0.788662461618 0.7611453
TCGA-08-0386-01 0.65 NA 0.90598636401 NA
TCGA-28-5213-01 0.31 0.51 0.57438911959 0.4480411
TCGA-06-A6S1-01 0.43 NA NA 0.5681395
TCGA-27-2521-01 0.75 0.83 0.924056897379 0.8580503
TCGA-06-2569-01 0.7 0.75 0.918652640795 NA
TCGA-02-2466-01 0.78 0.86 NA 0.8396133
TCGA-06-0881-01 0.22 NA NA 0.5031567
TCGA-06-6695-01 0.78 0.76 NA 0.8051689
TCGA-28-2502-01 0.35 0.48 NA 0.443907
TCGA-19-2623-01 0.94 0.67 NA 0.6522395
TCGA-14-1034-01 0.64 0.54 0.760572459848 0.6327648
TCGA-76-4926-01 0.78 0.76 0.886907122725 0.7466454
TCGA-12-5301-01 0.7 0.82 NA 0.8311907
TCGA-06-0128-01 0.4 0.73 NA 0.891887
TCGA-06-5408-01 0.74 0.75 0.867924365049 0.8392514
TCGA-76-6280-01 0.6 0.76 NA 0.7301345
TCGA-28-1750-01 0.54 0.53 NA 0.9421138
TCGA-28-1753-01 0.57 0.59 0.66882060845 NA
TCGA-12-0822-01 0.26 0.47 NA 0.408927
TCGA-12-3648-01 0.89 0.87 NA 0.9084207
TCGA-27-1836-01 0.44 0.66 NA NA
TCGA-19-A6J4-01 0.45 NA NA 0.4991088
TCGA-19-1389-01 0.63 0.36 NA NA
TCGA-06-1804-01 0.86 0.78 0.869514279447 0.7698387
TCGA-19-5955-01 0.22 0.24 NA 0.3529238
TCGA-28-1747-01 0.33 0.73 0.792823466285 0.7116648
TCGA-02-0033-01 0.53 0.26 NA 0.3432205
TCGA-06-0152-02 0.53 0.7 0.721336185 NA
TCGA-27-2519-01 0.65 0.69 0.709887602093 0.6720773
TCGA-12-1092-01 0.35 0.6 NA 0.4826009
TCGA-12-0778-01 0.43 0.61 NA NA
TCGA-16-0846-01 0.5 0.51 0.769343340713 0.865349
TCGA-12-0707-01 0.67 0.77 NA 0.7821974
TCGA-19-1386-01 0.43 0.81 NA NA
TCGA-06-0649-01 0.38 0.59 0.684615377543 0.6160118
TCGA-41-3393-01 0.3 0.64 NA 0.5128256
TCGA-06-0171-02 0.31 0.23 0.410684381967 NA
TCGA-76-6663-01 0.37 0.37 NA 0.5636424
TCGA-02-2486-01 0.52 0.65 NA 0.6697653
TCGA-12-0618-01 0.84 0.84 0.933248526052 0.9530549
TCGA-16-1460-01 0.43 0.66 NA 0.9791291
TCGA-76-4927-01 NA NA 0.755649340931 NA
TCGA-06-5413-01 0.51 0.65 0.7176751564 0.6353146
TCGA-27-1831-01 0.36 0.66 0.721335241417 NA
TCGA-14-0786-01 0.75 0.84 NA 0.8097635
TCGA-14-0789-01 0.24 0.35 0.693365985609 NA
TCGA-32-1970-01 0.74 0.68 0.881536298771 0.7209301
TCGA-28-5218-01 0.88 0.54 0.553242680842 NA
TCGA-12-0688-01 0.36 0.77 NA 0.7686227
TCGA-06-0237-01 0.8 0.8 NA 0.8591485
TCGA-76-6285-01 0.73 0.8 NA 0.762767
TCGA-32-4719-01 0.51 0.63 NA 0.7552064
TCGA-06-0882-01 0.38 0.52 0.733522600679 0.4957074
TCGA-28-1760-01 NA 0.34 NA NA
TCGA-06-0145-01 0.66 0.74 NA 0.7598374
TCGA-06-0750-01 0.31 0.68 0.726516896754 0.6220745
TCGA-06-5417-01 NA NA 0.92222751869 NA
TCGA-14-0866-01 0.62 0.71 NA NA
TCGA-26-A7UX-01 0.79 NA NA 0.9487459
TCGA-19-4065-02 0.32 0.29 0.732620870958 NA
TCGA-06-0747-01 0.75 0.85 0.9254158143 0.8754068
TCGA-19-2625-01 0.83 0.61 0.868585517396 0.5714913
TCGA-06-0645-01 0.55 0.62 0.608035333649 0.6352031
TCGA-06-0188-01 0.57 0.55 NA 0.8725902
TCGA-06-0216-01 0.53 0.83 NA 0.7272317
TCGA-4W-AA9T-01 0.34 NA NA 0.4411127
TCGA-14-0736-02 0.52 0.45 0.65532113751 NA
TCGA-06-1087-01 0.81 0.8 NA 0.1649168
TCGA-06-0155-01 0.71 0.75 NA 0.7554996
TCGA-06-0210-01 0.54 0.3 0.749500971244 0.409379
TCGA-12-0619-01 0.53 0.61 0.740996186617 0.9290372
TCGA-76-4925-01 0.85 0.81 0.923003337032 0.8759372
TCGA-27-1835-01 0.71 0.77 0.931319854282 0.771183
TCGA-14-1458-01 0.41 0.39 NA NA
TCGA-16-1048-01 0.49 0.63 NA 0.5468315
TCGA-28-5214-01 0.31 0.68 NA 0.7438363
TCGA-19-5947-01 0.36 0.56 NA 0.5066186
TCGA-32-2494-01 0.54 0.56 NA 0.5180365
TCGA-02-2485-01 0.73 0.79 0.888965014443 0.8297956
TCGA-28-1757-01 0.45 0.54 NA NA
TCGA-06-5415-01 0.78 0.74 0.893503619872 0.7818233
TCGA-06-0119-01 0.44 NA NA 0.2440502
TCGA-28-1749-01 0.74 0.83 NA 0.8265164
TCGA-14-1395-01 0.86 0.74 NA 0.8976417
TCGA-06-0129-01 0.73 0.67 0.820453947638 0.904195
TCGA-12-3644-01 0.65 0.78 NA NA
TCGA-19-1385-01 0.44 0.26 NA 0.9150799
TCGA-32-4208-01 0.78 0.8 NA 0.7723564
TCGA-27-2527-01 0.46 0.36 NA 0.3329204
TCGA-41-2575-01 0.67 0.77 NA 0.859962
TCGA-06-0126-01 0.62 0.44 NA 0.7611832
TCGA-15-0742-01 0.87 0.86 0.915635264159 0.8906261
TCGA-76-6661-01 0.61 0.77 NA 0.7376908
TCGA-12-0775-01 0.36 0.28 NA 0.8203964
TCGA-14-0865-01 0.68 0.8 NA 0.8848166
TCGA-06-0157-01 0.71 0.75 0.799156595418 0.7865841
TCGA-12-0820-01 0.37 0.81 NA 0.7475001
TCGA-06-0686-01 0.53 0.62 0.857833646488 NA
TCGA-19-2631-01 0.8 0.75 NA 0.7888999
TCGA-06-0125-01 0.73 0.7 0.899980665982 0.8076988
TCGA-12-3652-01 0.82 0.73 0.9092739288 0.8605674
TCGA-06-0167-01 NA 0.68 NA NA
TCGA-12-0691-01 0.75 0.62 NA 0.8978191
TCGA-12-0772-01 NA 0.5 NA NA
TCGA-06-2570-01 0.71 0.8 0.798986817869 0.9035685
TCGA-12-0656-01 0.58 0.63 NA NA
TCGA-06-2561-01 0.85 0.6 0.758772783782 NA
TCGA-02-2470-01 0.42 0.51 NA 0.5731067
TCGA-41-2572-01 0.39 0.76 0.822296447861 0.7799502
TCGA-06-6391-01 0.26 0.34 NA 0.3802394
TCGA-14-1450-01 0.6 0.65 NA 0.5525623
TCGA-12-3653-01 NA 0.81 0.848585021893 0.5876415
TCGA-27-1834-01 0.48 0.56 0.768807079576 NA
TCGA-12-5299-01 0.8 0.67 0.814715714859 0.8715751
TCGA-14-0862-01 0.38 0.47 NA 0.6531328
TCGA-06-0221-01 0.75 0.74 NA 0.7869279
TCGA-06-0178-01 0.46 0.3 0.792048030707 0.7842548
TCGA-32-2495-01 0.61 0.76 NA 0.8350946
TCGA-81-5910-01 0.72 0.79 NA 0.8006342
TCGA-12-3651-01 0.51 0.47 NA NA
TCGA-06-0878-01 0.55 0.71 0.751844361275 NA
TCGA-06-0877-01 0.56 0.73 NA 0.7026783
TCGA-76-6656-01 0.61 0.78 NA 0.8229525
TCGA-06-2559-01 0.87 0.83 0.849079692083 0.7985273
TCGA-27-1837-01 0.51 0.76 0.836160736621 0.7735903
TCGA-06-0151-01 0.45 0.59 NA 0.7333093
TCGA-28-1755-01 0.79 0.83 NA 0.8783675
TCGA-06-5859-01 0.51 0.74 0.780688965388 0.666603
TCGA-06-5856-01 0.56 0.6 0.806730988436 0.8589173
TCGA-41-3915-01 0.52 0.6 0.702613353939 0.6134628
TCGA-06-0210-02 0.48 0.66 0.654445973056 NA
TCGA-26-5132-01 0.72 NA 0.844210104487 0.8168209
TCGA-27-1838-01 0.8 0.76 NA NA
TCGA-19-A60I-01 0.85 NA NA 0.8821384
TCGA-19-1789-01 0.7 0.82 NA 0.781545
TCGA-19-0957-01 0.5 0.68 NA 0.861836
TCGA-06-0238-01 0.3 0.59 0.767272180215 0.7693701
TCGA-19-1786-01 0.61 0.79 NA 0.7937792
TCGA-06-0190-01 0.34 0.36 0.65548313789 0.533351
TCGA-14-0867-01 0.6 0.56 NA NA
TCGA-12-0828-01 0.45 0.73 NA 0.8447549
TCGA-14-0817-01 0.64 0.5 0.686266176388 NA
TCGA-76-4928-01 0.31 0.54 0.772817349031 0.4366155
TCGA-14-1827-01 0.52 0.58 NA 0.6631627
TCGA-06-0124-01 0.44 0.35 NA 0.5758254
TCGA-32-1982-01 0.78 0.36 0.704194989321 0.6108728
TCGA-32-2615-01 0.87 0.8 0.76477566701 0.8209119
TCGA-19-5951-01 0.74 0.79 NA 0.8861617
TCGA-06-6699-01 0.84 0.83 NA 0.8382932
TCGA-06-0211-01 0.56 0.8 0.748980904289 0.8199684
TCGA-76-6193-01 0.26 0.42 NA 0.3440975
TCGA-RR-A6KB-01 0.33 NA NA 0.3453563
TCGA-06-5416-01 0.73 0.5 0.945551311252 0.8812047
TCGA-06-2565-01 0.72 0.84 0.877696215784 0.8780019
